ticker,last_price,bid_price,ask_price,BUY_ANON,SELL_ANON,BUY_GIOT-3,BUY_ZUAI-2,SELL_UEBR-1,SELL_GIOT-4,BUY_WRSW-1,BUY_WRSW-2,BUY_GIOT-4,BUY_UEBR-1,SELL_IESE-1,BUY_LUIS-4,SELL_GIOT-3,SELL_WRSW-2,SELL_WRSW-3,SELL_WRSW-1,BUY_WRSW-3,BUY_IESE-1,SELL_LUIS-4,tick,timestamp,news_news_id,news_period,news_tick,news_ticker,news_headline,news_body
SPNG,24.99,24.99,25.06,2092100.0,1737900.0,0,0,0,0,0,0,0,0,0,0,0,0,0,0,0,0,0,2,2026-02-03 22:27:00.542975,2.0,1.0,1.0,,Aggregate Position Limit,Your CRO has set the aggregate position limit to 12000 shares for this week.
SMMR,24.97,24.97,25.02,1969100.0,2014500.0,0,0,0,0,0,0,0,0,0,0,0,0,0,0,0,0,0,2,2026-02-03 22:27:00.542975,1.0,1.0,1.0,,Welcome to the RITC 2026 Alogithmic Market Making Case - practice server,
ATMN,25.04,24.88,25.04,2016100.0,1555300.0,0,0,0,0,0,0,0,0,0,0,0,0,0,0,0,0,0,2,2026-02-03 22:27:00.542975,,,,,,
WNTR,24.96,24.96,25.0,2185100.0,2165800.0,0,0,0,0,0,0,0,0,0,0,0,0,0,0,0,0,0,2,2026-02-03 22:27:00.542975,,,,,,
SPNG,24.93,24.93,25.06,2108800.0,1935400.0,0,0,0,0,0,0,0,0,0,0,0,0,0,0,0,0,0,3,2026-02-03 22:27:01.584283
SMMR,24.91,25.0,25.02,2106100.0,2014500.0,0,0,0,0,0,0,0,0,0,0,0,0,0,0,0,0,0,3,2026-02-03 22:27:01.584283
ATMN,25.12,24.88,25.12,2016100.0,1556900.0,0,0,0,0,0,0,0,0,0,0,0,0,0,0,0,0,0,3,2026-02-03 22:27:01.584283
WNTR,25.0,24.96,25.0,2167500.0,2175500.0,0,0,0,0,0,0,0,0,0,0,0,0,0,0,0,0,0,3,2026-02-03 22:27:01.584283
SPNG,25.06,24.93,25.06,2086200.0,1935400.0,0,0,0,0,0,0,0,0,0,0,0,0,0,0,0,0,0,4,2026-02-03 22:27:02.625296
SMMR,25.05,25.0,25.05,2106100.0,2018100.0,0,0,0,0,0,0,0,0,0,0,0,0,0,0,0,0,0,4,2026-02-03 22:27:02.625296
ATMN,25.17,24.9,25.12,1988900.0,1561800.0,0,0,0,0,0,0,0,0,0,0,0,0,0,0,0,0,0,4,2026-02-03 22:27:02.625296
WNTR,25.0,24.9,25.0,2173600.0,2138900.0,0,0,0,0,0,0,0,0,0,0,0,0,0,0,0,0,0,4,2026-02-03 22:27:02.625296
SPNG,25.18,24.93,25.18,2090900.0,1722100.0,0,0,0,0,0,0,0,0,0,0,0,0,0,0,0,0,0,5,2026-02-03 22:27:03.662537
SMMR,25.06,24.93,25.03,2068900.0,2025900.0,0,0,0,0,0,0,0,0,0,0,0,0,0,0,0,0,0,5,2026-02-03 22:27:03.662537
ATMN,24.9,24.9,25.17,1988900.0,1451600.0,0,0,0,0,0,0,0,0,0,0,0,0,0,0,0,0,0,5,2026-02-03 22:27:03.662537
WNTR,24.86,24.86,25.08,2185000.0,1913900.0,0,0,0,0,0,0,0,0,0,0,0,0,0,0,0,0,0,5,2026-02-03 22:27:03.662537
SPNG,24.91,24.91,25.06,2066500.0,1716500.0,0,0,0,0,0,0,0,0,0,0,0,0,0,0,0,0,0,6,2026-02-03 22:27:04.699554
SMMR,25.06,25.02,25.03,2103400.0,2027000.0,0,0,0,0,0,0,0,0,0,0,0,0,0,0,0,0,0,6,2026-02-03 22:27:04.699554
ATMN,25.39,24.88,25.39,2008500.0,1469500.0,0,0,0,0,0,0,0,0,0,0,0,0,0,0,0,0,0,6,2026-02-03 22:27:04.699554
WNTR,24.85,24.85,25.01,2181100.0,2043300.0,0,0,0,0,0,0,0,0,0,0,0,0,0,0,0,0,0,6,2026-02-03 22:27:04.699554
SPNG,24.91,24.91,25.06,2057700.0,1716500.0,0,0,0,0,0,0,0,0,0,0,0,0,0,0,0,0,0,7,2026-02-03 22:27:05.744269
SMMR,25.03,24.93,25.03,2094800.0,2005800.0,0,0,0,0,0,0,0,0,0,0,0,0,0,0,0,0,0,7,2026-02-03 22:27:05.744269
ATMN,25.39,24.88,25.11,2008500.0,1934500.0,0,0,0,0,0,0,0,0,0,0,0,0,0,0,0,0,0,7,2026-02-03 22:27:05.744269
WNTR,24.85,24.85,24.97,2163000.0,2151100.0,0,0,0,0,0,0,0,0,0,0,0,0,0,0,0,0,0,7,2026-02-03 22:27:05.744269
SPNG,24.9,24.9,25.06,2062800.0,1810400.0,0,0,0,0,0,0,0,0,0,0,0,0,0,0,0,0,0,8,2026-02-03 22:27:06.777364
SMMR,25.07,24.89,25.07,1865600.0,2023100.0,0,0,0,0,0,0,0,0,0,0,0,0,0,0,0,0,0,8,2026-02-03 22:27:06.777364
ATMN,25.39,24.89,25.07,1984000.0,2146900.0,0,0,0,0,0,0,0,0,0,0,0,0,0,0,0,0,0,8,2026-02-03 22:27:06.777364
WNTR,24.91,24.91,25.0,2180100.0,2133100.0,0,0,0,0,0,0,0,0,0,0,0,0,0,0,0,0,0,8,2026-02-03 22:27:06.777364
SPNG,25.06,25.03,25.06,2063900.0,1913600.0,0,0,0,0,0,0,0,0,0,0,0,0,0,0,0,0,0,9,2026-02-03 22:27:07.808100
SMMR,24.93,24.88,24.93,1753900.0,2010800.0,0,0,0,0,0,0,0,0,0,0,0,0,0,0,0,0,0,9,2026-02-03 22:27:07.808100
ATMN,24.85,24.85,25.03,1989500.0,2162300.0,0,0,0,0,0,0,0,0,0,0,0,0,0,0,0,0,0,9,2026-02-03 22:27:07.808100
WNTR,25.08,24.91,25.08,2180100.0,1913900.0,0,0,0,0,0,0,0,0,0,0,0,0,0,0,0,0,0,9,2026-02-03 22:27:07.808100
SPNG,24.97,24.97,25.1,2081800.0,1830400.0,0,0,0,0,0,0,0,0,0,0,0,0,0,0,0,0,0,10,2026-02-03 22:27:08.873866
SMMR,24.93,25.02,25.07,2095900.0,2022600.0,0,0,0,0,0,0,0,0,0,0,0,0,0,0,0,0,0,10,2026-02-03 22:27:08.873866
ATMN,24.9,24.96,25.03,1989300.0,2162300.0,0,0,0,0,0,0,0,0,0,0,0,0,0,0,0,0,0,10,2026-02-03 22:27:08.873866
WNTR,24.97,24.97,25.08,2158600.0,2117400.0,0,0,0,0,0,0,0,0,0,0,0,0,0,0,0,0,0,10,2026-02-03 22:27:08.873866
SPNG,25.1,24.97,24.99,2081800.0,1942000.0,0,0,0,0,0,0,0,0,0,0,0,0,0,0,0,0,0,11,2026-02-03 22:27:09.432942
SMMR,25.08,25.02,25.08,2095900.0,2034200.0,0,0,0,0,0,0,0,0,0,0,0,0,0,0,0,0,0,11,2026-02-03 22:27:09.432942
ATMN,25.03,24.96,25.03,1989300.0,2162300.0,0,0,0,0,0,0,0,0,0,0,0,0,0,0,0,0,0,11,2026-02-03 22:27:09.432942
WNTR,24.91,24.91,25.08,2169700.0,2117400.0,0,0,0,0,0,0,0,0,0,0,0,0,0,0,0,0,0,11,2026-02-03 22:27:09.432942
SPNG,24.99,25.07,25.1,2065100.0,1955400.0,0,0,0,0,0,0,0,0,0,0,0,0,0,0,0,0,0,12,2026-02-03 22:27:10.482827
SMMR,25.08,25.02,25.08,2095900.0,2054700.0,0,0,0,0,0,0,0,0,0,0,0,0,0,0,0,0,0,12,2026-02-03 22:27:10.482827
ATMN,24.86,24.95,25.0,1995500.0,2156700.0,0,0,0,0,0,0,0,0,0,0,0,0,0,0,0,0,0,12,2026-02-03 22:27:10.482827
WNTR,24.91,25.03,25.04,2164600.0,2121100.0,0,0,0,0,0,0,0,0,0,0,0,0,0,0,0,0,0,12,2026-02-03 22:27:10.482827
SPNG,24.97,24.97,25.1,2081800.0,2052900.0,0,0,0,0,0,0,0,0,0,0,0,0,0,0,0,0,0,13,2026-02-03 22:27:11.556566
SMMR,25.1,25.02,25.1,2126500.0,2048700.0,0,0,0,0,0,0,0,0,0,0,0,0,0,0,0,0,0,13,2026-02-03 22:27:11.556566
ATMN,24.86,24.85,24.86,1989500.0,2178400.0,0,0,0,0,0,0,0,0,0,0,0,0,0,0,0,0,0,13,2026-02-03 22:27:11.556566
WNTR,24.91,24.91,25.04,2153800.0,2143100.0,0,0,0,0,0,0,0,0,0,0,0,0,0,0,0,0,0,13,2026-02-03 22:27:11.556566
SPNG,25.1,24.97,25.1,2052800.0,2020300.0,0,0,0,0,0,0,0,0,0,0,0,0,0,0,0,0,0,14,2026-02-03 22:27:12.611137
SMMR,24.98,24.98,25.11,2104600.0,2036000.0,0,0,0,0,0,0,0,0,0,0,0,0,0,0,0,0,0,14,2026-02-03 22:27:12.611137
ATMN,24.85,24.81,24.82,2002800.0,2160300.0,0,0,0,0,0,0,0,0,0,0,0,0,0,0,0,0,0,14,2026-02-03 22:27:12.611137
WNTR,24.91,24.91,24.99,2153800.0,2133900.0,0,0,0,0,0,0,0,0,0,0,0,0,0,0,0,0,0,14,2026-02-03 22:27:12.611137
SPNG,25.1,24.97,25.1,2061300.0,2011300.0,0,0,0,0,0,0,0,0,0,0,0,0,0,0,0,0,0,15,2026-02-03 22:27:13.640362
SMMR,25.04,25.04,25.11,2108800.0,2029300.0,0,0,0,0,0,0,0,0,0,0,0,0,0,0,0,0,0,15,2026-02-03 22:27:13.640362
ATMN,24.81,24.81,25.15,2002800.0,2132700.0,0,0,0,0,0,0,0,0,0,0,0,0,0,0,0,0,0,15,2026-02-03 22:27:13.640362
WNTR,24.83,24.83,24.99,2157200.0,2143500.0,0,0,0,0,0,0,0,0,0,0,0,0,0,0,0,0,0,15,2026-02-03 22:27:13.640362
SPNG,24.9,24.9,25.1,2035900.0,2011300.0,0,0,0,0,0,0,0,0,0,0,0,0,0,0,0,0,0,16,2026-02-03 22:27:14.670003
SMMR,25.15,24.96,25.15,2129800.0,2044300.0,0,0,0,0,0,0,0,0,0,0,0,0,0,0,0,0,0,16,2026-02-03 22:27:14.670003
ATMN,24.77,24.77,24.99,2017500.0,2148400.0,0,0,0,0,0,0,0,0,0,0,0,0,0,0,0,0,0,16,2026-02-03 22:27:14.670003
WNTR,24.83,24.83,24.92,2175600.0,2118200.0,0,0,0,0,0,0,0,0,0,0,0,0,0,0,0,0,0,16,2026-02-03 22:27:14.670003
SPNG,25.1,25.1,25.2,2070000.0,1976000.0,0,0,0,0,0,0,0,0,0,0,0,0,0,0,0,0,0,17,2026-02-03 22:27:15.697692
SMMR,24.93,24.96,25.01,2097100.0,2047300.0,0,0,0,0,0,0,0,0,0,0,0,0,0,0,0,0,0,17,2026-02-03 22:27:15.697692
ATMN,24.82,24.78,24.82,1993700.0,2146600.0,0,0,0,0,0,0,0,0,0,0,0,0,0,0,0,0,0,17,2026-02-03 22:27:15.697692
WNTR,24.99,24.81,24.99,2194700.0,2114800.0,0,0,0,0,0,0,0,0,0,0,0,0,0,0,0,0,0,17,2026-02-03 22:27:15.697692
SPNG,25.1,24.9,24.98,2070800.0,1992900.0,0,0,0,0,0,0,0,0,0,0,0,0,0,0,0,0,0,18,2026-02-03 22:27:16.728349
SMMR,24.93,24.97,25.01,2138700.0,2047300.0,0,0,0,0,0,0,0,0,0,0,0,0,0,0,0,0,0,18,2026-02-03 22:27:16.728349
ATMN,24.82,24.78,24.82,2003800.0,2146600.0,0,0,0,0,0,0,0,0,0,0,0,0,0,0,0,0,0,18,2026-02-03 22:27:16.728349
WNTR,25.04,24.98,25.03,2186400.0,2127700.0,0,0,0,0,0,0,0,0,0,0,0,0,0,0,0,0,0,18,2026-02-03 22:27:16.728349
SPNG,25.2,25.16,25.2,2058300.0,1983900.0,0,0,0,0,0,0,0,0,0,0,0,0,0,0,0,0,0,19,2026-02-03 22:27:17.757192
SMMR,25.01,25.01,25.05,2126500.0,2049100.0,0,0,0,0,0,0,0,0,0,0,0,0,0,0,0,0,0,19,2026-02-03 22:27:17.757192
ATMN,24.99,25.06,25.15,2026200.0,2139300.0,0,0,0,0,0,0,0,0,0,0,0,0,0,0,0,0,0,19,2026-02-03 22:27:17.757192
WNTR,24.98,24.98,25.03,2178500.0,2126700.0,0,0,0,0,0,0,0,0,0,0,0,0,0,0,0,0,0,19,2026-02-03 22:27:17.757192
SPNG,25.2,25.37,25.4,2081700.0,1989100.0,0,0,0,0,0,0,0,0,0,0,0,0,0,0,0,0,0,20,2026-02-03 22:27:18.785894
SMMR,25.16,24.97,25.16,2138700.0,2044900.0,0,0,0,0,0,0,0,0,0,0,0,0,0,0,0,0,0,20,2026-02-03 22:27:18.785894
ATMN,25.1,25.06,25.1,2026200.0,2138700.0,0,0,0,0,0,0,0,0,0,0,0,0,0,0,0,0,0,20,2026-02-03 22:27:18.785894
WNTR,24.8,24.8,25.03,2194200.0,2088200.0,0,0,0,0,0,0,0,0,0,0,0,0,0,0,0,0,0,20,2026-02-03 22:27:18.785894
SPNG,25.42,24.89,25.42,2095600.0,1993700.0,0,0,0,0,0,0,0,0,0,0,0,0,0,0,0,0,0,21,2026-02-03 22:27:19.820761
SMMR,24.96,25.06,25.16,2104600.0,2044900.0,0,0,0,0,0,0,0,0,0,0,0,0,0,0,0,0,0,21,2026-02-03 22:27:19.820761
ATMN,24.72,24.72,25.1,2024200.0,2122600.0,0,0,0,0,0,0,0,0,0,0,0,0,0,0,0,0,0,21,2026-02-03 22:27:19.820761
WNTR,25.04,24.91,25.04,2184500.0,2079600.0,0,0,0,0,0,0,0,0,0,0,0,0,0,0,0,0,0,21,2026-02-03 22:27:19.820761
SPNG,24.89,24.85,24.88,2115200.0,1991900.0,0,0,0,0,0,0,0,0,0,0,0,0,0,0,0,0,0,22,2026-02-03 22:27:20.851217
SMMR,25.06,24.93,24.95,2063400.0,2056200.0,0,0,0,0,0,0,0,0,0,0,0,0,0,0,0,0,0,22,2026-02-03 22:27:20.851217
ATMN,25.15,24.68,25.15,2020700.0,2116800.0,0,0,0,0,0,0,0,0,0,0,0,0,0,0,0,0,0,22,2026-02-03 22:27:20.851217
WNTR,24.91,24.8,24.85,2194200.0,2120800.0,0,0,0,0,0,0,0,0,0,0,0,0,0,0,0,0,0,22,2026-02-03 22:27:20.851217
SPNG,25.12,25.01,25.12,2116900.0,1981600.0,0,0,0,0,0,0,0,0,0,0,0,0,0,0,0,0,0,23,2026-02-03 22:27:21.930835
SMMR,25.01,24.95,25.01,2080600.0,2063100.0,0,0,0,0,0,0,0,0,0,0,0,0,0,0,0,0,0,23,2026-02-03 22:27:21.930835
ATMN,25.16,24.8,25.16,1995100.0,2084000.0,0,0,0,0,0,0,0,0,0,0,0,0,0,0,0,0,0,23,2026-02-03 22:27:21.930835
WNTR,24.85,24.92,25.04,2139300.0,2079600.0,0,0,0,0,0,0,0,0,0,0,0,0,0,0,0,0,0,23,2026-02-03 22:27:21.930835
SPNG,24.89,24.89,25.12,2094600.0,1981600.0,0,0,0,0,0,0,0,0,0,0,0,0,0,0,0,0,0,24,2026-02-03 22:27:22.970285
SMMR,25.16,25.17,25.18,2093100.0,2018100.0,0,0,0,0,0,0,0,0,0,0,0,0,0,0,0,0,0,24,2026-02-03 22:27:22.970285
ATMN,24.8,24.68,24.69,2017100.0,2104300.0,0,0,0,0,0,0,0,0,0,0,0,0,0,0,0,0,0,24,2026-02-03 22:27:22.970285
WNTR,24.95,24.92,24.95,2139300.0,2116200.0,0,0,0,0,0,0,0,0,0,0,0,0,0,0,0,0,0,24,2026-02-03 22:27:22.970285
SPNG,24.89,24.89,25.42,2094600.0,1999800.0,0,0,0,0,0,0,0,0,0,0,0,0,0,0,0,0,0,25,2026-02-03 22:27:24.002147
SMMR,25.17,24.95,25.16,2107700.0,2061700.0,0,0,0,0,0,0,0,0,0,0,0,0,0,0,0,0,0,25,2026-02-03 22:27:24.002147
ATMN,24.69,24.8,24.9,2004300.0,2093800.0,0,0,0,0,0,0,0,0,0,0,0,0,0,0,0,0,0,25,2026-02-03 22:27:24.002147
WNTR,24.79,24.79,24.95,2175400.0,2116200.0,0,0,0,0,0,0,0,0,0,0,0,0,0,0,0,0,0,25,2026-02-03 22:27:24.002147
SPNG,24.89,24.85,24.87,2091000.0,2014700.0,0,0,0,0,0,0,0,0,0,0,0,0,0,0,0,0,0,26,2026-02-03 22:27:24.548633
SMMR,25.17,25.09,25.1,2080400.0,2084800.0,0,0,0,0,0,0,0,0,0,0,0,0,0,0,0,0,0,26,2026-02-03 22:27:24.548633
ATMN,24.9,24.8,24.9,2008500.0,2093800.0,0,0,0,0,0,0,0,0,0,0,0,0,0,0,0,0,0,26,2026-02-03 22:27:24.548633
WNTR,24.75,24.75,24.95,2199900.0,2121200.0,0,0,0,0,0,0,0,0,0,0,0,0,0,0,0,0,0,26,2026-02-03 22:27:24.548633
SPNG,24.87,25.13,25.17,2095300.0,2023000.0,0,0,0,0,0,0,0,0,0,0,0,0,0,0,0,0,0,27,2026-02-03 22:27:25.626688
SMMR,25.17,25.09,25.1,2080400.0,2083400.0,0,0,0,0,0,0,0,0,0,0,0,0,0,0,0,0,0,27,2026-02-03 22:27:25.626688
ATMN,24.9,25.03,25.15,2031100.0,2084500.0,0,0,0,0,0,0,0,0,0,0,0,0,0,0,0,0,0,27,2026-02-03 22:27:25.626688
WNTR,24.74,24.74,24.91,2180800.0,2124500.0,0,0,0,0,0,0,0,0,0,0,0,0,0,0,0,0,0,27,2026-02-03 22:27:25.626688
SPNG,25.17,25.13,25.17,2095300.0,2056600.0,0,0,0,0,0,0,0,0,0,0,0,0,0,0,0,0,0,28,2026-02-03 22:27:26.671398
SMMR,25.1,25.02,25.1,2150500.0,2083400.0,0,0,0,0,0,0,0,0,0,0,0,0,0,0,0,0,0,28,2026-02-03 22:27:26.671398
ATMN,25.08,24.76,24.92,2015800.0,2093700.0,0,0,0,0,0,0,0,0,0,0,0,0,0,0,0,0,0,28,2026-02-03 22:27:26.671398
WNTR,24.79,24.87,24.91,2211300.0,2118000.0,0,0,0,0,0,0,0,0,0,0,0,0,0,0,0,0,0,28,2026-02-03 22:27:26.671398
SPNG,25.28,25.13,25.28,2117200.0,2021800.0,0,0,0,0,0,0,0,0,0,0,0,0,0,0,0,0,0,29,2026-02-03 22:27:27.717703
SMMR,25.16,25.02,25.16,2150500.0,2051100.0,0,0,0,0,0,0,0,0,0,0,0,0,0,0,0,0,0,29,2026-02-03 22:27:27.717703
ATMN,24.76,24.76,25.15,2015800.0,2084500.0,0,0,0,0,0,0,0,0,0,0,0,0,0,0,0,0,0,29,2026-02-03 22:27:27.717703
WNTR,24.95,24.7,24.95,2163900.0,2084800.0,0,0,0,0,0,0,0,0,0,0,0,0,0,0,0,0,0,29,2026-02-03 22:27:27.717703
SPNG,25.42,25.13,25.42,2117200.0,2016500.0,0,0,0,0,0,0,0,0,0,0,0,0,0,0,0,0,0,30,2026-02-03 22:27:28.760039
SMMR,24.93,24.93,24.99,2119200.0,2068800.0,0,0,0,0,0,0,0,0,0,0,0,0,0,0,0,0,0,30,2026-02-03 22:27:28.760039
ATMN,24.81,24.81,25.15,2040500.0,2084500.0,0,0,0,0,0,0,0,0,0,0,0,0,0,0,0,0,0,30,2026-02-03 22:27:28.760039
WNTR,24.69,24.69,24.95,2138200.0,2084800.0,0,0,0,0,0,0,0,0,0,0,0,0,0,0,0,0,0,30,2026-02-03 22:27:28.760039
SPNG,25.13,25.13,25.42,2117200.0,2037700.0,0,0,0,0,0,0,0,0,0,0,0,0,0,0,0,0,0,31,2026-02-03 22:27:29.803387
SMMR,24.99,25.03,25.12,2122000.0,2061800.0,0,0,0,0,0,0,0,0,0,0,0,0,0,0,0,0,0,31,2026-02-03 22:27:29.803387
ATMN,24.75,24.75,25.15,2007900.0,2084500.0,0,0,0,0,0,0,0,0,0,0,0,0,0,0,0,0,0,31,2026-02-03 22:27:29.803387
WNTR,24.97,24.86,24.88,2129400.0,2080600.0,0,0,0,0,0,0,0,0,0,0,0,0,0,0,0,0,0,31,2026-02-03 22:27:29.803387
SPNG,25.13,25.2,25.27,2144300.0,2053700.0,0,0,0,0,0,0,0,0,0,0,0,0,0,0,0,0,0,32,2026-02-03 22:27:30.839439
SMMR,24.92,24.92,25.12,2100100.0,2061800.0,0,0,0,0,0,0,0,0,0,0,0,0,0,0,0,0,0,32,2026-02-03 22:27:30.839439
ATMN,25.11,25.06,25.11,2034000.0,2089700.0,0,0,0,0,0,0,0,0,0,0,0,0,0,0,0,0,0,32,2026-02-03 22:27:30.839439
WNTR,24.68,24.68,24.88,2119000.0,2080600.0,0,0,0,0,0,0,0,0,0,0,0,0,0,0,0,0,0,32,2026-02-03 22:27:30.839439
SPNG,25.22,25.22,25.27,2173800.0,2053700.0,0,0,0,0,0,0,0,0,0,0,0,0,0,0,0,0,0,33,2026-02-03 22:27:31.888057
SMMR,25.12,24.91,25.12,2112600.0,2073100.0,0,0,0,0,0,0,0,0,0,0,0,0,0,0,0,0,0,33,2026-02-03 22:27:31.888057
ATMN,25.11,25.06,25.11,2034000.0,2104800.0,0,0,0,0,0,0,0,0,0,0,0,0,0,0,0,0,0,33,2026-02-03 22:27:31.888057
WNTR,25.04,24.68,24.94,2154200.0,2110200.0,0,0,0,0,0,0,0,0,0,0,0,0,0,0,0,0,0,33,2026-02-03 22:27:31.888057
SPNG,25.27,25.22,25.27,2169300.0,2055500.0,0,0,0,0,0,0,0,0,0,0,0,0,0,0,0,0,0,34,2026-02-03 22:27:32.931405
SMMR,24.92,25.03,25.12,2097100.0,2073100.0,0,0,0,0,0,0,0,0,0,0,0,0,0,0,0,0,0,34,2026-02-03 22:27:32.931405
ATMN,25.12,24.86,25.12,2068000.0,2112100.0,0,0,0,0,0,0,0,0,0,0,0,0,0,0,0,0,0,34,2026-02-03 22:27:32.931405
WNTR,24.94,24.68,24.94,2154200.0,2110200.0,0,0,0,0,0,0,0,0,0,0,0,0,0,0,0,0,0,34,2026-02-03 22:27:32.931405
SPNG,25.42,25.22,25.42,2169300.0,2036600.0,0,0,0,0,0,0,0,0,0,0,0,0,0,0,0,0,0,35,2026-02-03 22:27:33.973576
SMMR,25.16,25.17,25.18,2104600.0,2043900.0,0,0,0,0,0,0,0,0,0,0,0,0,0,0,0,0,0,35,2026-02-03 22:27:33.973576
ATMN,25.12,25.0,25.12,2047700.0,2105200.0,0,0,0,0,0,0,0,0,0,0,0,0,0,0,0,0,0,35,2026-02-03 22:27:33.973576
WNTR,25.05,24.92,25.05,2192600.0,2082500.0,0,0,0,0,0,0,0,0,0,0,0,0,0,0,0,0,0,35,2026-02-03 22:27:33.973576
SPNG,25.2,25.2,25.42,2164100.0,2028200.0,0,0,0,0,0,0,0,0,0,0,0,0,0,0,0,0,0,36,2026-02-03 22:27:35.026256
SMMR,25.17,25.03,25.12,2133700.0,2049400.0,0,0,0,0,0,0,0,0,0,0,0,0,0,0,0,0,0,36,2026-02-03 22:27:35.026256
ATMN,25.16,24.86,25.16,2068000.0,2118100.0,0,0,0,0,0,0,0,0,0,0,0,0,0,0,0,0,0,36,2026-02-03 22:27:35.026256
WNTR,24.74,24.74,25.07,2181800.0,2084900.0,0,0,0,0,0,0,0,0,0,0,0,0,0,0,0,0,0,36,2026-02-03 22:27:35.026256
SPNG,25.03,25.03,25.42,2147600.0,2032900.0,0,0,0,0,0,0,0,0,0,0,0,0,0,0,0,0,0,37,2026-02-03 22:27:36.072437
SMMR,25.19,24.97,25.19,2118000.0,2029300.0,0,0,0,0,0,0,0,0,0,0,0,0,0,0,0,0,0,37,2026-02-03 22:27:36.072437
ATMN,25.2,24.92,25.2,2039800.0,2137900.0,0,0,0,0,0,0,0,0,0,0,0,0,0,0,0,0,0,37,2026-02-03 22:27:36.072437
WNTR,24.68,24.91,25.07,2148400.0,2063500.0,0,0,0,0,0,0,0,0,0,0,0,0,0,0,0,0,0,37,2026-02-03 22:27:36.072437
SPNG,25.47,24.85,25.41,2145000.0,2040900.0,0,0,0,0,0,0,0,0,0,0,0,0,0,0,0,0,0,38,2026-02-03 22:27:37.118131
SMMR,24.97,24.97,25.13,2136900.0,2036600.0,0,0,0,0,0,0,0,0,0,0,0,0,0,0,0,0,0,38,2026-02-03 22:27:37.118131
ATMN,25.14,25.14,25.2,2061200.0,2136200.0,0,0,0,0,0,0,0,0,0,0,0,0,0,0,0,0,0,38,2026-02-03 22:27:37.118131
WNTR,24.97,24.97,25.07,2127400.0,2063500.0,0,0,0,0,0,0,0,0,0,0,0,0,0,0,0,0,0,38,2026-02-03 22:27:37.118131
SPNG,25.47,25.06,25.41,2129300.0,2057800.0,0,0,0,0,0,0,0,0,0,0,0,0,0,0,0,0,0,39,2026-02-03 22:27:37.674038
SMMR,25.19,25.1,25.19,2147700.0,2029300.0,0,0,0,0,0,0,0,0,0,0,0,0,0,0,0,0,0,39,2026-02-03 22:27:37.674038
ATMN,24.92,24.92,25.2,2039800.0,2136200.0,0,0,0,0,0,0,0,0,0,0,0,0,0,0,0,0,0,39,2026-02-03 22:27:37.674038
WNTR,24.97,24.97,25.04,2127400.0,2084200.0,0,0,0,0,0,0,0,0,0,0,0,0,0,0,0,0,0,39,2026-02-03 22:27:37.674038
SPNG,25.47,25.06,25.07,2129300.0,2085600.0,0,0,0,0,0,0,0,0,0,0,0,0,0,0,0,0,0,40,2026-02-03 22:27:38.724545
SMMR,24.91,24.91,25.19,2100300.0,2029000.0,0,0,0,0,0,0,0,0,0,0,0,0,0,0,0,0,0,40,2026-02-03 22:27:38.724545
ATMN,24.92,24.92,25.2,2011300.0,2136200.0,0,0,0,0,0,0,0,0,0,0,0,0,0,0,0,0,0,40,2026-02-03 22:27:38.724545
WNTR,24.91,24.87,24.88,2148700.0,2072200.0,0,0,0,0,0,0,0,0,0,0,0,0,0,0,0,0,0,40,2026-02-03 22:27:38.724545
SPNG,25.07,25.1,25.28,2122800.0,2068900.0,0,0,0,0,0,0,0,0,0,0,0,0,0,0,0,0,0,41,2026-02-03 22:27:39.763181
SMMR,24.91,24.91,25.09,2100300.0,2018300.0,0,0,0,0,0,0,0,0,0,0,0,0,0,0,0,0,0,41,2026-02-03 22:27:39.763181
ATMN,25.23,24.94,25.23,2016600.0,2135400.0,0,0,0,0,0,0,0,0,0,0,0,0,0,0,0,0,0,41,2026-02-03 22:27:39.763181
WNTR,25.04,24.87,25.04,2153800.0,2084200.0,0,0,0,0,0,0,0,0,0,0,0,0,0,0,0,0,0,41,2026-02-03 22:27:39.763181
SPNG,24.85,24.96,25.28,2097900.0,2068900.0,0,0,0,0,0,0,0,0,0,0,0,0,0,0,0,0,0,42,2026-02-03 22:27:40.790905
SMMR,24.91,24.98,25.09,2105000.0,1998000.0,0,0,0,0,0,0,0,0,0,0,0,0,0,0,0,0,0,42,2026-02-03 22:27:40.790905
ATMN,25.29,25.28,25.29,2009200.0,2135500.0,0,0,0,0,0,0,0,0,0,0,0,0,0,0,0,0,0,42,2026-02-03 22:27:40.790905
WNTR,25.08,25.06,25.08,2109100.0,2095800.0,0,0,0,0,0,0,0,0,0,0,0,0,0,0,0,0,0,42,2026-02-03 22:27:40.790905
SPNG,25.28,24.96,25.18,2097900.0,2077100.0,0,0,0,0,0,0,0,0,0,0,0,0,0,0,0,0,0,43,2026-02-03 22:27:41.825797
SMMR,24.91,24.98,25.0,2112700.0,2022700.0,0,0,0,0,0,0,0,0,0,0,0,0,0,0,0,0,0,43,2026-02-03 22:27:41.825797
ATMN,25.31,25.19,25.22,2005300.0,2129800.0,0,0,0,0,0,0,0,0,0,0,0,0,0,0,0,0,0,43,2026-02-03 22:27:41.825797
WNTR,25.06,24.87,24.88,2131200.0,2099200.0,0,0,0,0,0,0,0,0,0,0,0,0,0,0,0,0,0,43,2026-02-03 22:27:41.825797
SPNG,25.28,25.08,25.18,2106000.0,2056500.0,0,0,0,0,0,0,0,0,0,0,0,0,0,0,0,0,0,44,2026-02-03 22:27:42.853919
SMMR,24.98,24.98,25.0,2091600.0,2022700.0,0,0,0,0,0,0,0,0,0,0,0,0,0,0,0,0,0,44,2026-02-03 22:27:42.853919
ATMN,25.31,24.86,25.31,2040100.0,2151600.0,0,0,0,0,0,0,0,0,0,0,0,0,0,0,0,0,0,44,2026-02-03 22:27:42.853919
WNTR,24.88,24.93,25.08,2114400.0,2095800.0,0,0,0,0,0,0,0,0,0,0,0,0,0,0,0,0,0,44,2026-02-03 22:27:42.853919
SPNG,25.08,24.96,24.99,2098100.0,2058900.0,0,0,0,0,0,0,0,0,0,0,0,0,0,0,0,0,0,45,2026-02-03 22:27:43.881777
SMMR,25.0,24.98,25.0,2083800.0,2019400.0,0,0,0,0,0,0,0,0,0,0,0,0,0,0,0,0,0,45,2026-02-03 22:27:43.881777
ATMN,25.31,25.11,25.31,2038900.0,2151600.0,0,0,0,0,0,0,0,0,0,0,0,0,0,0,0,0,0,45,2026-02-03 22:27:43.881777
WNTR,24.85,24.85,24.89,2151700.0,2114200.0,0,0,0,0,0,0,0,0,0,0,0,0,0,0,0,0,0,45,2026-02-03 22:27:43.881777
SPNG,24.99,24.96,24.99,2116000.0,2058900.0,0,0,0,0,0,0,0,0,0,0,0,0,0,0,0,0,0,46,2026-02-03 22:27:44.907371
SMMR,25.0,25.0,25.04,2101900.0,2019600.0,0,0,0,0,0,0,0,0,0,0,0,0,0,0,0,0,0,46,2026-02-03 22:27:44.907371
ATMN,25.2,25.2,25.21,2074000.0,2134200.0,0,0,0,0,0,0,0,0,0,0,0,0,0,0,0,0,0,46,2026-02-03 22:27:44.907371
WNTR,25.07,24.9,24.97,2134500.0,2127900.0,0,0,0,0,0,0,0,0,0,0,0,0,0,0,0,0,0,46,2026-02-03 22:27:44.907371
SPNG,24.99,25.14,25.18,2139400.0,2056500.0,0,0,0,0,0,0,0,0,0,0,0,0,0,0,0,0,0,47,2026-02-03 22:27:45.939491
SMMR,25.04,25.0,25.04,2101900.0,1983400.0,0,0,0,0,0,0,0,0,0,0,0,0,0,0,0,0,0,47,2026-02-03 22:27:45.939491
ATMN,25.21,25.2,25.21,2074300.0,2134200.0,0,0,0,0,0,0,0,0,0,0,0,0,0,0,0,0,0,47,2026-02-03 22:27:45.939491
WNTR,24.88,24.88,24.97,2129100.0,2108400.0,0,0,0,0,0,0,0,0,0,0,0,0,0,0,0,0,0,47,2026-02-03 22:27:45.939491
SPNG,25.28,24.98,25.28,2138700.0,2065200.0,0,0,0,0,0,0,0,0,0,0,0,0,0,0,0,0,0,48,2026-02-03 22:27:47.016399
SMMR,25.1,25.0,25.1,2101900.0,1963500.0,0,0,0,0,0,0,0,0,0,0,0,0,0,0,0,0,0,48,2026-02-03 22:27:47.016399
ATMN,25.2,25.04,25.14,2077300.0,2152900.0,0,0,0,0,0,0,0,0,0,0,0,0,0,0,0,0,0,48,2026-02-03 22:27:47.016399
WNTR,24.85,24.85,25.08,2115400.0,2106500.0,0,0,0,0,0,0,0,0,0,0,0,0,0,0,0,0,0,48,2026-02-03 22:27:47.016399
SPNG,25.28,24.98,25.28,2141600.0,2065200.0,0,0,0,0,0,0,0,0,0,0,0,0,0,0,0,0,0,49,2026-02-03 22:27:48.053935
SMMR,25.01,24.97,24.98,2103400.0,1978900.0,0,0,0,0,0,0,0,0,0,0,0,0,0,0,0,0,0,49,2026-02-03 22:27:48.053935
ATMN,25.31,25.25,25.26,2084300.0,2147100.0,0,0,0,0,0,0,0,0,0,0,0,0,0,0,0,0,0,49,2026-02-03 22:27:48.053935
WNTR,24.83,24.94,25.08,2107900.0,2106500.0,0,0,0,0,0,0,0,0,0,0,0,0,0,0,0,0,0,49,2026-02-03 22:27:48.053935
SPNG,25.34,24.98,25.13,2147000.0,2073300.0,0,0,0,0,0,0,0,0,0,0,0,0,0,0,0,0,0,50,2026-02-03 22:27:49.084063
SMMR,25.11,24.97,25.05,2103400.0,1962900.0,0,0,0,0,0,0,0,0,0,0,0,0,0,0,0,0,0,50,2026-02-03 22:27:49.084063
ATMN,25.26,25.25,25.26,2116600.0,2173800.0,0,0,0,0,0,0,0,0,0,0,0,0,0,0,0,0,0,50,2026-02-03 22:27:49.084063
WNTR,24.94,25.04,25.08,2084800.0,2107000.0,0,0,0,0,0,0,0,0,0,0,0,0,0,0,0,0,0,50,2026-02-03 22:27:49.084063
SPNG,25.4,25.09,25.21,2143700.0,2051200.0,0,0,0,0,0,0,0,0,0,0,0,0,0,0,0,0,0,51,2026-02-03 22:27:50.115272
SMMR,25.11,24.97,25.05,2097700.0,1984900.0,0,0,0,0,0,0,0,0,0,0,0,0,0,0,0,0,0,51,2026-02-03 22:27:50.115272
ATMN,25.3,25.25,25.3,2109400.0,2142000.0,0,0,0,0,0,0,0,0,0,0,0,0,0,0,0,0,0,51,2026-02-03 22:27:50.115272
WNTR,25.08,24.83,25.08,2110500.0,2107000.0,0,0,0,0,0,0,0,0,0,0,0,0,0,0,0,0,0,51,2026-02-03 22:27:50.115272
SPNG,25.4,24.96,25.4,2163800.0,2041300.0,0,0,0,0,0,0,0,0,0,0,0,0,0,0,0,0,0,52,2026-02-03 22:27:51.149879
SMMR,24.94,24.94,25.0,2089000.0,1971700.0,0,0,0,0,0,0,0,0,0,0,0,0,0,0,0,0,0,52,2026-02-03 22:27:51.149879
ATMN,25.3,25.25,25.3,2155700.0,2142000.0,0,0,0,0,0,0,0,0,0,0,0,0,0,0,0,0,0,52,2026-02-03 22:27:51.149879
WNTR,24.83,24.82,24.83,2127500.0,2083200.0,0,0,0,0,0,0,0,0,0,0,0,0,0,0,0,0,0,52,2026-02-03 22:27:51.149879
SPNG,24.96,24.96,25.4,2194700.0,2041300.0,0,0,0,0,0,0,0,0,0,0,0,0,0,0,0,0,0,53,2026-02-03 22:27:51.715798
SMMR,24.91,24.91,25.0,2068700.0,1971700.0,0,0,0,0,0,0,0,0,0,0,0,0,0,0,0,0,0,53,2026-02-03 22:27:51.715798
ATMN,25.3,25.25,25.3,2155700.0,2151000.0,0,0,0,0,0,0,0,0,0,0,0,0,0,0,0,0,0,53,2026-02-03 22:27:51.715798
WNTR,24.83,24.93,25.08,2083200.0,2107000.0,0,0,0,0,0,0,0,0,0,0,0,0,0,0,0,0,0,53,2026-02-03 22:27:51.715798
SPNG,24.96,24.96,25.4,2157400.0,2041300.0,0,0,0,0,0,0,0,0,0,0,0,0,0,0,0,0,0,54,2026-02-03 22:27:52.817381
SMMR,24.89,24.95,25.0,2085100.0,1979500.0,0,0,0,0,0,0,0,0,0,0,0,0,0,0,0,0,0,54,2026-02-03 22:27:52.817381
ATMN,25.3,25.3,25.31,2158200.0,2145900.0,0,0,0,0,0,0,0,0,0,0,0,0,0,0,0,0,0,54,2026-02-03 22:27:52.817381
WNTR,24.82,24.82,24.86,2104700.0,2090400.0,0,0,0,0,0,0,0,0,0,0,0,0,0,0,0,0,0,54,2026-02-03 22:27:52.817381
SPNG,25.16,24.96,25.16,2157400.0,2055000.0,0,0,0,0,0,0,0,0,0,0,0,0,0,0,0,0,0,55,2026-02-03 22:27:53.851425
SMMR,25.0,25.01,25.03,2119100.0,1956800.0,0,0,0,0,0,0,0,0,0,0,0,0,0,0,0,0,0,55,2026-02-03 22:27:53.851425
ATMN,25.34,25.3,25.34,2143400.0,2138100.0,0,0,0,0,0,0,0,0,0,0,0,0,0,0,0,0,0,55,2026-02-03 22:27:53.851425
WNTR,25.08,24.82,25.08,2104700.0,2107700.0,0,0,0,0,0,0,0,0,0,0,0,0,0,0,0,0,0,55,2026-02-03 22:27:53.851425
SPNG,25.41,24.96,25.41,2157400.0,2057800.0,0,0,0,0,0,0,0,0,0,0,0,0,0,0,0,0,0,56,2026-02-03 22:27:54.891914
SMMR,25.01,25.01,25.05,2119100.0,1968500.0,0,0,0,0,0,0,0,0,0,0,0,0,0,0,0,0,0,56,2026-02-03 22:27:54.891914
ATMN,25.36,25.3,25.36,2123600.0,2113300.0,0,0,0,0,0,0,0,0,0,0,0,0,0,0,0,0,0,56,2026-02-03 22:27:54.891914
WNTR,25.08,25.11,25.13,2084500.0,2123400.0,0,0,0,0,0,0,0,0,0,0,0,0,0,0,0,0,0,56,2026-02-03 22:27:54.891914
SPNG,25.41,24.96,25.07,2117600.0,2071900.0,0,0,0,0,0,0,0,0,0,0,0,0,0,0,0,0,0,57,2026-02-03 22:27:55.926434
SMMR,24.95,24.89,24.95,2104100.0,1971600.0,0,0,0,0,0,0,0,0,0,0,0,0,0,0,0,0,0,57,2026-02-03 22:27:55.926434
ATMN,25.36,25.25,25.36,2131700.0,2113300.0,0,0,0,0,0,0,0,0,0,0,0,0,0,0,0,0,0,57,2026-02-03 22:27:55.926434
WNTR,25.11,24.94,24.96,2071400.0,2108900.0,0,0,0,0,0,0,0,0,0,0,0,0,0,0,0,0,0,57,2026-02-03 22:27:55.926434
SPNG,24.96,24.96,25.41,2117600.0,2057800.0,0,0,0,0,0,0,0,0,0,0,0,0,0,0,0,0,0,58,2026-02-03 22:27:56.970126
SMMR,24.95,24.91,24.95,2091000.0,1982600.0,0,0,0,0,0,0,0,0,0,0,0,0,0,0,0,0,0,58,2026-02-03 22:27:56.970126
ATMN,25.37,25.32,25.37,2108900.0,2077900.0,0,0,0,0,0,0,0,0,0,0,0,0,0,0,0,0,0,58,2026-02-03 22:27:56.970126
WNTR,24.94,24.94,24.96,2073700.0,2108900.0,0,0,0,0,0,0,0,0,0,0,0,0,0,0,0,0,0,58,2026-02-03 22:27:56.970126
SPNG,24.96,24.97,25.41,2108800.0,2057800.0,0,0,0,0,0,0,0,0,0,0,0,0,0,0,0,0,0,59,2026-02-03 22:27:58.021733
SMMR,25.04,24.91,25.03,2065700.0,1965900.0,0,0,0,0,0,0,0,0,0,0,0,0,0,0,0,0,0,59,2026-02-03 22:27:58.021733
ATMN,25.25,25.25,25.37,2104100.0,2095600.0,0,0,0,0,0,0,0,0,0,0,0,0,0,0,0,0,0,59,2026-02-03 22:27:58.021733
WNTR,24.94,24.94,24.96,2055200.0,2094000.0,0,0,0,0,0,0,0,0,0,0,0,0,0,0,0,0,0,59,2026-02-03 22:27:58.021733
SPNG,24.96,24.99,25.67,929900.0,794400.0,0,0,0,0,0,0,0,0,0,0,0,0,0,0,0,0,0,60,2026-02-03 22:27:59.063923
SMMR,26.03,26.03,26.47,762100.0,543000.0,0,0,0,0,0,0,0,0,0,0,0,0,0,0,0,0,0,60,2026-02-03 22:27:59.063923
ATMN,25.39,25.83,26.27,828600.0,754800.0,0,0,0,0,0,0,0,0,0,0,0,0,0,0,0,0,0,60,2026-02-03 22:27:59.063923
WNTR,24.85,25.45,0.0,200000.0,,0,0,0,0,0,0,0,0,0,0,0,0,0,0,0,0,0,60,2026-02-03 22:27:59.063923
SPNG,24.99,24.99,25.67,929900.0,969400.0,0,0,0,0,0,0,0,0,0,0,0,0,0,0,0,0,0,61,2026-02-03 22:28:00.101091
SMMR,26.03,26.03,26.27,849900.0,933200.0,0,0,0,0,0,0,0,0,0,0,0,0,0,0,0,0,0,61,2026-02-03 22:28:00.101091
ATMN,25.94,25.83,25.94,925100.0,873200.0,0,0,0,0,0,0,0,0,0,0,0,0,0,0,0,0,0,61,2026-02-03 22:28:00.101091
WNTR,25.61,25.16,25.61,915700.0,844700.0,0,0,0,0,0,0,0,0,0,0,0,0,0,0,0,0,0,61,2026-02-03 22:28:00.101091
SPNG,24.63,24.97,25.38,969700.0,1164600.0,0,0,0,0,0,0,0,0,0,0,0,0,0,0,0,0,0,62,2026-02-03 22:28:01.151232
SMMR,26.27,26.03,26.14,934800.0,1013300.0,0,0,0,0,0,0,0,0,0,0,0,0,0,0,0,0,0,62,2026-02-03 22:28:01.151232
ATMN,25.76,25.76,25.87,810000.0,1093100.0,0,0,0,0,0,0,0,0,0,0,0,0,0,0,0,0,0,62,2026-02-03 22:28:01.151232
WNTR,25.97,25.46,25.6,1007900.0,952500.0,0,0,0,0,0,0,0,0,0,0,0,0,0,0,0,0,0,62,2026-02-03 22:28:01.151232
SPNG,25.15,24.97,25.15,969700.0,1281500.0,0,0,0,0,0,0,0,0,0,0,0,0,0,0,0,0,0,63,2026-02-03 22:28:02.212890
SMMR,25.68,25.68,26.08,872700.0,1115700.0,0,0,0,0,0,0,0,0,0,0,0,0,0,0,0,0,0,63,2026-02-03 22:28:02.212890
ATMN,24.86,25.28,25.87,955200.0,1174500.0,0,0,0,0,0,0,0,0,0,0,0,0,0,0,0,0,0,63,2026-02-03 22:28:02.212890
WNTR,25.46,25.16,25.28,1011700.0,1173200.0,0,0,0,0,0,0,0,0,0,0,0,0,0,0,0,0,0,63,2026-02-03 22:28:02.212890
SPNG,25.15,24.97,25.15,969700.0,1508900.0,0,0,0,0,0,0,0,0,0,0,0,0,0,0,0,0,0,64,2026-02-03 22:28:02.770563
SMMR,26.08,26.08,26.14,982000.0,1122500.0,0,0,0,0,0,0,0,0,0,0,0,0,0,0,0,0,0,64,2026-02-03 22:28:02.770563
ATMN,25.93,25.82,25.93,1056800.0,1057600.0,0,0,0,0,0,0,0,0,0,0,0,0,0,0,0,0,0,64,2026-02-03 22:28:02.770563
WNTR,25.57,25.57,25.6,1135500.0,1061900.0,0,0,0,0,0,0,0,0,0,0,0,0,0,0,0,0,0,64,2026-02-03 22:28:02.770563
SPNG,24.97,24.63,24.97,1274800.0,1596600.0,0,0,0,0,0,0,0,0,0,0,0,0,0,0,0,0,0,65,2026-02-03 22:28:03.859458
SMMR,26.2,26.08,26.2,982000.0,1249100.0,0,0,0,0,0,0,0,0,0,0,0,0,0,0,0,0,0,65,2026-02-03 22:28:03.859458
ATMN,26.06,25.82,26.06,1056800.0,1026400.0,0,0,0,0,0,0,0,0,0,0,0,0,0,0,0,0,0,65,2026-02-03 22:28:03.859458
WNTR,25.34,25.16,25.23,1011700.0,1248500.0,0,0,0,0,0,0,0,0,0,0,0,0,0,0,0,0,0,65,2026-02-03 22:28:03.859458
SPNG,25.15,25.17,25.36,1490700.0,1510700.0,0,0,0,0,0,0,0,0,0,0,0,0,0,0,0,0,0,66,2026-02-03 22:28:04.967439
SMMR,25.73,26.05,26.2,1087200.0,1249100.0,0,0,0,0,0,0,0,0,0,0,0,0,0,0,0,0,0,66,2026-02-03 22:28:04.967439
ATMN,26.27,25.94,25.97,1136800.0,1088700.0,0,0,0,0,0,0,0,0,0,0,0,0,0,0,0,0,0,66,2026-02-03 22:28:04.967439
WNTR,25.23,25.29,25.48,1350500.0,1148400.0,0,0,0,0,0,0,0,0,0,0,0,0,0,0,0,0,0,66,2026-02-03 22:28:04.967439
SPNG,24.6,24.8,25.36,1368000.0,1706200.0,0,0,0,0,0,0,0,0,0,0,0,0,0,0,0,0,0,67,2026-02-03 22:28:06.067565
SMMR,26.05,26.05,26.13,1087200.0,1550400.0,0,0,0,0,0,0,0,0,0,0,0,0,0,0,0,0,0,67,2026-02-03 22:28:06.067565
ATMN,26.03,25.82,26.03,1056800.0,1100200.0,0,0,0,0,0,0,0,0,0,0,0,0,0,0,0,0,0,67,2026-02-03 22:28:06.067565
WNTR,25.58,25.29,25.31,1557300.0,1183600.0,0,0,0,0,0,0,0,0,0,0,0,0,0,0,0,0,0,67,2026-02-03 22:28:06.067565
SPNG,24.38,24.63,25.36,1263500.0,1801500.0,0,0,0,0,0,0,0,0,0,0,0,0,0,0,0,0,0,68,2026-02-03 22:28:07.098780
SMMR,26.05,26.05,26.13,1199300.0,1832200.0,0,0,0,0,0,0,0,0,0,0,0,0,0,0,0,0,0,68,2026-02-03 22:28:07.098780
ATMN,26.19,25.82,25.95,1056800.0,1225100.0,0,0,0,0,0,0,0,0,0,0,0,0,0,0,0,0,0,68,2026-02-03 22:28:07.098780
WNTR,25.46,25.54,25.6,1771700.0,1061900.0,0,0,0,0,0,0,0,0,0,0,0,0,0,0,0,0,0,68,2026-02-03 22:28:07.098780
SPNG,24.38,24.38,25.36,1156500.0,1888900.0,0,0,0,0,0,0,0,0,0,0,0,0,0,0,0,0,0,69,2026-02-03 22:28:08.127119
SMMR,26.05,25.95,25.96,1083300.0,1822700.0,0,0,0,0,0,0,0,0,0,0,0,0,0,0,0,0,0,69,2026-02-03 22:28:08.127119
ATMN,25.95,25.82,25.95,1354400.0,1225100.0,0,0,0,0,0,0,0,0,0,0,0,0,0,0,0,0,0,69,2026-02-03 22:28:08.127119
WNTR,25.54,25.43,25.48,1681900.0,1387400.0,0,0,0,0,0,0,0,0,0,0,0,0,0,0,0,0,0,69,2026-02-03 22:28:08.127119
SPNG,24.81,24.9,25.36,1404400.0,1888900.0,0,0,0,0,0,0,0,0,0,0,0,0,0,0,0,0,0,70,2026-02-03 22:28:09.164909
SMMR,26.13,26.05,26.13,1183100.0,1724600.0,0,0,0,0,0,0,0,0,0,0,0,0,0,0,0,0,0,70,2026-02-03 22:28:09.164909
ATMN,25.95,25.82,25.83,1557500.0,1326000.0,0,0,0,0,0,0,0,0,0,0,0,0,0,0,0,0,0,70,2026-02-03 22:28:09.164909
WNTR,25.16,25.16,25.48,1436300.0,1387400.0,0,0,0,0,0,0,0,0,0,0,0,0,0,0,0,0,0,70,2026-02-03 22:28:09.164909
SPNG,24.66,24.66,25.27,1280600.0,2114600.0,0,0,0,0,0,0,0,0,0,0,0,0,0,0,0,0,0,71,2026-02-03 22:28:10.199629
SMMR,25.99,25.99,26.17,1309200.0,1726300.0,0,0,0,0,0,0,0,0,0,0,0,0,0,0,0,0,0,71,2026-02-03 22:28:10.199629
ATMN,26.01,26.01,26.12,1667400.0,1247600.0,0,0,0,0,0,0,0,0,0,0,0,0,0,0,0,0,0,71,2026-02-03 22:28:10.199629
WNTR,25.23,25.16,25.23,1548600.0,1576900.0,0,0,0,0,0,0,0,0,0,0,0,0,0,0,0,0,0,71,2026-02-03 22:28:10.199629
SPNG,25.36,24.66,25.36,1280600.0,2073500.0,0,0,0,0,0,0,0,0,0,0,0,0,0,0,0,0,0,72,2026-02-03 22:28:11.230611
SMMR,26.2,26.21,26.22,1424400.0,1535900.0,0,0,0,0,0,0,0,0,0,0,0,0,0,0,0,0,0,72,2026-02-03 22:28:11.230611
ATMN,25.82,25.82,25.98,1747400.0,1358000.0,0,0,0,0,0,0,0,0,0,0,0,0,0,0,0,0,0,72,2026-02-03 22:28:11.230611
WNTR,25.23,25.33,25.43,1799300.0,1576000.0,0,0,0,0,0,0,0,0,0,0,0,0,0,0,0,0,0,72,2026-02-03 22:28:11.230611
SPNG,25.36,24.79,24.91,1526800.0,2090500.0,0,0,0,0,0,0,0,0,0,0,0,0,0,0,0,0,0,73,2026-02-03 22:28:12.281678
SMMR,26.21,25.99,26.04,1309200.0,1816400.0,0,0,0,0,0,0,0,0,0,0,0,0,0,0,0,0,0,73,2026-02-03 22:28:12.281678
ATMN,25.72,25.72,25.98,1645800.0,1445400.0,0,0,0,0,0,0,0,0,0,0,0,0,0,0,0,0,0,73,2026-02-03 22:28:12.281678
WNTR,25.27,25.27,25.43,1676800.0,1700400.0,0,0,0,0,0,0,0,0,0,0,0,0,0,0,0,0,0,73,2026-02-03 22:28:12.281678
SPNG,25.38,24.79,25.15,1526800.0,2078400.0,0,0,0,0,0,0,0,0,0,0,0,0,0,0,0,0,0,74,2026-02-03 22:28:12.827140
SMMR,25.95,25.95,26.04,1200100.0,1816400.0,0,0,0,0,0,0,0,0,0,0,0,0,0,0,0,0,0,74,2026-02-03 22:28:12.827140
ATMN,25.72,25.74,25.98,1745800.0,1537600.0,0,0,0,0,0,0,0,0,0,0,0,0,0,0,0,0,0,74,2026-02-03 22:28:12.827140
WNTR,25.34,25.37,25.43,1802000.0,1700400.0,0,0,0,0,0,0,0,0,0,0,0,0,0,0,0,0,0,74,2026-02-03 22:28:12.827140
SPNG,25.38,24.84,25.15,1646700.0,2147800.0,0,0,0,0,0,0,0,0,0,0,0,0,0,0,0,0,0,75,2026-02-03 22:28:13.955021
SMMR,25.82,25.82,26.05,989500.0,1811100.0,0,0,0,0,0,0,0,0,0,0,0,0,0,0,0,0,0,75,2026-02-03 22:28:13.955021
ATMN,25.72,25.72,25.98,1848400.0,1537600.0,0,0,0,0,0,0,0,0,0,0,0,0,0,0,0,0,0,75,2026-02-03 22:28:13.955021
WNTR,25.46,25.37,25.46,1921000.0,1720300.0,0,0,0,0,0,0,0,0,0,0,0,0,0,0,0,0,0,75,2026-02-03 22:28:13.955021
SPNG,24.89,24.95,25.15,1868500.0,2147800.0,0,0,0,0,0,0,0,0,0,0,0,0,0,0,0,0,0,76,2026-02-03 22:28:15.027935
SMMR,26.22,25.88,26.22,1173200.0,1726300.0,0,0,0,0,0,0,0,0,0,0,0,0,0,0,0,0,0,76,2026-02-03 22:28:15.027935
ATMN,25.62,25.62,25.98,1445600.0,1537600.0,0,0,0,0,0,0,0,0,0,0,0,0,0,0,0,0,0,76,2026-02-03 22:28:15.027935
WNTR,25.46,25.37,25.38,1921000.0,2061600.0,0,0,0,0,0,0,0,0,0,0,0,0,0,0,0,0,0,76,2026-02-03 22:28:15.027935
SPNG,24.79,24.79,25.15,1755500.0,2147800.0,0,0,0,0,0,0,0,0,0,0,0,0,0,0,0,0,0,77,2026-02-03 22:28:16.067473
SMMR,26.24,26.19,26.24,1386000.0,1645300.0,0,0,0,0,0,0,0,0,0,0,0,0,0,0,0,0,0,77,2026-02-03 22:28:16.067473
ATMN,25.96,25.8,25.92,1558100.0,1650000.0,0,0,0,0,0,0,0,0,0,0,0,0,0,0,0,0,0,77,2026-02-03 22:28:16.067473
WNTR,25.38,25.27,25.38,1901700.0,2186600.0,0,0,0,0,0,0,0,0,0,0,0,0,0,0,0,0,0,77,2026-02-03 22:28:16.067473
SPNG,24.79,24.66,24.78,1633500.0,2203800.0,0,0,0,0,0,0,0,0,0,0,0,0,0,0,0,0,0,78,2026-02-03 22:28:17.104460
SMMR,26.24,25.88,26.06,1304600.0,1710700.0,0,0,0,0,0,0,0,0,0,0,0,0,0,0,0,0,0,78,2026-02-03 22:28:17.104460
ATMN,25.8,25.8,26.12,1558100.0,1637600.0,0,0,0,0,0,0,0,0,0,0,0,0,0,0,0,0,0,78,2026-02-03 22:28:17.104460
WNTR,25.22,25.22,25.38,1667600.0,2192400.0,0,0,0,0,0,0,0,0,0,0,0,0,0,0,0,0,0,78,2026-02-03 22:28:17.104460
SPNG,24.79,24.77,24.78,1939800.0,2203800.0,0,0,0,0,0,0,0,0,0,0,0,0,0,0,0,0,0,79,2026-02-03 22:28:18.142731
SMMR,26.24,26.04,26.06,1588100.0,1710700.0,0,0,0,0,0,0,0,0,0,0,0,0,0,0,0,0,0,79,2026-02-03 22:28:18.142731
ATMN,25.86,25.97,26.12,1753100.0,1637600.0,0,0,0,0,0,0,0,0,0,0,0,0,0,0,0,0,0,79,2026-02-03 22:28:18.142731
WNTR,25.46,25.47,25.48,1879400.0,2141800.0,0,0,0,0,0,0,0,0,0,0,0,0,0,0,0,0,0,79,2026-02-03 22:28:18.142731
SPNG,25.15,24.77,25.15,2174600.0,2165000.0,0,0,0,0,0,0,0,0,0,0,0,0,0,0,0,0,0,80,2026-02-03 22:28:19.198050
SMMR,26.24,26.04,26.06,2065700.0,1710700.0,0,0,0,0,0,0,0,0,0,0,0,0,0,0,0,0,0,80,2026-02-03 22:28:19.198050
ATMN,26.12,25.8,25.92,1658900.0,1744300.0,0,0,0,0,0,0,0,0,0,0,0,0,0,0,0,0,0,80,2026-02-03 22:28:19.198050
WNTR,25.16,25.14,25.16,1435900.0,2157600.0,0,0,0,0,0,0,0,0,0,0,0,0,0,0,0,0,0,80,2026-02-03 22:28:19.198050
SPNG,24.69,24.69,24.92,2179000.0,2194900.0,0,0,0,0,0,0,0,0,0,0,0,0,0,0,0,0,0,81,2026-02-03 22:28:20.234939
SMMR,26.21,26.04,26.15,2046200.0,1838000.0,0,0,0,0,0,0,0,0,0,0,0,0,0,0,0,0,0,81,2026-02-03 22:28:20.234939
ATMN,25.92,25.93,25.94,1873700.0,1806100.0,0,0,0,0,0,0,0,0,0,0,0,0,0,0,0,0,0,81,2026-02-03 22:28:20.234939
WNTR,25.16,25.14,25.16,1681200.0,2173600.0,0,0,0,0,0,0,0,0,0,0,0,0,0,0,0,0,0,81,2026-02-03 22:28:20.234939
SPNG,24.69,24.69,24.92,2343600.0,2194900.0,0,0,0,0,0,0,0,0,0,0,0,0,0,0,0,0,0,82,2026-02-03 22:28:21.266638
SMMR,25.97,25.97,26.04,2084500.0,1957600.0,0,0,0,0,0,0,0,0,0,0,0,0,0,0,0,0,0,82,2026-02-03 22:28:21.266638
ATMN,25.93,25.93,25.94,1958500.0,1891800.0,0,0,0,0,0,0,0,0,0,0,0,0,0,0,0,0,0,82,2026-02-03 22:28:21.266638
WNTR,25.21,25.23,25.29,1804500.0,2169000.0,0,0,0,0,0,0,0,0,0,0,0,0,0,0,0,0,0,82,2026-02-03 22:28:21.266638
SPNG,24.69,24.85,24.92,2305600.0,2214700.0,0,0,0,0,0,0,0,0,0,0,0,0,0,0,0,0,0,83,2026-02-03 22:28:22.314022
SMMR,26.04,26.07,26.15,2093700.0,1967300.0,0,0,0,0,0,0,0,0,0,0,0,0,0,0,0,0,0,83,2026-02-03 22:28:22.314022
ATMN,25.8,25.8,25.94,1897800.0,1910600.0,0,0,0,0,0,0,0,0,0,0,0,0,0,0,0,0,0,83,2026-02-03 22:28:22.314022
WNTR,25.34,25.23,25.34,1804500.0,2156000.0,0,0,0,0,0,0,0,0,0,0,0,0,0,0,0,0,0,83,2026-02-03 22:28:22.314022
SPNG,24.85,24.85,24.92,2220500.0,2214700.0,0,0,0,0,0,0,0,0,0,0,0,0,0,0,0,0,0,84,2026-02-03 22:28:23.355748
SMMR,26.0,26.0,26.11,2093100.0,2004200.0,0,0,0,0,0,0,0,0,0,0,0,0,0,0,0,0,0,84,2026-02-03 22:28:23.355748
ATMN,26.05,25.8,26.05,1897800.0,1886300.0,0,0,0,0,0,0,0,0,0,0,0,0,0,0,0,0,0,84,2026-02-03 22:28:23.355748
WNTR,25.34,25.23,25.3,2028600.0,2182900.0,0,0,0,0,0,0,0,0,0,0,0,0,0,0,0,0,0,84,2026-02-03 22:28:23.355748
SPNG,25.03,24.83,25.03,2244100.0,2192500.0,0,0,0,0,0,0,0,0,0,0,0,0,0,0,0,0,0,85,2026-02-03 22:28:23.904171
SMMR,26.0,26.0,26.11,2071400.0,1997000.0,0,0,0,0,0,0,0,0,0,0,0,0,0,0,0,0,0,85,2026-02-03 22:28:23.904171
ATMN,26.05,25.8,25.87,2001900.0,1895700.0,0,0,0,0,0,0,0,0,0,0,0,0,0,0,0,0,0,85,2026-02-03 22:28:23.904171
WNTR,25.48,25.23,25.48,2028600.0,2141800.0,0,0,0,0,0,0,0,0,0,0,0,0,0,0,0,0,0,85,2026-02-03 22:28:23.904171
SPNG,25.07,24.74,24.91,2281100.0,2194900.0,0,0,0,0,0,0,0,0,0,0,0,0,0,0,0,0,0,86,2026-02-03 22:28:24.966446
SMMR,25.96,25.96,26.11,2098700.0,2010900.0,0,0,0,0,0,0,0,0,0,0,0,0,0,0,0,0,0,86,2026-02-03 22:28:24.966446
ATMN,25.87,25.8,25.87,1985300.0,1895700.0,0,0,0,0,0,0,0,0,0,0,0,0,0,0,0,0,0,86,2026-02-03 22:28:24.966446
WNTR,25.48,25.33,25.48,2233600.0,2141800.0,0,0,0,0,0,0,0,0,0,0,0,0,0,0,0,0,0,86,2026-02-03 22:28:24.966446
SPNG,24.91,24.98,25.13,2238500.0,2184500.0,0,0,0,0,0,0,0,0,0,0,0,0,0,0,0,0,0,87,2026-02-03 22:28:26.036806
SMMR,25.93,25.93,26.11,2114100.0,2016500.0,0,0,0,0,0,0,0,0,0,0,0,0,0,0,0,0,0,87,2026-02-03 22:28:26.036806
ATMN,25.87,25.82,25.87,2014900.0,1895700.0,0,0,0,0,0,0,0,0,0,0,0,0,0,0,0,0,0,87,2026-02-03 22:28:26.036806
WNTR,25.48,25.33,25.48,2225000.0,2170300.0,0,0,0,0,0,0,0,0,0,0,0,0,0,0,0,0,0,87,2026-02-03 22:28:26.036806
SPNG,24.98,24.98,25.13,2238500.0,2185400.0,0,0,0,0,0,0,0,0,0,0,0,0,0,0,0,0,0,88,2026-02-03 22:28:27.075474
SMMR,25.93,25.99,26.11,2089900.0,2027300.0,0,0,0,0,0,0,0,0,0,0,0,0,0,0,0,0,0,88,2026-02-03 22:28:27.075474
ATMN,25.87,25.97,26.05,1990100.0,1886300.0,0,0,0,0,0,0,0,0,0,0,0,0,0,0,0,0,0,88,2026-02-03 22:28:27.075474
WNTR,25.48,25.33,25.48,2225000.0,2196500.0,0,0,0,0,0,0,0,0,0,0,0,0,0,0,0,0,0,88,2026-02-03 22:28:27.075474
SPNG,24.69,24.69,25.15,2287100.0,2178700.0,0,0,0,0,0,0,0,0,0,0,0,0,0,0,0,0,0,89,2026-02-03 22:28:28.113201
SMMR,25.91,25.91,26.14,2094700.0,2012900.0,0,0,0,0,0,0,0,0,0,0,0,0,0,0,0,0,0,89,2026-02-03 22:28:28.113201
ATMN,25.87,25.87,26.13,2004300.0,1693700.0,0,0,0,0,0,0,0,0,0,0,0,0,0,0,0,0,0,89,2026-02-03 22:28:28.113201
WNTR,25.45,25.28,25.45,2254600.0,2212100.0,0,0,0,0,0,0,0,0,0,0,0,0,0,0,0,0,0,89,2026-02-03 22:28:28.113201
SPNG,25.19,25.15,25.19,2239500.0,2138700.0,0,0,0,0,0,0,0,0,0,0,0,0,0,0,0,0,0,90,2026-02-03 22:28:29.170575
SMMR,26.15,25.91,26.12,2063400.0,2024400.0,0,0,0,0,0,0,0,0,0,0,0,0,0,0,0,0,0,90,2026-02-03 22:28:29.170575
ATMN,25.87,26.08,26.13,2027500.0,1881200.0,0,0,0,0,0,0,0,0,0,0,0,0,0,0,0,0,0,90,2026-02-03 22:28:29.170575
WNTR,25.28,25.28,25.45,2254600.0,2219900.0,0,0,0,0,0,0,0,0,0,0,0,0,0,0,0,0,0,90,2026-02-03 22:28:29.170575
SPNG,25.19,25.06,25.19,2228300.0,2148800.0,0,0,0,0,0,0,0,0,0,0,0,0,0,0,0,0,0,91,2026-02-03 22:28:30.217921
SMMR,25.9,25.92,26.08,2087100.0,2040500.0,0,0,0,0,0,0,0,0,0,0,0,0,0,0,0,0,0,91,2026-02-03 22:28:30.217921
ATMN,26.08,26.08,26.13,2027500.0,1888800.0,0,0,0,0,0,0,0,0,0,0,0,0,0,0,0,0,0,91,2026-02-03 22:28:30.217921
WNTR,25.45,25.28,25.45,2254600.0,2195800.0,0,0,0,0,0,0,0,0,0,0,0,0,0,0,0,0,0,91,2026-02-03 22:28:30.217921
SPNG,24.47,25.16,25.19,2281500.0,2148800.0,0,0,0,0,0,0,0,0,0,0,0,0,0,0,0,0,0,92,2026-02-03 22:28:31.313296
SMMR,26.08,25.88,26.08,2120700.0,2040500.0,0,0,0,0,0,0,0,0,0,0,0,0,0,0,0,0,0,92,2026-02-03 22:28:31.313296
ATMN,26.13,26.14,26.19,2014600.0,1857500.0,0,0,0,0,0,0,0,0,0,0,0,0,0,0,0,0,0,92,2026-02-03 22:28:31.313296
WNTR,25.45,25.28,25.3,2254600.0,2218500.0,0,0,0,0,0,0,0,0,0,0,0,0,0,0,0,0,0,92,2026-02-03 22:28:31.313296
SPNG,25.16,25.16,25.19,2281500.0,2118500.0,0,0,0,0,0,0,0,0,0,0,0,0,0,0,0,0,0,93,2026-02-03 22:28:32.039449
SMMR,25.94,25.88,25.9,2120700.0,2050400.0,0,0,0,0,0,0,0,0,0,0,0,0,0,0,0,0,0,93,2026-02-03 22:28:32.039449
ATMN,26.14,25.94,26.08,2011700.0,1859100.0,0,0,0,0,0,0,0,0,0,0,0,0,0,0,0,0,0,93,2026-02-03 22:28:32.039449
WNTR,25.3,25.28,25.3,2254600.0,2208200.0,0,0,0,0,0,0,0,0,0,0,0,0,0,0,0,0,0,93,2026-02-03 22:28:32.039449
SPNG,24.86,24.98,25.19,2284200.0,2118500.0,0,0,0,0,0,0,0,0,0,0,0,0,0,0,0,0,0,94,2026-02-03 22:28:33.202517
SMMR,26.15,26.17,26.19,2050800.0,2034200.0,0,0,0,0,0,0,0,0,0,0,0,0,0,0,0,0,0,94,2026-02-03 22:28:33.202517
ATMN,26.2,25.94,26.2,2029700.0,1842200.0,0,0,0,0,0,0,0,0,0,0,0,0,0,0,0,0,0,94,2026-02-03 22:28:33.202517
WNTR,25.39,25.28,25.39,2273600.0,2191900.0,0,0,0,0,0,0,0,0,0,0,0,0,0,0,0,0,0,94,2026-02-03 22:28:33.202517
SPNG,24.98,24.47,24.65,2294700.0,2124000.0,0,0,0,0,0,0,0,0,0,0,0,0,0,0,0,0,0,95,2026-02-03 22:28:34.323646
SMMR,26.17,25.93,26.04,2092400.0,2043400.0,0,0,0,0,0,0,0,0,0,0,0,0,0,0,0,0,0,95,2026-02-03 22:28:34.323646
ATMN,25.94,25.94,26.2,2029700.0,1842200.0,0,0,0,0,0,0,0,0,0,0,0,0,0,0,0,0,0,95,2026-02-03 22:28:34.323646
WNTR,25.4,25.4,25.49,2273600.0,2196500.0,0,0,0,0,0,0,0,0,0,0,0,0,0,0,0,0,0,95,2026-02-03 22:28:34.323646
SPNG,24.98,24.6,24.65,2241000.0,2124000.0,0,0,0,0,0,0,0,0,0,0,0,0,0,0,0,0,0,96,2026-02-03 22:28:35.082263
SMMR,26.04,26.07,26.1,2101300.0,2027700.0,0,0,0,0,0,0,0,0,0,0,0,0,0,0,0,0,0,96,2026-02-03 22:28:35.082263
ATMN,25.94,25.94,26.0,2013300.0,1880500.0,0,0,0,0,0,0,0,0,0,0,0,0,0,0,0,0,0,96,2026-02-03 22:28:35.082263
WNTR,25.4,25.28,25.32,2275100.0,2175000.0,0,0,0,0,0,0,0,0,0,0,0,0,0,0,0,0,0,96,2026-02-03 22:28:35.082263
SPNG,24.65,25.14,25.19,2218600.0,2101600.0,0,0,0,0,0,0,0,0,0,0,0,0,0,0,0,0,0,97,2026-02-03 22:28:36.214467
SMMR,26.1,26.07,26.1,2072600.0,2027700.0,0,0,0,0,0,0,0,0,0,0,0,0,0,0,0,0,0,97,2026-02-03 22:28:36.214467
ATMN,25.92,25.92,26.09,1987300.0,1871900.0,0,0,0,0,0,0,0,0,0,0,0,0,0,0,0,0,0,97,2026-02-03 22:28:36.214467
WNTR,25.49,25.28,25.49,2298300.0,2206900.0,0,0,0,0,0,0,0,0,0,0,0,0,0,0,0,0,0,97,2026-02-03 22:28:36.214467
SPNG,25.19,24.6,25.19,2209000.0,2121800.0,0,0,0,0,0,0,0,0,0,0,0,0,0,0,0,0,0,98,2026-02-03 22:28:37.355660
SMMR,26.0,26.0,26.1,2091700.0,2027700.0,0,0,0,0,0,0,0,0,0,0,0,0,0,0,0,0,0,98,2026-02-03 22:28:37.355660
ATMN,26.18,26.18,26.23,1990000.0,1819900.0,0,0,0,0,0,0,0,0,0,0,0,0,0,0,0,0,0,98,2026-02-03 22:28:37.355660
WNTR,25.31,25.25,25.31,2278200.0,2220000.0,0,0,0,0,0,0,0,0,0,0,0,0,0,0,0,0,0,98,2026-02-03 22:28:37.355660
SPNG,25.36,24.6,25.29,2209000.0,2106400.0,0,0,0,0,0,0,0,0,0,0,0,0,0,0,0,0,0,99,2026-02-03 22:28:38.453320
SMMR,25.99,25.99,26.1,2116400.0,2009200.0,0,0,0,0,0,0,0,0,0,0,0,0,0,0,0,0,0,99,2026-02-03 22:28:38.453320
ATMN,25.87,25.87,26.06,2016100.0,1862300.0,0,0,0,0,0,0,0,0,0,0,0,0,0,0,0,0,0,99,2026-02-03 22:28:38.453320
WNTR,25.31,25.43,25.49,2260500.0,2206900.0,0,0,0,0,0,0,0,0,0,0,0,0,0,0,0,0,0,99,2026-02-03 22:28:38.453320
SPNG,25.29,24.87,25.29,2204800.0,2098900.0,0,0,0,0,0,0,0,0,0,0,0,0,0,0,0,0,0,100,2026-02-03 22:28:39.507238
SMMR,26.11,25.99,26.11,2116400.0,2003800.0,0,0,0,0,0,0,0,0,0,0,0,0,0,0,0,0,0,100,2026-02-03 22:28:39.507238
ATMN,26.06,25.82,26.06,2014100.0,1862300.0,0,0,0,0,0,0,0,0,0,0,0,0,0,0,0,0,0,100,2026-02-03 22:28:39.507238
WNTR,25.49,25.25,25.49,2278800.0,2200200.0,0,0,0,0,0,0,0,0,0,0,0,0,0,0,0,0,0,100,2026-02-03 22:28:39.507238
SPNG,24.87,24.87,25.38,2204800.0,2093400.0,0,0,0,0,0,0,0,0,0,0,0,0,0,0,0,0,0,101,2026-02-03 22:28:40.066049
SMMR,25.93,26.07,26.11,2099700.0,2003800.0,0,0,0,0,0,0,0,0,0,0,0,0,0,0,0,0,0,101,2026-02-03 22:28:40.066049
ATMN,26.01,26.01,26.06,2022200.0,1862300.0,0,0,0,0,0,0,0,0,0,0,0,0,0,0,0,0,0,101,2026-02-03 22:28:40.066049
WNTR,25.48,25.25,25.48,2278800.0,2192700.0,0,0,0,0,0,0,0,0,0,0,0,0,0,0,0,0,0,101,2026-02-03 22:28:40.066049
SPNG,24.47,24.97,25.22,2171100.0,2131900.0,0,0,0,0,0,0,0,0,0,0,0,0,0,0,0,0,0,102,2026-02-03 22:28:41.183144
SMMR,26.01,26.01,26.11,2061100.0,2003800.0,0,0,0,0,0,0,0,0,0,0,0,0,0,0,0,0,0,102,2026-02-03 22:28:41.183144
ATMN,25.86,25.97,26.06,2025700.0,1882100.0,0,0,0,0,0,0,0,0,0,0,0,0,0,0,0,0,0,102,2026-02-03 22:28:41.183144
WNTR,25.22,25.29,25.48,2244700.0,2192700.0,0,0,0,0,0,0,0,0,0,0,0,0,0,0,0,0,0,102,2026-02-03 22:28:41.183144
SPNG,24.45,24.45,25.06,2236600.0,2153600.0,0,0,0,0,0,0,0,0,0,0,0,0,0,0,0,0,0,103,2026-02-03 22:28:42.240234
SMMR,26.15,26.01,26.15,2120500.0,2031700.0,0,0,0,0,0,0,0,0,0,0,0,0,0,0,0,0,0,103,2026-02-03 22:28:42.240234
ATMN,25.93,25.93,26.23,2025600.0,1858200.0,0,0,0,0,0,0,0,0,0,0,0,0,0,0,0,0,0,103,2026-02-03 22:28:42.240234
WNTR,25.22,25.44,25.48,2271800.0,2176700.0,0,0,0,0,0,0,0,0,0,0,0,0,0,0,0,0,0,103,2026-02-03 22:28:42.240234
SPNG,25.06,24.49,25.06,2183100.0,2153600.0,0,0,0,0,0,0,0,0,0,0,0,0,0,0,0,0,0,104,2026-02-03 22:28:43.295337
SMMR,26.01,26.01,26.15,2106800.0,2031700.0,0,0,0,0,0,0,0,0,0,0,0,0,0,0,0,0,0,104,2026-02-03 22:28:43.295337
ATMN,25.93,26.02,26.08,2001200.0,1867400.0,0,0,0,0,0,0,0,0,0,0,0,0,0,0,0,0,0,104,2026-02-03 22:28:43.295337
WNTR,25.32,25.32,25.48,2263800.0,2182300.0,0,0,0,0,0,0,0,0,0,0,0,0,0,0,0,0,0,104,2026-02-03 22:28:43.295337
SPNG,25.06,25.08,25.22,2186900.0,2136000.0,0,0,0,0,0,0,0,0,0,0,0,0,0,0,0,0,0,105,2026-02-03 22:28:44.324396
SMMR,26.16,26.11,26.16,2083000.0,2025500.0,0,0,0,0,0,0,0,0,0,0,0,0,0,0,0,0,0,105,2026-02-03 22:28:44.324396
ATMN,26.02,25.93,26.0,2025600.0,1887300.0,0,0,0,0,0,0,0,0,0,0,0,0,0,0,0,0,0,105,2026-02-03 22:28:44.324396
WNTR,25.32,25.32,25.34,2250400.0,2178200.0,0,0,0,0,0,0,0,0,0,0,0,0,0,0,0,0,0,105,2026-02-03 22:28:44.324396
SPNG,25.06,25.08,25.18,2186900.0,2141600.0,0,0,0,0,0,0,0,0,0,0,0,0,0,0,0,0,0,106,2026-02-03 22:28:45.357109
SMMR,26.21,26.11,26.21,2083000.0,2045300.0,0,0,0,0,0,0,0,0,0,0,0,0,0,0,0,0,0,106,2026-02-03 22:28:45.357109
ATMN,26.08,25.93,26.05,2025600.0,1903900.0,0,0,0,0,0,0,0,0,0,0,0,0,0,0,0,0,0,106,2026-02-03 22:28:45.357109
WNTR,25.29,25.22,25.28,2280600.0,2179200.0,0,0,0,0,0,0,0,0,0,0,0,0,0,0,0,0,0,106,2026-02-03 22:28:45.357109
SPNG,24.49,24.56,25.18,2207600.0,2141600.0,0,0,0,0,0,0,0,0,0,0,0,0,0,0,0,0,0,107,2026-02-03 22:28:46.387584
SMMR,26.01,26.17,26.21,2081600.0,2045300.0,0,0,0,0,0,0,0,0,0,0,0,0,0,0,0,0,0,107,2026-02-03 22:28:46.387584
ATMN,25.9,25.9,25.97,2003900.0,1903400.0,0,0,0,0,0,0,0,0,0,0,0,0,0,0,0,0,0,107,2026-02-03 22:28:46.387584
WNTR,25.29,25.22,25.28,2233100.0,2179200.0,0,0,0,0,0,0,0,0,0,0,0,0,0,0,0,0,0,107,2026-02-03 22:28:46.387584
SPNG,25.18,24.92,25.15,2209600.0,2132600.0,0,0,0,0,0,0,0,0,0,0,0,0,0,0,0,0,0,108,2026-02-03 22:28:47.427876
SMMR,26.01,25.87,25.92,2106500.0,2011300.0,0,0,0,0,0,0,0,0,0,0,0,0,0,0,0,0,0,108,2026-02-03 22:28:47.427876
ATMN,25.9,25.9,25.95,2003900.0,1899400.0,0,0,0,0,0,0,0,0,0,0,0,0,0,0,0,0,0,108,2026-02-03 22:28:47.427876
WNTR,25.22,25.22,25.48,2233100.0,2178500.0,0,0,0,0,0,0,0,0,0,0,0,0,0,0,0,0,0,108,2026-02-03 22:28:47.427876
SPNG,25.15,24.87,25.15,2221600.0,2132600.0,0,0,0,0,0,0,0,0,0,0,0,0,0,0,0,0,0,109,2026-02-03 22:28:48.483234
SMMR,26.01,25.87,25.92,2070400.0,2011300.0,0,0,0,0,0,0,0,0,0,0,0,0,0,0,0,0,0,109,2026-02-03 22:28:48.483234
ATMN,25.82,25.82,25.97,2026600.0,1892400.0,0,0,0,0,0,0,0,0,0,0,0,0,0,0,0,0,0,109,2026-02-03 22:28:48.483234
WNTR,25.22,25.39,25.48,2251100.0,2178500.0,0,0,0,0,0,0,0,0,0,0,0,0,0,0,0,0,0,109,2026-02-03 22:28:48.483234
SPNG,25.15,24.87,25.02,2221600.0,2136200.0,0,0,0,0,0,0,0,0,0,0,0,0,0,0,0,0,0,110,2026-02-03 22:28:49.130392
SMMR,25.92,25.95,26.21,2031400.0,2032800.0,0,0,0,0,0,0,0,0,0,0,0,0,0,0,0,0,0,110,2026-02-03 22:28:49.130392
ATMN,26.05,25.77,26.05,2036100.0,1897300.0,0,0,0,0,0,0,0,0,0,0,0,0,0,0,0,0,0,110,2026-02-03 22:28:49.130392
WNTR,25.22,25.39,25.41,2251100.0,2182600.0,0,0,0,0,0,0,0,0,0,0,0,0,0,0,0,0,0,110,2026-02-03 22:28:49.130392
SPNG,25.22,24.87,25.22,2233900.0,2123900.0,0,0,0,0,0,0,0,0,0,0,0,0,0,0,0,0,0,111,2026-02-03 22:28:50.212574
SMMR,26.21,26.11,26.21,1998500.0,2015900.0,0,0,0,0,0,0,0,0,0,0,0,0,0,0,0,0,0,111,2026-02-03 22:28:50.212574
ATMN,26.08,25.77,25.95,2028500.0,1886200.0,0,0,0,0,0,0,0,0,0,0,0,0,0,0,0,0,0,111,2026-02-03 22:28:50.212574
WNTR,25.34,25.34,25.41,2226700.0,2133700.0,0,0,0,0,0,0,0,0,0,0,0,0,0,0,0,0,0,111,2026-02-03 22:28:50.212574
SPNG,25.11,24.87,25.08,2233900.0,2105000.0,0,0,0,0,0,0,0,0,0,0,0,0,0,0,0,0,0,112,2026-02-03 22:28:51.244956
SMMR,26.17,26.19,26.21,1966600.0,2026400.0,0,0,0,0,0,0,0,0,0,0,0,0,0,0,0,0,0,112,2026-02-03 22:28:51.244956
ATMN,25.97,25.77,25.9,2048200.0,1903900.0,0,0,0,0,0,0,0,0,0,0,0,0,0,0,0,0,0,112,2026-02-03 22:28:51.244956
WNTR,25.34,25.34,25.37,2226700.0,2139700.0,0,0,0,0,0,0,0,0,0,0,0,0,0,0,0,0,0,112,2026-02-03 22:28:51.244956
SPNG,24.87,25.0,25.08,2200400.0,2105000.0,0,0,0,0,0,0,0,0,0,0,0,0,0,0,0,0,0,113,2026-02-03 22:28:52.295543
SMMR,26.09,26.09,26.16,2002000.0,2022800.0,0,0,0,0,0,0,0,0,0,0,0,0,0,0,0,0,0,113,2026-02-03 22:28:52.295543
ATMN,25.9,25.84,25.9,2050700.0,1903900.0,0,0,0,0,0,0,0,0,0,0,0,0,0,0,0,0,0,113,2026-02-03 22:28:52.295543
WNTR,25.22,25.22,25.25,2215700.0,2124900.0,0,0,0,0,0,0,0,0,0,0,0,0,0,0,0,0,0,113,2026-02-03 22:28:52.295543
SPNG,25.0,25.0,25.08,2200400.0,2117100.0,0,0,0,0,0,0,0,0,0,0,0,0,0,0,0,0,0,114,2026-02-03 22:28:53.343615
SMMR,26.08,26.08,26.16,2025900.0,2022800.0,0,0,0,0,0,0,0,0,0,0,0,0,0,0,0,0,0,114,2026-02-03 22:28:53.343615
ATMN,25.84,25.84,25.9,2050700.0,1892000.0,0,0,0,0,0,0,0,0,0,0,0,0,0,0,0,0,0,114,2026-02-03 22:28:53.343615
WNTR,25.37,25.22,25.37,2235700.0,2139700.0,0,0,0,0,0,0,0,0,0,0,0,0,0,0,0,0,0,114,2026-02-03 22:28:53.343615
SPNG,24.8,24.8,25.08,2238200.0,2117100.0,0,0,0,0,0,0,0,0,0,0,0,0,0,0,0,0,0,115,2026-02-03 22:28:54.381352
SMMR,25.95,25.95,26.07,2020000.0,2019100.0,0,0,0,0,0,0,0,0,0,0,0,0,0,0,0,0,0,115,2026-02-03 22:28:54.381352
ATMN,25.98,25.77,25.98,2047000.0,1874300.0,0,0,0,0,0,0,0,0,0,0,0,0,0,0,0,0,0,115,2026-02-03 22:28:54.381352
WNTR,25.23,25.22,25.23,2219200.0,2147000.0,0,0,0,0,0,0,0,0,0,0,0,0,0,0,0,0,0,115,2026-02-03 22:28:54.381352
SPNG,24.8,24.9,25.08,2232600.0,2138700.0,0,0,0,0,0,0,0,0,0,0,0,0,0,0,0,0,0,116,2026-02-03 22:28:55.441394
SMMR,26.19,26.12,26.19,2040300.0,2013400.0,0,0,0,0,0,0,0,0,0,0,0,0,0,0,0,0,0,116,2026-02-03 22:28:55.441394
ATMN,25.98,26.04,26.08,2011200.0,1881800.0,0,0,0,0,0,0,0,0,0,0,0,0,0,0,0,0,0,116,2026-02-03 22:28:55.441394
WNTR,25.41,25.22,25.4,2219200.0,2137800.0,0,0,0,0,0,0,0,0,0,0,0,0,0,0,0,0,0,116,2026-02-03 22:28:55.441394
SPNG,24.9,24.9,25.13,2232600.0,2137900.0,0,0,0,0,0,0,0,0,0,0,0,0,0,0,0,0,0,117,2026-02-03 22:28:56.231393
SMMR,26.19,26.12,26.14,2040300.0,1998300.0,0,0,0,0,0,0,0,0,0,0,0,0,0,0,0,0,0,117,2026-02-03 22:28:56.231393
ATMN,26.04,25.9,25.92,2006700.0,1901300.0,0,0,0,0,0,0,0,0,0,0,0,0,0,0,0,0,0,117,2026-02-03 22:28:56.231393
WNTR,25.41,25.22,25.24,2219200.0,2125000.0,0,0,0,0,0,0,0,0,0,0,0,0,0,0,0,0,0,117,2026-02-03 22:28:56.231393
SPNG,24.85,24.85,25.01,2224000.0,2145900.0,0,0,0,0,0,0,0,0,0,0,0,0,0,0,0,0,0,118,2026-02-03 22:28:57.331471
SMMR,26.21,26.18,26.21,2051600.0,2027400.0,0,0,0,0,0,0,0,0,0,0,0,0,0,0,0,0,0,118,2026-02-03 22:28:57.331471
ATMN,25.72,25.72,25.92,2061800.0,1901300.0,0,0,0,0,0,0,0,0,0,0,0,0,0,0,0,0,0,118,2026-02-03 22:28:57.331471
WNTR,25.22,25.22,25.24,2199600.0,2120900.0,0,0,0,0,0,0,0,0,0,0,0,0,0,0,0,0,0,118,2026-02-03 22:28:57.331471
SPNG,25.11,24.85,25.06,2240400.0,2139300.0,0,0,0,0,0,0,0,0,0,0,0,0,0,0,0,0,0,119,2026-02-03 22:28:58.374422
SMMR,26.26,26.18,26.26,2059500.0,2056000.0,0,0,0,0,0,0,0,0,0,0,0,0,0,0,0,0,0,119,2026-02-03 22:28:58.374422
ATMN,25.72,25.78,25.81,2030500.0,1890600.0,0,0,0,0,0,0,0,0,0,0,0,0,0,0,0,0,0,119,2026-02-03 22:28:58.374422
WNTR,25.2,25.2,25.24,2217400.0,2117100.0,0,0,0,0,0,0,0,0,0,0,0,0,0,0,0,0,0,119,2026-02-03 22:28:58.374422
SPNG,24.74,24.74,25.07,981800.0,754300.0,0,0,0,0,0,0,0,0,0,0,0,0,0,0,0,0,0,120,2026-02-03 22:28:59.407989
SMMR,25.03,25.03,25.3,885400.0,746100.0,0,0,0,0,0,0,0,0,0,0,0,0,0,0,0,0,0,120,2026-02-03 22:28:59.407989
ATMN,26.59,26.59,27.06,745100.0,622600.0,0,0,0,0,0,0,0,0,0,0,0,0,0,0,0,0,0,120,2026-02-03 22:28:59.407989
WNTR,25.24,25.45,25.49,870600.0,846200.0,0,0,0,0,0,0,0,0,0,0,0,0,0,0,0,0,0,120,2026-02-03 22:28:59.407989
SPNG,24.78,24.74,24.78,981800.0,1046400.0,0,0,0,0,0,0,0,0,0,0,0,0,0,0,0,0,0,121,2026-02-03 22:29:00.448763
SMMR,25.03,24.69,25.0,986500.0,965700.0,0,0,0,0,0,0,0,0,0,0,0,0,0,0,0,0,0,121,2026-02-03 22:29:00.448763
ATMN,26.46,26.11,26.34,866400.0,948400.0,0,0,0,0,0,0,0,0,0,0,0,0,0,0,0,0,0,121,2026-02-03 22:29:00.448763
WNTR,25.45,25.45,25.84,857800.0,863800.0,0,0,0,0,0,0,0,0,0,0,0,0,0,0,0,0,0,121,2026-02-03 22:29:00.448763
SPNG,25.07,24.74,24.77,1085100.0,1044200.0,0,0,0,0,0,0,0,0,0,0,0,0,0,0,0,0,0,122,2026-02-03 22:29:01.499559
SMMR,25.0,25.17,25.19,1300000.0,931900.0,0,0,0,0,0,0,0,0,0,0,0,0,0,0,0,0,0,122,2026-02-03 22:29:01.499559
ATMN,26.11,26.65,27.02,1093600.0,833100.0,0,0,0,0,0,0,0,0,0,0,0,0,0,0,0,0,0,122,2026-02-03 22:29:01.499559
WNTR,25.27,25.27,25.6,879300.0,1154900.0,0,0,0,0,0,0,0,0,0,0,0,0,0,0,0,0,0,122,2026-02-03 22:29:01.499559
SPNG,24.41,24.52,24.77,1298100.0,1044200.0,0,0,0,0,0,0,0,0,0,0,0,0,0,0,0,0,0,123,2026-02-03 22:29:02.565329
SMMR,25.17,24.98,25.04,1201800.0,1220100.0,0,0,0,0,0,0,0,0,0,0,0,0,0,0,0,0,0,123,2026-02-03 22:29:02.565329
ATMN,26.11,26.65,26.83,1093600.0,1108900.0,0,0,0,0,0,0,0,0,0,0,0,0,0,0,0,0,0,123,2026-02-03 22:29:02.565329
WNTR,25.63,25.33,25.52,1006600.0,1161300.0,0,0,0,0,0,0,0,0,0,0,0,0,0,0,0,0,0,123,2026-02-03 22:29:02.565329
SPNG,24.41,24.64,24.77,1503300.0,1172600.0,0,0,0,0,0,0,0,0,0,0,0,0,0,0,0,0,0,124,2026-02-03 22:29:03.614554
SMMR,25.19,24.98,25.1,1398700.0,1218400.0,0,0,0,0,0,0,0,0,0,0,0,0,0,0,0,0,0,124,2026-02-03 22:29:03.614554
ATMN,26.65,26.65,26.77,1198500.0,1296600.0,0,0,0,0,0,0,0,0,0,0,0,0,0,0,0,0,0,124,2026-02-03 22:29:03.614554
WNTR,25.52,25.43,25.52,1121000.0,1161300.0,0,0,0,0,0,0,0,0,0,0,0,0,0,0,0,0,0,124,2026-02-03 22:29:03.614554
SPNG,24.84,24.64,24.84,1503300.0,1059600.0,0,0,0,0,0,0,0,0,0,0,0,0,0,0,0,0,0,125,2026-02-03 22:29:04.180384
SMMR,24.98,24.98,25.1,1398700.0,1320400.0,0,0,0,0,0,0,0,0,0,0,0,0,0,0,0,0,0,125,2026-02-03 22:29:04.180384
ATMN,26.65,26.5,26.65,1177100.0,1385200.0,0,0,0,0,0,0,0,0,0,0,0,0,0,0,0,0,0,125,2026-02-03 22:29:04.180384
WNTR,25.77,25.43,25.77,1211200.0,1056600.0,0,0,0,0,0,0,0,0,0,0,0,0,0,0,0,0,0,125,2026-02-03 22:29:04.180384
SPNG,24.64,24.64,24.84,1719700.0,1059600.0,0,0,0,0,0,0,0,0,0,0,0,0,0,0,0,0,0,126,2026-02-03 22:29:05.223658
SMMR,24.97,24.97,25.1,1479800.0,1320400.0,0,0,0,0,0,0,0,0,0,0,0,0,0,0,0,0,0,126,2026-02-03 22:29:05.223658
ATMN,26.77,26.5,26.77,1384100.0,1376900.0,0,0,0,0,0,0,0,0,0,0,0,0,0,0,0,0,0,126,2026-02-03 22:29:05.223658
WNTR,25.55,25.62,25.77,1449600.0,1167000.0,0,0,0,0,0,0,0,0,0,0,0,0,0,0,0,0,0,126,2026-02-03 22:29:05.223658
SPNG,24.64,24.73,24.84,1827800.0,1270600.0,0,0,0,0,0,0,0,0,0,0,0,0,0,0,0,0,0,127,2026-02-03 22:29:06.277459
SMMR,24.91,24.91,25.09,1406000.0,1498200.0,0,0,0,0,0,0,0,0,0,0,0,0,0,0,0,0,0,127,2026-02-03 22:29:06.277459
ATMN,26.77,26.5,26.53,1384100.0,1632600.0,0,0,0,0,0,0,0,0,0,0,0,0,0,0,0,0,0,127,2026-02-03 22:29:06.277459
WNTR,25.66,25.67,25.77,1695200.0,1167000.0,0,0,0,0,0,0,0,0,0,0,0,0,0,0,0,0,0,127,2026-02-03 22:29:06.277459
SPNG,24.73,24.73,25.07,1827800.0,1269100.0,0,0,0,0,0,0,0,0,0,0,0,0,0,0,0,0,0,128,2026-02-03 22:29:07.323342
SMMR,24.91,24.91,25.09,1320600.0,1705900.0,0,0,0,0,0,0,0,0,0,0,0,0,0,0,0,0,0,128,2026-02-03 22:29:07.323342
ATMN,26.39,26.39,26.53,1380600.0,1760500.0,0,0,0,0,0,0,0,0,0,0,0,0,0,0,0,0,0,128,2026-02-03 22:29:07.323342
WNTR,25.57,25.57,25.69,1446000.0,1396000.0,0,0,0,0,0,0,0,0,0,0,0,0,0,0,0,0,0,128,2026-02-03 22:29:07.323342
SPNG,24.89,24.73,24.89,1970700.0,1449500.0,0,0,0,0,0,0,0,0,0,0,0,0,0,0,0,0,0,129,2026-02-03 22:29:08.381613
SMMR,25.09,24.98,25.09,1523600.0,1589600.0,0,0,0,0,0,0,0,0,0,0,0,0,0,0,0,0,0,129,2026-02-03 22:29:08.381613
ATMN,26.54,26.59,26.65,1393600.0,1847300.0,0,0,0,0,0,0,0,0,0,0,0,0,0,0,0,0,0,129,2026-02-03 22:29:08.381613
WNTR,25.71,25.43,25.71,1323700.0,1273000.0,0,0,0,0,0,0,0,0,0,0,0,0,0,0,0,0,0,129,2026-02-03 22:29:08.381613
SPNG,24.89,24.78,24.89,2193200.0,1540500.0,0,0,0,0,0,0,0,0,0,0,0,0,0,0,0,0,0,130,2026-02-03 22:29:09.517170
SMMR,24.69,24.93,24.99,1627100.0,1697600.0,0,0,0,0,0,0,0,0,0,0,0,0,0,0,0,0,0,130,2026-02-03 22:29:09.517170
ATMN,26.39,26.39,26.51,1279200.0,1870500.0,0,0,0,0,0,0,0,0,0,0,0,0,0,0,0,0,0,130,2026-02-03 22:29:09.517170
WNTR,25.42,25.47,25.62,1326500.0,1284400.0,0,0,0,0,0,0,0,0,0,0,0,0,0,0,0,0,0,130,2026-02-03 22:29:09.517170
SPNG,24.89,24.78,24.89,2193200.0,1847300.0,0,0,0,0,0,0,0,0,0,0,0,0,0,0,0,0,0,131,2026-02-03 22:29:10.555069
SMMR,24.69,24.93,24.97,1840900.0,1911100.0,0,0,0,0,0,0,0,0,0,0,0,0,0,0,0,0,0,131,2026-02-03 22:29:10.555069
ATMN,26.52,26.39,26.52,1387100.0,1862400.0,0,0,0,0,0,0,0,0,0,0,0,0,0,0,0,0,0,131,2026-02-03 22:29:10.555069
WNTR,25.42,25.47,25.57,1435500.0,1462100.0,0,0,0,0,0,0,0,0,0,0,0,0,0,0,0,0,0,131,2026-02-03 22:29:10.555069
SPNG,24.93,24.78,24.93,2193200.0,1934900.0,0,0,0,0,0,0,0,0,0,0,0,0,0,0,0,0,0,132,2026-02-03 22:29:11.605093
SMMR,24.97,24.93,24.97,1966200.0,1887300.0,0,0,0,0,0,0,0,0,0,0,0,0,0,0,0,0,0,132,2026-02-03 22:29:11.605093
ATMN,26.52,26.39,26.52,1484300.0,1863300.0,0,0,0,0,0,0,0,0,0,0,0,0,0,0,0,0,0,132,2026-02-03 22:29:11.605093
WNTR,25.62,25.47,25.62,1435500.0,1461500.0,0,0,0,0,0,0,0,0,0,0,0,0,0,0,0,0,0,132,2026-02-03 22:29:11.605093
SPNG,24.78,24.78,24.88,2193200.0,1961100.0,0,0,0,0,0,0,0,0,0,0,0,0,0,0,0,0,0,133,2026-02-03 22:29:12.641534
SMMR,25.05,24.93,25.05,2061200.0,1766900.0,0,0,0,0,0,0,0,0,0,0,0,0,0,0,0,0,0,133,2026-02-03 22:29:12.641534
ATMN,26.38,26.5,26.57,1493900.0,1875400.0,0,0,0,0,0,0,0,0,0,0,0,0,0,0,0,0,0,133,2026-02-03 22:29:12.641534
WNTR,25.62,25.52,25.62,1524000.0,1558800.0,0,0,0,0,0,0,0,0,0,0,0,0,0,0,0,0,0,133,2026-02-03 22:29:12.641534
SPNG,24.6,24.6,24.8,1882900.0,1981400.0,0,0,0,0,0,0,0,0,0,0,0,0,0,0,0,0,0,134,2026-02-03 22:29:13.672645
SMMR,25.05,24.94,25.05,2150700.0,1766900.0,0,0,0,0,0,0,0,0,0,0,0,0,0,0,0,0,0,134,2026-02-03 22:29:13.672645
ATMN,26.38,26.11,26.35,1291500.0,1886600.0,0,0,0,0,0,0,0,0,0,0,0,0,0,0,0,0,0,134,2026-02-03 22:29:13.672645
WNTR,25.52,25.47,25.49,1621400.0,1664800.0,0,0,0,0,0,0,0,0,0,0,0,0,0,0,0,0,0,134,2026-02-03 22:29:13.672645
SPNG,24.88,24.6,24.88,2015200.0,1947300.0,0,0,0,0,0,0,0,0,0,0,0,0,0,0,0,0,0,135,2026-02-03 22:29:14.710628
SMMR,25.22,24.94,25.22,2150700.0,1227000.0,0,0,0,0,0,0,0,0,0,0,0,0,0,0,0,0,0,135,2026-02-03 22:29:14.710628
ATMN,26.48,26.11,26.39,1542100.0,1906600.0,0,0,0,0,0,0,0,0,0,0,0,0,0,0,0,0,0,135,2026-02-03 22:29:14.710628
WNTR,25.49,25.61,25.62,1955100.0,1664800.0,0,0,0,0,0,0,0,0,0,0,0,0,0,0,0,0,0,135,2026-02-03 22:29:14.710628
SPNG,24.88,24.67,24.72,2319100.0,1981700.0,0,0,0,0,0,0,0,0,0,0,0,0,0,0,0,0,0,136,2026-02-03 22:29:15.748516
SMMR,25.22,25.06,25.12,2150100.0,1342000.0,0,0,0,0,0,0,0,0,0,0,0,0,0,0,0,0,0,136,2026-02-03 22:29:15.748516
ATMN,26.2,26.2,26.22,1553100.0,1921800.0,0,0,0,0,0,0,0,0,0,0,0,0,0,0,0,0,0,136,2026-02-03 22:29:15.748516
WNTR,25.5,25.5,25.59,1972600.0,1784100.0,0,0,0,0,0,0,0,0,0,0,0,0,0,0,0,0,0,136,2026-02-03 22:29:15.748516
SPNG,24.88,24.67,24.72,2319100.0,2017600.0,0,0,0,0,0,0,0,0,0,0,0,0,0,0,0,0,0,137,2026-02-03 22:29:16.274389
SMMR,25.06,24.94,25.01,2128900.0,1461200.0,0,0,0,0,0,0,0,0,0,0,0,0,0,0,0,0,0,137,2026-02-03 22:29:16.274389
ATMN,26.39,26.45,26.57,1663300.0,1894700.0,0,0,0,0,0,0,0,0,0,0,0,0,0,0,0,0,0,137,2026-02-03 22:29:16.274389
WNTR,25.59,25.5,25.59,2090600.0,1784100.0,0,0,0,0,0,0,0,0,0,0,0,0,0,0,0,0,0,137,2026-02-03 22:29:16.274389
SPNG,24.62,24.62,24.72,2471900.0,2027600.0,0,0,0,0,0,0,0,0,0,0,0,0,0,0,0,0,0,138,2026-02-03 22:29:17.313918
SMMR,25.01,24.95,25.01,2105600.0,1568600.0,0,0,0,0,0,0,0,0,0,0,0,0,0,0,0,0,0,138,2026-02-03 22:29:17.313918
ATMN,26.34,26.37,26.57,1749000.0,1894700.0,0,0,0,0,0,0,0,0,0,0,0,0,0,0,0,0,0,138,2026-02-03 22:29:17.313918
WNTR,25.5,25.5,25.52,2116500.0,1890100.0,0,0,0,0,0,0,0,0,0,0,0,0,0,0,0,0,0,138,2026-02-03 22:29:17.313918
SPNG,24.72,24.62,24.72,2377400.0,2027600.0,0,0,0,0,0,0,0,0,0,0,0,0,0,0,0,0,0,139,2026-02-03 22:29:18.370998
SMMR,24.95,24.95,25.03,2097100.0,1449400.0,0,0,0,0,0,0,0,0,0,0,0,0,0,0,0,0,0,139,2026-02-03 22:29:18.370998
ATMN,26.37,26.2,26.27,1654000.0,1913500.0,0,0,0,0,0,0,0,0,0,0,0,0,0,0,0,0,0,139,2026-02-03 22:29:18.370998
WNTR,25.43,25.43,25.52,1773900.0,1994500.0,0,0,0,0,0,0,0,0,0,0,0,0,0,0,0,0,0,139,2026-02-03 22:29:18.370998
SPNG,24.54,24.54,24.88,2447500.0,2006900.0,0,0,0,0,0,0,0,0,0,0,0,0,0,0,0,0,0,140,2026-02-03 22:29:19.414834
SMMR,24.93,24.93,25.03,2097500.0,1558700.0,0,0,0,0,0,0,0,0,0,0,0,0,0,0,0,0,0,140,2026-02-03 22:29:19.414834
ATMN,26.65,26.2,26.22,1849400.0,1922400.0,0,0,0,0,0,0,0,0,0,0,0,0,0,0,0,0,0,140,2026-02-03 22:29:19.414834
WNTR,25.56,25.43,25.55,1773900.0,2093700.0,0,0,0,0,0,0,0,0,0,0,0,0,0,0,0,0,0,140,2026-02-03 22:29:19.414834
SPNG,24.54,24.54,24.73,2447500.0,2018200.0,0,0,0,0,0,0,0,0,0,0,0,0,0,0,0,0,0,141,2026-02-03 22:29:20.499974
SMMR,24.9,24.9,25.03,2093300.0,1558700.0,0,0,0,0,0,0,0,0,0,0,0,0,0,0,0,0,0,141,2026-02-03 22:29:20.499974
ATMN,26.22,26.57,26.65,2068200.0,1956900.0,0,0,0,0,0,0,0,0,0,0,0,0,0,0,0,0,0,141,2026-02-03 22:29:20.499974
WNTR,25.59,25.53,25.59,1885000.0,2019200.0,0,0,0,0,0,0,0,0,0,0,0,0,0,0,0,0,0,141,2026-02-03 22:29:20.499974
SPNG,24.96,24.52,24.96,2334500.0,1993600.0,0,0,0,0,0,0,0,0,0,0,0,0,0,0,0,0,0,142,2026-02-03 22:29:21.557466
SMMR,25.12,24.94,25.12,2088000.0,1543100.0,0,0,0,0,0,0,0,0,0,0,0,0,0,0,0,0,0,142,2026-02-03 22:29:21.557466
ATMN,26.22,26.57,26.65,2068200.0,1924800.0,0,0,0,0,0,0,0,0,0,0,0,0,0,0,0,0,0,142,2026-02-03 22:29:21.557466
WNTR,25.59,25.53,25.55,1885000.0,2130900.0,0,0,0,0,0,0,0,0,0,0,0,0,0,0,0,0,0,142,2026-02-03 22:29:21.557466
SPNG,24.57,24.51,24.57,2339800.0,2053800.0,0,0,0,0,0,0,0,0,0,0,0,0,0,0,0,0,0,143,2026-02-03 22:29:22.630049
SMMR,25.12,25.0,25.1,2107400.0,1839000.0,0,0,0,0,0,0,0,0,0,0,0,0,0,0,0,0,0,143,2026-02-03 22:29:22.630049
ATMN,26.27,26.4,26.61,2015600.0,1919600.0,0,0,0,0,0,0,0,0,0,0,0,0,0,0,0,0,0,143,2026-02-03 22:29:22.630049
WNTR,25.53,25.43,25.45,1885900.0,2130700.0,0,0,0,0,0,0,0,0,0,0,0,0,0,0,0,0,0,143,2026-02-03 22:29:22.630049
SPNG,24.57,24.51,24.57,2395500.0,2053800.0,0,0,0,0,0,0,0,0,0,0,0,0,0,0,0,0,0,144,2026-02-03 22:29:23.676187
SMMR,25.0,25.0,25.01,2104800.0,1962100.0,0,0,0,0,0,0,0,0,0,0,0,0,0,0,0,0,0,144,2026-02-03 22:29:23.676187
ATMN,26.4,26.22,26.33,2019700.0,1945200.0,0,0,0,0,0,0,0,0,0,0,0,0,0,0,0,0,0,144,2026-02-03 22:29:23.676187
WNTR,25.62,25.51,25.62,2106400.0,1900300.0,0,0,0,0,0,0,0,0,0,0,0,0,0,0,0,0,0,144,2026-02-03 22:29:23.676187
SPNG,24.57,24.94,24.96,2279600.0,2027800.0,0,0,0,0,0,0,0,0,0,0,0,0,0,0,0,0,0,145,2026-02-03 22:29:24.752581
SMMR,25.1,25.0,25.1,2137900.0,1921400.0,0,0,0,0,0,0,0,0,0,0,0,0,0,0,0,0,0,145,2026-02-03 22:29:24.752581
ATMN,26.33,26.35,26.61,2005300.0,1919800.0,0,0,0,0,0,0,0,0,0,0,0,0,0,0,0,0,0,145,2026-02-03 22:29:24.752581
WNTR,25.62,25.51,25.62,2223900.0,2135600.0,0,0,0,0,0,0,0,0,0,0,0,0,0,0,0,0,0,145,2026-02-03 22:29:24.752581
SPNG,24.98,24.51,24.98,2329300.0,2009000.0,0,0,0,0,0,0,0,0,0,0,0,0,0,0,0,0,0,146,2026-02-03 22:29:25.329237
SMMR,25.1,25.0,25.07,2137900.0,1929700.0,0,0,0,0,0,0,0,0,0,0,0,0,0,0,0,0,0,146,2026-02-03 22:29:25.329237
ATMN,26.35,26.35,26.61,2005300.0,1919800.0,0,0,0,0,0,0,0,0,0,0,0,0,0,0,0,0,0,146,2026-02-03 22:29:25.329237
WNTR,25.51,25.56,25.62,2220000.0,2135600.0,0,0,0,0,0,0,0,0,0,0,0,0,0,0,0,0,0,146,2026-02-03 22:29:25.329237
SPNG,24.88,24.96,24.98,2258200.0,2009000.0,0,0,0,0,0,0,0,0,0,0,0,0,0,0,0,0,0,147,2026-02-03 22:29:26.383226
SMMR,25.12,25.12,25.13,2119100.0,1803300.0,0,0,0,0,0,0,0,0,0,0,0,0,0,0,0,0,0,147,2026-02-03 22:29:26.383226
ATMN,26.35,26.35,26.44,2005300.0,1899600.0,0,0,0,0,0,0,0,0,0,0,0,0,0,0,0,0,0,147,2026-02-03 22:29:26.383226
WNTR,25.63,25.48,25.63,2120800.0,2108000.0,0,0,0,0,0,0,0,0,0,0,0,0,0,0,0,0,0,147,2026-02-03 22:29:26.383226
SPNG,24.71,24.51,24.71,2272300.0,2084400.0,0,0,0,0,0,0,0,0,0,0,0,0,0,0,0,0,0,148,2026-02-03 22:29:27.423939
SMMR,24.9,24.9,25.04,2153900.0,1923700.0,0,0,0,0,0,0,0,0,0,0,0,0,0,0,0,0,0,148,2026-02-03 22:29:27.423939
ATMN,26.35,26.35,26.44,1998500.0,1899600.0,0,0,0,0,0,0,0,0,0,0,0,0,0,0,0,0,0,148,2026-02-03 22:29:27.423939
WNTR,25.44,25.44,25.63,2003400.0,2108000.0,0,0,0,0,0,0,0,0,0,0,0,0,0,0,0,0,0,148,2026-02-03 22:29:27.423939
SPNG,24.98,24.98,25.04,2252800.0,1994500.0,0,0,0,0,0,0,0,0,0,0,0,0,0,0,0,0,0,149,2026-02-03 22:29:28.467018
SMMR,25.02,24.98,25.02,2139300.0,1995600.0,0,0,0,0,0,0,0,0,0,0,0,0,0,0,0,0,0,149,2026-02-03 22:29:28.467018
ATMN,26.19,26.19,26.26,2009800.0,1905100.0,0,0,0,0,0,0,0,0,0,0,0,0,0,0,0,0,0,149,2026-02-03 22:29:28.467018
WNTR,25.67,25.44,25.54,2003400.0,2128700.0,0,0,0,0,0,0,0,0,0,0,0,0,0,0,0,0,0,149,2026-02-03 22:29:28.467018
SPNG,25.04,24.51,25.04,2272300.0,2007100.0,0,0,0,0,0,0,0,0,0,0,0,0,0,0,0,0,0,150,2026-02-03 22:29:29.527517
SMMR,25.08,24.98,25.08,2137700.0,1937200.0,0,0,0,0,0,0,0,0,0,0,0,0,0,0,0,0,0,150,2026-02-03 22:29:29.527517
ATMN,26.19,26.19,26.24,2002100.0,1875800.0,0,0,0,0,0,0,0,0,0,0,0,0,0,0,0,0,0,150,2026-02-03 22:29:29.527517
WNTR,25.7,25.44,25.45,2003400.0,2123000.0,0,0,0,0,0,0,0,0,0,0,0,0,0,0,0,0,0,150,2026-02-03 22:29:29.527517
SPNG,24.82,24.9,25.04,2263900.0,2032400.0,0,0,0,0,0,0,0,0,0,0,0,0,0,0,0,0,0,151,2026-02-03 22:29:30.585622
SMMR,24.98,24.98,25.08,2121100.0,1937200.0,0,0,0,0,0,0,0,0,0,0,0,0,0,0,0,0,0,151,2026-02-03 22:29:30.585622
ATMN,26.13,26.18,26.24,1999700.0,1875800.0,0,0,0,0,0,0,0,0,0,0,0,0,0,0,0,0,0,151,2026-02-03 22:29:30.585622
WNTR,25.42,25.42,25.62,1979900.0,2143300.0,0,0,0,0,0,0,0,0,0,0,0,0,0,0,0,0,0,151,2026-02-03 22:29:30.585622
SPNG,24.9,24.51,24.9,2265400.0,2082200.0,0,0,0,0,0,0,0,0,0,0,0,0,0,0,0,0,0,152,2026-02-03 22:29:31.636445
SMMR,25.09,25.09,25.13,2109200.0,1930600.0,0,0,0,0,0,0,0,0,0,0,0,0,0,0,0,0,0,152,2026-02-03 22:29:31.636445
ATMN,26.26,26.13,26.26,2014400.0,1905100.0,0,0,0,0,0,0,0,0,0,0,0,0,0,0,0,0,0,152,2026-02-03 22:29:31.636445
WNTR,25.72,25.42,25.72,1979900.0,2112300.0,0,0,0,0,0,0,0,0,0,0,0,0,0,0,0,0,0,152,2026-02-03 22:29:31.636445
SPNG,24.9,24.61,24.9,2207100.0,2082200.0,0,0,0,0,0,0,0,0,0,0,0,0,0,0,0,0,0,153,2026-02-03 22:29:32.692822
SMMR,25.13,24.98,25.09,2121100.0,1945000.0,0,0,0,0,0,0,0,0,0,0,0,0,0,0,0,0,0,153,2026-02-03 22:29:32.692822
ATMN,26.44,26.13,26.44,2021000.0,1903800.0,0,0,0,0,0,0,0,0,0,0,0,0,0,0,0,0,0,153,2026-02-03 22:29:32.692822
WNTR,25.66,25.42,25.66,2095900.0,2135900.0,0,0,0,0,0,0,0,0,0,0,0,0,0,0,0,0,0,153,2026-02-03 22:29:32.692822
SPNG,25.07,24.61,25.07,2207100.0,2035400.0,0,0,0,0,0,0,0,0,0,0,0,0,0,0,0,0,0,154,2026-02-03 22:29:33.785882
SMMR,25.17,24.93,25.17,2126400.0,1928600.0,0,0,0,0,0,0,0,0,0,0,0,0,0,0,0,0,0,154,2026-02-03 22:29:33.785882
ATMN,26.44,26.45,26.53,1984900.0,1941100.0,0,0,0,0,0,0,0,0,0,0,0,0,0,0,0,0,0,154,2026-02-03 22:29:33.785882
WNTR,25.66,25.42,25.55,2173900.0,2175600.0,0,0,0,0,0,0,0,0,0,0,0,0,0,0,0,0,0,154,2026-02-03 22:29:33.785882
SPNG,25.07,24.61,25.07,2207100.0,2132900.0,0,0,0,0,0,0,0,0,0,0,0,0,0,0,0,0,0,155,2026-02-03 22:29:34.822865
SMMR,25.04,25.06,25.17,2068900.0,1949700.0,0,0,0,0,0,0,0,0,0,0,0,0,0,0,0,0,0,155,2026-02-03 22:29:34.822865
ATMN,26.32,26.49,26.53,1973800.0,1941100.0,0,0,0,0,0,0,0,0,0,0,0,0,0,0,0,0,0,155,2026-02-03 22:29:34.822865
WNTR,25.66,25.42,25.55,2169700.0,2181200.0,0,0,0,0,0,0,0,0,0,0,0,0,0,0,0,0,0,155,2026-02-03 22:29:34.822865
SPNG,25.07,24.61,25.07,2207100.0,2106500.0,0,0,0,0,0,0,0,0,0,0,0,0,0,0,0,0,0,156,2026-02-03 22:29:35.382935
SMMR,25.03,25.16,25.17,2099800.0,1949700.0,0,0,0,0,0,0,0,0,0,0,0,0,0,0,0,0,0,156,2026-02-03 22:29:35.382935
ATMN,26.53,26.49,26.53,1973800.0,1941100.0,0,0,0,0,0,0,0,0,0,0,0,0,0,0,0,0,0,156,2026-02-03 22:29:35.382935
WNTR,25.66,25.42,25.55,2177200.0,2197200.0,0,0,0,0,0,0,0,0,0,0,0,0,0,0,0,0,0,156,2026-02-03 22:29:35.382935
SPNG,25.07,24.61,24.65,2207100.0,2133700.0,0,0,0,0,0,0,0,0,0,0,0,0,0,0,0,0,0,157,2026-02-03 22:29:36.457844
SMMR,24.93,24.98,25.09,2080000.0,1986900.0,0,0,0,0,0,0,0,0,0,0,0,0,0,0,0,0,0,157,2026-02-03 22:29:36.457844
ATMN,26.54,26.49,26.54,1995400.0,1932100.0,0,0,0,0,0,0,0,0,0,0,0,0,0,0,0,0,0,157,2026-02-03 22:29:36.457844
WNTR,25.55,25.54,25.55,2169600.0,2197200.0,0,0,0,0,0,0,0,0,0,0,0,0,0,0,0,0,0,157,2026-02-03 22:29:36.457844
SPNG,24.61,24.61,24.65,2207100.0,2133700.0,0,0,0,0,0,0,0,0,0,0,0,0,0,0,0,0,0,158,2026-02-03 22:29:37.546370
SMMR,24.98,24.98,25.04,2080000.0,1961700.0,0,0,0,0,0,0,0,0,0,0,0,0,0,0,0,0,0,158,2026-02-03 22:29:37.546370
ATMN,26.32,26.45,26.61,1973800.0,1914700.0,0,0,0,0,0,0,0,0,0,0,0,0,0,0,0,0,0,158,2026-02-03 22:29:37.546370
WNTR,25.55,25.54,25.55,2141000.0,2196500.0,0,0,0,0,0,0,0,0,0,0,0,0,0,0,0,0,0,158,2026-02-03 22:29:37.546370
SPNG,24.43,24.45,24.65,2197700.0,2137200.0,0,0,0,0,0,0,0,0,0,0,0,0,0,0,0,0,0,159,2026-02-03 22:29:38.932871
SMMR,25.04,24.94,25.04,2105200.0,1961700.0,0,0,0,0,0,0,0,0,0,0,0,0,0,0,0,0,0,159,2026-02-03 22:29:38.932871
ATMN,26.65,26.3,26.65,1980300.0,1930100.0,0,0,0,0,0,0,0,0,0,0,0,0,0,0,0,0,0,159,2026-02-03 22:29:38.932871
WNTR,25.52,25.52,25.55,2155300.0,2196500.0,0,0,0,0,0,0,0,0,0,0,0,0,0,0,0,0,0,159,2026-02-03 22:29:38.932871
SPNG,24.65,24.8,24.85,2214100.0,2138200.0,0,0,0,0,0,0,0,0,0,0,0,0,0,0,0,0,0,160,2026-02-03 22:29:39.763977
SMMR,25.04,25.06,25.09,2109800.0,1969700.0,0,0,0,0,0,0,0,0,0,0,0,0,0,0,0,0,0,160,2026-02-03 22:29:39.763977
ATMN,26.65,26.47,26.65,1963400.0,1934200.0,0,0,0,0,0,0,0,0,0,0,0,0,0,0,0,0,0,160,2026-02-03 22:29:39.763977
WNTR,25.72,25.52,25.72,2155300.0,2151100.0,0,0,0,0,0,0,0,0,0,0,0,0,0,0,0,0,0,160,2026-02-03 22:29:39.763977
SPNG,24.45,24.45,24.85,2195400.0,2120100.0,0,0,0,0,0,0,0,0,0,0,0,0,0,0,0,0,0,161,2026-02-03 22:29:40.419971
SMMR,25.04,25.06,25.09,2138400.0,1957100.0,0,0,0,0,0,0,0,0,0,0,0,0,0,0,0,0,0,161,2026-02-03 22:29:40.419971
ATMN,26.65,26.47,26.61,1963400.0,1934400.0,0,0,0,0,0,0,0,0,0,0,0,0,0,0,0,0,0,161,2026-02-03 22:29:40.419971
WNTR,25.72,25.42,25.72,2158400.0,2131700.0,0,0,0,0,0,0,0,0,0,0,0,0,0,0,0,0,0,161,2026-02-03 22:29:40.419971
SPNG,24.45,24.72,24.85,2168500.0,2127200.0,0,0,0,0,0,0,0,0,0,0,0,0,0,0,0,0,0,162,2026-02-03 22:29:41.677492
SMMR,25.19,25.06,25.19,2138400.0,1950900.0,0,0,0,0,0,0,0,0,0,0,0,0,0,0,0,0,0,162,2026-02-03 22:29:41.677492
ATMN,26.47,26.47,26.61,1957300.0,1931900.0,0,0,0,0,0,0,0,0,0,0,0,0,0,0,0,0,0,162,2026-02-03 22:29:41.677492
WNTR,25.56,25.38,25.56,2198800.0,2175800.0,0,0,0,0,0,0,0,0,0,0,0,0,0,0,0,0,0,162,2026-02-03 22:29:41.677492
SPNG,24.54,24.54,24.83,2196500.0,2139600.0,0,0,0,0,0,0,0,0,0,0,0,0,0,0,0,0,0,163,2026-02-03 22:29:42.860797
SMMR,25.22,25.14,25.22,2126100.0,1951700.0,0,0,0,0,0,0,0,0,0,0,0,0,0,0,0,0,0,163,2026-02-03 22:29:42.860797
ATMN,26.61,26.38,26.61,1966400.0,1937800.0,0,0,0,0,0,0,0,0,0,0,0,0,0,0,0,0,0,163,2026-02-03 22:29:42.860797
WNTR,25.56,25.63,25.65,2201400.0,2160800.0,0,0,0,0,0,0,0,0,0,0,0,0,0,0,0,0,0,163,2026-02-03 22:29:42.860797
SPNG,24.54,24.54,24.83,2196500.0,2139600.0,0,0,0,0,0,0,0,0,0,0,0,0,0,0,0,0,0,164,2026-02-03 22:29:43.422774
SMMR,24.94,24.94,25.22,2131800.0,1951700.0,0,0,0,0,0,0,0,0,0,0,0,0,0,0,0,0,0,164,2026-02-03 22:29:43.422774
ATMN,26.21,26.21,26.61,1957600.0,1937800.0,0,0,0,0,0,0,0,0,0,0,0,0,0,0,0,0,0,164,2026-02-03 22:29:43.422774
WNTR,25.63,25.63,25.65,2201400.0,2154600.0,0,0,0,0,0,0,0,0,0,0,0,0,0,0,0,0,0,164,2026-02-03 22:29:43.422774
SPNG,24.54,24.69,24.83,2222800.0,2122500.0,0,0,0,0,0,0,0,0,0,0,0,0,0,0,0,0,0,165,2026-02-03 22:29:44.551612
SMMR,24.94,24.94,24.99,2154000.0,1981200.0,0,0,0,0,0,0,0,0,0,0,0,0,0,0,0,0,0,165,2026-02-03 22:29:44.551612
ATMN,26.49,26.49,26.61,1987100.0,1937800.0,0,0,0,0,0,0,0,0,0,0,0,0,0,0,0,0,0,165,2026-02-03 22:29:44.551612
WNTR,25.58,25.58,25.6,2208500.0,2170700.0,0,0,0,0,0,0,0,0,0,0,0,0,0,0,0,0,0,165,2026-02-03 22:29:44.551612
SPNG,24.47,24.47,24.69,2214600.0,2136600.0,0,0,0,0,0,0,0,0,0,0,0,0,0,0,0,0,0,166,2026-02-03 22:29:45.649566
SMMR,24.99,25.0,25.2,2128400.0,1987900.0,0,0,0,0,0,0,0,0,0,0,0,0,0,0,0,0,0,166,2026-02-03 22:29:45.649566
ATMN,26.38,26.38,26.47,1971700.0,1947300.0,0,0,0,0,0,0,0,0,0,0,0,0,0,0,0,0,0,166,2026-02-03 22:29:45.649566
WNTR,25.38,25.38,25.6,2212700.0,2140700.0,0,0,0,0,0,0,0,0,0,0,0,0,0,0,0,0,0,166,2026-02-03 22:29:45.649566
SPNG,24.47,24.47,24.69,2213300.0,2136600.0,0,0,0,0,0,0,0,0,0,0,0,0,0,0,0,0,0,167,2026-02-03 22:29:46.750588
SMMR,25.05,25.13,25.2,2157800.0,1987900.0,0,0,0,0,0,0,0,0,0,0,0,0,0,0,0,0,0,167,2026-02-03 22:29:46.750588
ATMN,26.38,26.21,26.38,1962900.0,1931500.0,0,0,0,0,0,0,0,0,0,0,0,0,0,0,0,0,0,167,2026-02-03 22:29:46.750588
WNTR,25.59,25.54,25.57,2199000.0,2142100.0,0,0,0,0,0,0,0,0,0,0,0,0,0,0,0,0,0,167,2026-02-03 22:29:46.750588
SPNG,24.47,24.47,24.75,2213300.0,2117500.0,0,0,0,0,0,0,0,0,0,0,0,0,0,0,0,0,0,168,2026-02-03 22:29:47.811543
SMMR,25.05,25.13,25.2,2157800.0,1982400.0,0,0,0,0,0,0,0,0,0,0,0,0,0,0,0,0,0,168,2026-02-03 22:29:47.811543
ATMN,26.38,26.36,26.38,1970600.0,1931500.0,0,0,0,0,0,0,0,0,0,0,0,0,0,0,0,0,0,168,2026-02-03 22:29:47.811543
WNTR,25.57,25.54,25.57,2221600.0,2142100.0,0,0,0,0,0,0,0,0,0,0,0,0,0,0,0,0,0,168,2026-02-03 22:29:47.811543
SPNG,24.47,24.58,24.75,2230000.0,2127200.0,0,0,0,0,0,0,0,0,0,0,0,0,0,0,0,0,0,169,2026-02-03 22:29:48.932956
SMMR,25.0,25.07,25.1,2156400.0,1988500.0,0,0,0,0,0,0,0,0,0,0,0,0,0,0,0,0,0,169,2026-02-03 22:29:48.932956
ATMN,26.36,26.36,26.61,1980000.0,1937800.0,0,0,0,0,0,0,0,0,0,0,0,0,0,0,0,0,0,169,2026-02-03 22:29:48.932956
WNTR,25.57,25.64,25.65,2256600.0,2134900.0,0,0,0,0,0,0,0,0,0,0,0,0,0,0,0,0,0,169,2026-02-03 22:29:48.932956
SPNG,24.58,24.58,24.75,2230000.0,2127200.0,0,0,0,0,0,0,0,0,0,0,0,0,0,0,0,0,0,170,2026-02-03 22:29:49.499716
SMMR,25.0,25.07,25.1,2156400.0,1992700.0,0,0,0,0,0,0,0,0,0,0,0,0,0,0,0,0,0,170,2026-02-03 22:29:49.499716
ATMN,26.56,26.36,26.56,1980000.0,1935600.0,0,0,0,0,0,0,0,0,0,0,0,0,0,0,0,0,0,170,2026-02-03 22:29:49.499716
WNTR,25.57,25.64,25.65,2256600.0,2115600.0,0,0,0,0,0,0,0,0,0,0,0,0,0,0,0,0,0,170,2026-02-03 22:29:49.499716
SPNG,24.45,24.45,24.75,2207200.0,2134500.0,0,0,0,0,0,0,0,0,0,0,0,0,0,0,0,0,0,171,2026-02-03 22:29:50.651472
SMMR,25.07,25.07,25.1,2156400.0,2018300.0,0,0,0,0,0,0,0,0,0,0,0,0,0,0,0,0,0,171,2026-02-03 22:29:50.651472
ATMN,26.65,26.47,26.65,1950500.0,1945400.0,0,0,0,0,0,0,0,0,0,0,0,0,0,0,0,0,0,171,2026-02-03 22:29:50.651472
WNTR,25.66,25.64,25.66,2256600.0,2083400.0,0,0,0,0,0,0,0,0,0,0,0,0,0,0,0,0,0,171,2026-02-03 22:29:50.651472
SPNG,24.45,24.45,24.75,2210200.0,2146600.0,0,0,0,0,0,0,0,0,0,0,0,0,0,0,0,0,0,172,2026-02-03 22:29:51.723922
SMMR,25.02,25.02,25.09,2130300.0,2035000.0,0,0,0,0,0,0,0,0,0,0,0,0,0,0,0,0,0,172,2026-02-03 22:29:51.723922
ATMN,26.6,26.44,26.6,1963500.0,1961100.0,0,0,0,0,0,0,0,0,0,0,0,0,0,0,0,0,0,172,2026-02-03 22:29:51.723922
WNTR,25.66,25.62,25.66,2247700.0,2097100.0,0,0,0,0,0,0,0,0,0,0,0,0,0,0,0,0,0,172,2026-02-03 22:29:51.723922
SPNG,24.79,24.45,24.79,2217000.0,2142100.0,0,0,0,0,0,0,0,0,0,0,0,0,0,0,0,0,0,173,2026-02-03 22:29:52.753993
SMMR,25.02,25.02,25.05,2136400.0,2040000.0,0,0,0,0,0,0,0,0,0,0,0,0,0,0,0,0,0,173,2026-02-03 22:29:52.753993
ATMN,26.58,26.58,26.67,1961700.0,1958100.0,0,0,0,0,0,0,0,0,0,0,0,0,0,0,0,0,0,173,2026-02-03 22:29:52.753993
WNTR,25.66,25.64,25.66,2234200.0,2111900.0,0,0,0,0,0,0,0,0,0,0,0,0,0,0,0,0,0,173,2026-02-03 22:29:52.753993
SPNG,24.79,24.45,24.68,2217000.0,2149200.0,0,0,0,0,0,0,0,0,0,0,0,0,0,0,0,0,0,174,2026-02-03 22:29:53.783042
SMMR,25.02,25.02,25.05,2091600.0,2040000.0,0,0,0,0,0,0,0,0,0,0,0,0,0,0,0,0,0,174,2026-02-03 22:29:53.783042
ATMN,26.34,26.34,26.67,1967000.0,1958100.0,0,0,0,0,0,0,0,0,0,0,0,0,0,0,0,0,0,174,2026-02-03 22:29:53.783042
WNTR,25.66,25.62,25.66,2269600.0,2087100.0,0,0,0,0,0,0,0,0,0,0,0,0,0,0,0,0,0,174,2026-02-03 22:29:53.783042
SPNG,24.79,24.45,24.63,2184600.0,2133600.0,0,0,0,0,0,0,0,0,0,0,0,0,0,0,0,0,0,175,2026-02-03 22:29:54.819240
SMMR,25.0,25.0,25.16,2103500.0,2025800.0,0,0,0,0,0,0,0,0,0,0,0,0,0,0,0,0,0,175,2026-02-03 22:29:54.819240
ATMN,26.67,26.37,26.67,1930500.0,1949400.0,0,0,0,0,0,0,0,0,0,0,0,0,0,0,0,0,0,175,2026-02-03 22:29:54.819240
WNTR,25.62,25.57,25.6,2255000.0,2097500.0,0,0,0,0,0,0,0,0,0,0,0,0,0,0,0,0,0,175,2026-02-03 22:29:54.819240
SPNG,24.39,24.39,24.63,2199700.0,2133600.0,0,0,0,0,0,0,0,0,0,0,0,0,0,0,0,0,0,176,2026-02-03 22:29:55.934237
SMMR,24.98,24.97,24.98,2137500.0,2013400.0,0,0,0,0,0,0,0,0,0,0,0,0,0,0,0,0,0,176,2026-02-03 22:29:55.934237
ATMN,26.72,26.5,26.72,1909000.0,1961200.0,0,0,0,0,0,0,0,0,0,0,0,0,0,0,0,0,0,176,2026-02-03 22:29:55.934237
WNTR,25.57,25.57,25.6,2255200.0,2087600.0,0,0,0,0,0,0,0,0,0,0,0,0,0,0,0,0,0,176,2026-02-03 22:29:55.934237
SPNG,24.39,24.43,24.63,2185900.0,2147400.0,0,0,0,0,0,0,0,0,0,0,0,0,0,0,0,0,0,177,2026-02-03 22:29:56.965330
SMMR,24.98,24.97,24.98,2123600.0,2013400.0,0,0,0,0,0,0,0,0,0,0,0,0,0,0,0,0,0,177,2026-02-03 22:29:56.965330
ATMN,26.72,26.5,26.55,1935900.0,1952600.0,0,0,0,0,0,0,0,0,0,0,0,0,0,0,0,0,0,177,2026-02-03 22:29:56.965330
WNTR,25.53,25.53,25.6,2228700.0,2087600.0,0,0,0,0,0,0,0,0,0,0,0,0,0,0,0,0,0,177,2026-02-03 22:29:56.965330
SPNG,24.39,24.39,24.63,2218100.0,2147400.0,0,0,0,0,0,0,0,0,0,0,0,0,0,0,0,0,0,178,2026-02-03 22:29:57.522790
SMMR,24.97,24.97,25.15,2123600.0,2007000.0,0,0,0,0,0,0,0,0,0,0,0,0,0,0,0,0,0,178,2026-02-03 22:29:57.522790
ATMN,26.67,26.62,26.67,1957300.0,1958100.0,0,0,0,0,0,0,0,0,0,0,0,0,0,0,0,0,0,178,2026-02-03 22:29:57.522790
WNTR,25.48,25.48,25.6,2219700.0,2087600.0,0,0,0,0,0,0,0,0,0,0,0,0,0,0,0,0,0,178,2026-02-03 22:29:57.522790
SPNG,24.39,24.41,24.42,2237100.0,2141500.0,0,0,0,0,0,0,0,0,0,0,0,0,0,0,0,0,0,179,2026-02-03 22:29:58.589974
SMMR,24.97,24.97,25.03,2123600.0,2019100.0,0,0,0,0,0,0,0,0,0,0,0,0,0,0,0,0,0,179,2026-02-03 22:29:58.589974
ATMN,26.67,26.63,26.67,1973500.0,1949300.0,0,0,0,0,0,0,0,0,0,0,0,0,0,0,0,0,0,179,2026-02-03 22:29:58.589974
WNTR,25.6,25.59,25.6,2222600.0,2085800.0,0,0,0,0,0,0,0,0,0,0,0,0,0,0,0,0,0,179,2026-02-03 22:29:58.589974
SPNG,24.42,25.74,0.0,200000.0,0,0,0,0,0,0,0,0,0,0,0,0,0,0,0,0,0,0,180,2026-02-03 22:29:59.636080
SMMR,24.99,25.03,0.0,200000.0,0,0,0,0,0,0,0,0,0,0,0,0,0,0,0,0,0,0,180,2026-02-03 22:29:59.636080
ATMN,26.71,26.08,0.0,200000.0,0,0,0,0,0,0,0,0,0,0,0,0,0,0,0,0,0,0,180,2026-02-03 22:29:59.636080
WNTR,25.57,25.45,0.0,200000.0,0,0,0,0,0,0,0,0,0,0,0,0,0,0,0,0,0,0,180,2026-02-03 22:29:59.636080
SPNG,25.74,25.74,25.75,1207400.0,753200.0,0,0,0,0,0,0,0,0,0,0,0,0,0,0,0,0,0,181,2026-02-03 22:30:00.671856
SMMR,25.03,24.42,24.88,860300.0,950500.0,0,0,0,0,0,0,0,0,0,0,0,0,0,0,0,0,0,181,2026-02-03 22:30:00.671856
ATMN,26.08,26.08,26.17,972000.0,907200.0,0,0,0,0,0,0,0,0,0,0,0,0,0,0,0,0,0,181,2026-02-03 22:30:00.671856
WNTR,25.57,25.65,26.12,926000.0,1058700.0,0,0,0,0,0,0,0,0,0,0,0,0,0,0,0,0,0,181,2026-02-03 22:30:00.671856
SPNG,25.66,25.66,25.75,1354500.0,753200.0,0,0,0,0,0,0,0,0,0,0,0,0,0,0,0,0,0,182,2026-02-03 22:30:01.705700
SMMR,25.31,24.78,25.31,1074100.0,839300.0,0,0,0,0,0,0,0,0,0,0,0,0,0,0,0,0,0,182,2026-02-03 22:30:01.705700
ATMN,26.25,26.08,26.25,972000.0,901200.0,0,0,0,0,0,0,0,0,0,0,0,0,0,0,0,0,0,182,2026-02-03 22:30:01.705700
WNTR,25.65,25.65,25.72,926000.0,1354600.0,0,0,0,0,0,0,0,0,0,0,0,0,0,0,0,0,0,182,2026-02-03 22:30:01.705700
SPNG,25.66,25.54,25.59,1483800.0,860500.0,0,0,0,0,0,0,0,0,0,0,0,0,0,0,0,0,0,183,2026-02-03 22:30:02.756004
SMMR,25.31,24.89,25.31,1189400.0,957700.0,0,0,0,0,0,0,0,0,0,0,0,0,0,0,0,0,0,183,2026-02-03 22:30:02.756004
ATMN,26.08,26.08,26.25,872000.0,1015700.0,0,0,0,0,0,0,0,0,0,0,0,0,0,0,0,0,0,183,2026-02-03 22:30:02.756004
WNTR,25.45,25.45,25.68,906200.0,1565100.0,0,0,0,0,0,0,0,0,0,0,0,0,0,0,0,0,0,183,2026-02-03 22:30:02.756004
SPNG,25.75,25.57,25.75,1727900.0,753200.0,0,0,0,0,0,0,0,0,0,0,0,0,0,0,0,0,0,184,2026-02-03 22:30:03.795460
SMMR,25.31,24.89,25.31,1290700.0,1131100.0,0,0,0,0,0,0,0,0,0,0,0,0,0,0,0,0,0,184,2026-02-03 22:30:03.795460
ATMN,25.53,25.53,26.32,870300.0,936000.0,0,0,0,0,0,0,0,0,0,0,0,0,0,0,0,0,0,184,2026-02-03 22:30:03.795460
WNTR,25.28,25.28,25.48,902200.0,1670400.0,0,0,0,0,0,0,0,0,0,0,0,0,0,0,0,0,0,184,2026-02-03 22:30:03.795460
SPNG,25.57,25.54,25.75,1782600.0,869800.0,0,0,0,0,0,0,0,0,0,0,0,0,0,0,0,0,0,185,2026-02-03 22:30:05.906731
SMMR,25.31,25.07,25.14,1374900.0,1160800.0,0,0,0,0,0,0,0,0,0,0,0,0,0,0,0,0,0,185,2026-02-03 22:30:05.906731
ATMN,25.53,26.29,26.32,1146600.0,1029300.0,0,0,0,0,0,0,0,0,0,0,0,0,0,0,0,0,0,185,2026-02-03 22:30:05.906731
WNTR,25.4,25.4,25.48,1128000.0,1670400.0,0,0,0,0,0,0,0,0,0,0,0,0,0,0,0,0,0,185,2026-02-03 22:30:05.906731
SPNG,25.57,25.54,25.66,2038000.0,975700.0,0,0,0,0,0,0,0,0,0,0,0,0,0,0,0,0,0,186,2026-02-03 22:30:06.956894
SMMR,25.31,25.12,25.14,1466800.0,1465600.0,0,0,0,0,0,0,0,0,0,0,0,0,0,0,0,0,0,186,2026-02-03 22:30:06.956894
ATMN,26.29,26.29,26.32,1146600.0,1206300.0,0,0,0,0,0,0,0,0,0,0,0,0,0,0,0,0,0,186,2026-02-03 22:30:06.956894
WNTR,25.48,25.5,25.64,1123300.0,1661600.0,0,0,0,0,0,0,0,0,0,0,0,0,0,0,0,0,0,186,2026-02-03 22:30:06.956894
SPNG,25.75,25.59,25.75,2259000.0,869800.0,0,0,0,0,0,0,0,0,0,0,0,0,0,0,0,0,0,187,2026-02-03 22:30:07.998809
SMMR,25.31,25.13,25.14,1572900.0,1658900.0,0,0,0,0,0,0,0,0,0,0,0,0,0,0,0,0,0,187,2026-02-03 22:30:07.998809
ATMN,26.29,26.06,26.24,1147000.0,1512600.0,0,0,0,0,0,0,0,0,0,0,0,0,0,0,0,0,0,187,2026-02-03 22:30:07.998809
WNTR,25.48,25.5,25.6,1123300.0,1997400.0,0,0,0,0,0,0,0,0,0,0,0,0,0,0,0,0,0,187,2026-02-03 22:30:07.998809
SPNG,25.76,26.46,26.51,2379900.0,806500.0,0,0,0,0,0,0,0,0,0,0,0,0,0,0,0,0,0,188,2026-02-03 22:30:09.050435
SMMR,25.12,25.12,25.13,1580200.0,1748500.0,0,0,0,0,0,0,0,0,0,0,0,0,0,0,0,0,0,188,2026-02-03 22:30:09.050435
ATMN,26.04,26.04,26.07,1056300.0,1702100.0,0,0,0,0,0,0,0,0,0,0,0,0,0,0,0,0,0,188,2026-02-03 22:30:09.050435
WNTR,25.05,25.05,25.53,900800.0,2100800.0,0,0,0,0,0,0,0,0,0,0,0,0,0,0,0,0,0,188,2026-02-03 22:30:09.050435
SPNG,25.54,25.54,25.58,2155400.0,1007900.0,0,0,0,0,0,0,0,0,0,0,0,0,0,0,0,0,0,189,2026-02-03 22:30:10.116694
SMMR,25.13,25.12,25.13,1580200.0,1952700.0,0,0,0,0,0,0,0,0,0,0,0,0,0,0,0,0,0,189,2026-02-03 22:30:10.116694
ATMN,26.07,26.1,26.19,1171600.0,1793800.0,0,0,0,0,0,0,0,0,0,0,0,0,0,0,0,0,0,189,2026-02-03 22:30:10.116694
WNTR,25.53,25.37,25.53,1106100.0,2100800.0,0,0,0,0,0,0,0,0,0,0,0,0,0,0,0,0,0,189,2026-02-03 22:30:10.116694
SPNG,25.58,25.54,25.58,2263600.0,1007900.0,0,0,0,0,0,0,0,0,0,0,0,0,0,0,0,0,0,190,2026-02-03 22:30:10.662910
SMMR,25.12,25.12,25.13,1488300.0,1952700.0,0,0,0,0,0,0,0,0,0,0,0,0,0,0,0,0,0,190,2026-02-03 22:30:10.662910
ATMN,26.1,26.14,26.19,1257300.0,1793800.0,0,0,0,0,0,0,0,0,0,0,0,0,0,0,0,0,0,190,2026-02-03 22:30:10.662910
WNTR,25.53,25.43,25.53,1422500.0,2100800.0,0,0,0,0,0,0,0,0,0,0,0,0,0,0,0,0,0,190,2026-02-03 22:30:10.662910
SPNG,25.58,25.9,26.14,2381900.0,1085200.0,0,0,0,0,0,0,0,0,0,0,0,0,0,0,0,0,0,191,2026-02-03 22:30:11.697047
SMMR,25.07,24.96,25.07,1388200.0,1995400.0,0,0,0,0,0,0,0,0,0,0,0,0,0,0,0,0,0,191,2026-02-03 22:30:11.697047
ATMN,26.24,26.14,26.15,1257300.0,1906100.0,0,0,0,0,0,0,0,0,0,0,0,0,0,0,0,0,0,191,2026-02-03 22:30:11.697047
WNTR,25.37,25.37,25.4,1419400.0,2096300.0,0,0,0,0,0,0,0,0,0,0,0,0,0,0,0,0,0,191,2026-02-03 22:30:11.697047
SPNG,25.9,25.54,25.75,2287400.0,1289800.0,0,0,0,0,0,0,0,0,0,0,0,0,0,0,0,0,0,192,2026-02-03 22:30:12.737371
SMMR,25.14,24.96,25.03,1502100.0,1995100.0,0,0,0,0,0,0,0,0,0,0,0,0,0,0,0,0,0,192,2026-02-03 22:30:12.737371
ATMN,26.24,25.91,26.24,1058700.0,1814200.0,0,0,0,0,0,0,0,0,0,0,0,0,0,0,0,0,0,192,2026-02-03 22:30:12.737371
WNTR,25.32,25.32,25.4,1545600.0,2096300.0,0,0,0,0,0,0,0,0,0,0,0,0,0,0,0,0,0,192,2026-02-03 22:30:12.737371
SPNG,25.93,26.11,26.14,2248700.0,1179600.0,0,0,0,0,0,0,0,0,0,0,0,0,0,0,0,0,0,193,2026-02-03 22:30:13.786250
SMMR,25.14,24.96,25.03,1854000.0,1995100.0,0,0,0,0,0,0,0,0,0,0,0,0,0,0,0,0,0,193,2026-02-03 22:30:13.786250
ATMN,26.2,25.91,26.15,1178400.0,1900100.0,0,0,0,0,0,0,0,0,0,0,0,0,0,0,0,0,0,193,2026-02-03 22:30:13.786250
WNTR,25.32,25.53,25.6,1664900.0,2084800.0,0,0,0,0,0,0,0,0,0,0,0,0,0,0,0,0,0,193,2026-02-03 22:30:13.786250
SPNG,25.54,25.54,26.14,2241900.0,1179600.0,0,0,0,0,0,0,0,0,0,0,0,0,0,0,0,0,0,194,2026-02-03 22:30:14.826812
SMMR,25.14,24.96,25.14,1978300.0,1966900.0,0,0,0,0,0,0,0,0,0,0,0,0,0,0,0,0,0,194,2026-02-03 22:30:14.826812
ATMN,26.2,25.91,26.0,1491600.0,1935500.0,0,0,0,0,0,0,0,0,0,0,0,0,0,0,0,0,0,194,2026-02-03 22:30:14.826812
WNTR,25.6,25.53,25.6,1664900.0,2076400.0,0,0,0,0,0,0,0,0,0,0,0,0,0,0,0,0,0,194,2026-02-03 22:30:14.826812
SPNG,25.44,25.44,26.17,2281200.0,1091200.0,0,0,0,0,0,0,0,0,0,0,0,0,0,0,0,0,0,195,2026-02-03 22:30:15.864221
SMMR,25.14,24.96,25.02,2103200.0,2037300.0,0,0,0,0,0,0,0,0,0,0,0,0,0,0,0,0,0,195,2026-02-03 22:30:15.864221
ATMN,26.0,25.91,26.0,1730100.0,1935500.0,0,0,0,0,0,0,0,0,0,0,0,0,0,0,0,0,0,195,2026-02-03 22:30:15.864221
WNTR,25.32,25.31,25.32,1550300.0,2093700.0,0,0,0,0,0,0,0,0,0,0,0,0,0,0,0,0,0,195,2026-02-03 22:30:15.864221
SPNG,25.44,26.06,26.07,2242000.0,1314900.0,0,0,0,0,0,0,0,0,0,0,0,0,0,0,0,0,0,196,2026-02-03 22:30:16.897234
SMMR,25.07,24.96,25.07,2196800.0,1999500.0,0,0,0,0,0,0,0,0,0,0,0,0,0,0,0,0,0,196,2026-02-03 22:30:16.897234
ATMN,26.27,25.96,26.2,1835600.0,1811700.0,0,0,0,0,0,0,0,0,0,0,0,0,0,0,0,0,0,196,2026-02-03 22:30:16.897234
WNTR,25.61,25.31,25.44,1648400.0,2065300.0,0,0,0,0,0,0,0,0,0,0,0,0,0,0,0,0,0,196,2026-02-03 22:30:16.897234
SPNG,26.06,26.06,26.07,2242000.0,1505200.0,0,0,0,0,0,0,0,0,0,0,0,0,0,0,0,0,0,197,2026-02-03 22:30:17.923730
SMMR,24.96,24.94,24.96,2190300.0,1979600.0,0,0,0,0,0,0,0,0,0,0,0,0,0,0,0,0,0,197,2026-02-03 22:30:17.923730
ATMN,26.27,25.96,26.27,2008300.0,1800500.0,0,0,0,0,0,0,0,0,0,0,0,0,0,0,0,0,0,197,2026-02-03 22:30:17.923730
WNTR,25.61,25.5,25.61,1865100.0,2080600.0,0,0,0,0,0,0,0,0,0,0,0,0,0,0,0,0,0,197,2026-02-03 22:30:17.923730
SPNG,26.07,25.44,26.07,2281200.0,1679100.0,0,0,0,0,0,0,0,0,0,0,0,0,0,0,0,0,0,198,2026-02-03 22:30:18.950753
SMMR,25.17,25.04,25.17,2158300.0,1958400.0,0,0,0,0,0,0,0,0,0,0,0,0,0,0,0,0,0,198,2026-02-03 22:30:18.950753
ATMN,26.32,25.96,26.32,2008300.0,1607700.0,0,0,0,0,0,0,0,0,0,0,0,0,0,0,0,0,0,198,2026-02-03 22:30:18.950753
WNTR,25.45,25.35,25.45,1773800.0,2092900.0,0,0,0,0,0,0,0,0,0,0,0,0,0,0,0,0,0,198,2026-02-03 22:30:18.950753
SPNG,25.69,25.9,26.07,2247800.0,1679100.0,0,0,0,0,0,0,0,0,0,0,0,0,0,0,0,0,0,199,2026-02-03 22:30:19.979070
SMMR,25.26,25.14,25.26,2168200.0,1963000.0,0,0,0,0,0,0,0,0,0,0,0,0,0,0,0,0,0,199,2026-02-03 22:30:19.979070
ATMN,26.32,26.31,26.32,2023500.0,1607700.0,0,0,0,0,0,0,0,0,0,0,0,0,0,0,0,0,0,199,2026-02-03 22:30:19.979070
WNTR,25.35,25.35,25.61,1878400.0,2080600.0,0,0,0,0,0,0,0,0,0,0,0,0,0,0,0,0,0,199,2026-02-03 22:30:19.979070
SPNG,25.43,25.43,26.07,2258200.0,1790300.0,0,0,0,0,0,0,0,0,0,0,0,0,0,0,0,0,0,200,2026-02-03 22:30:21.014282
SMMR,25.19,25.14,25.19,2168200.0,1973800.0,0,0,0,0,0,0,0,0,0,0,0,0,0,0,0,0,0,200,2026-02-03 22:30:21.014282
ATMN,26.25,26.25,26.32,2041400.0,1692800.0,0,0,0,0,0,0,0,0,0,0,0,0,0,0,0,0,0,200,2026-02-03 22:30:21.014282
WNTR,25.41,25.35,25.36,1878400.0,2077600.0,0,0,0,0,0,0,0,0,0,0,0,0,0,0,0,0,0,200,2026-02-03 22:30:21.014282
SPNG,26.17,25.43,26.17,2171700.0,1566600.0,0,0,0,0,0,0,0,0,0,0,0,0,0,0,0,0,0,201,2026-02-03 22:30:22.048935
SMMR,25.19,25.14,25.19,2163200.0,2009700.0,0,0,0,0,0,0,0,0,0,0,0,0,0,0,0,0,0,201,2026-02-03 22:30:22.048935
ATMN,26.18,26.18,26.32,2022800.0,1862800.0,0,0,0,0,0,0,0,0,0,0,0,0,0,0,0,0,0,201,2026-02-03 22:30:22.048935
WNTR,25.49,25.35,25.49,1995100.0,2093200.0,0,0,0,0,0,0,0,0,0,0,0,0,0,0,0,0,0,201,2026-02-03 22:30:22.048935
SPNG,25.69,25.69,26.17,2160900.0,1566600.0,0,0,0,0,0,0,0,0,0,0,0,0,0,0,0,0,0,202,2026-02-03 22:30:23.097640
SMMR,25.19,25.16,25.19,2159900.0,2063100.0,0,0,0,0,0,0,0,0,0,0,0,0,0,0,0,0,0,202,2026-02-03 22:30:23.097640
ATMN,26.32,26.18,26.32,2017900.0,1748300.0,0,0,0,0,0,0,0,0,0,0,0,0,0,0,0,0,0,202,2026-02-03 22:30:23.097640
WNTR,25.32,25.36,25.49,2059300.0,2093200.0,0,0,0,0,0,0,0,0,0,0,0,0,0,0,0,0,0,202,2026-02-03 22:30:23.097640
SPNG,25.69,25.69,26.17,2160900.0,1818700.0,0,0,0,0,0,0,0,0,0,0,0,0,0,0,0,0,0,203,2026-02-03 22:30:24.128045
SMMR,25.12,25.12,25.22,2137200.0,2059800.0,0,0,0,0,0,0,0,0,0,0,0,0,0,0,0,0,0,203,2026-02-03 22:30:24.128045
ATMN,26.13,26.13,26.33,2027300.0,1652200.0,0,0,0,0,0,0,0,0,0,0,0,0,0,0,0,0,0,203,2026-02-03 22:30:24.128045
WNTR,25.36,25.36,25.49,2187700.0,2101100.0,0,0,0,0,0,0,0,0,0,0,0,0,0,0,0,0,0,203,2026-02-03 22:30:24.128045
SPNG,25.74,25.74,26.17,2150800.0,1818700.0,0,0,0,0,0,0,0,0,0,0,0,0,0,0,0,0,0,204,2026-02-03 22:30:25.193880
SMMR,25.02,25.02,25.22,2142700.0,2059800.0,0,0,0,0,0,0,0,0,0,0,0,0,0,0,0,0,0,204,2026-02-03 22:30:25.193880
ATMN,26.12,26.15,26.31,2041900.0,1643900.0,0,0,0,0,0,0,0,0,0,0,0,0,0,0,0,0,0,204,2026-02-03 22:30:25.193880
WNTR,25.32,25.45,25.49,2109400.0,2101100.0,0,0,0,0,0,0,0,0,0,0,0,0,0,0,0,0,0,204,2026-02-03 22:30:25.193880
SPNG,25.74,25.74,26.02,2130700.0,1904300.0,0,0,0,0,0,0,0,0,0,0,0,0,0,0,0,0,0,205,2026-02-03 22:30:25.721880
SMMR,25.23,25.02,25.23,2142700.0,2034100.0,0,0,0,0,0,0,0,0,0,0,0,0,0,0,0,0,0,205,2026-02-03 22:30:25.721880
ATMN,26.31,26.15,26.31,2041900.0,1643900.0,0,0,0,0,0,0,0,0,0,0,0,0,0,0,0,0,0,205,2026-02-03 22:30:25.721880
WNTR,25.56,25.32,25.35,1998100.0,2098000.0,0,0,0,0,0,0,0,0,0,0,0,0,0,0,0,0,0,205,2026-02-03 22:30:25.721880
SPNG,26.02,25.73,26.02,2134400.0,1944300.0,0,0,0,0,0,0,0,0,0,0,0,0,0,0,0,0,0,206,2026-02-03 22:30:26.752462
SMMR,25.23,24.97,25.23,2150500.0,2034100.0,0,0,0,0,0,0,0,0,0,0,0,0,0,0,0,0,0,206,2026-02-03 22:30:26.752462
ATMN,26.3,26.15,26.18,2041900.0,1836500.0,0,0,0,0,0,0,0,0,0,0,0,0,0,0,0,0,0,206,2026-02-03 22:30:26.752462
WNTR,25.31,25.31,25.35,1888800.0,2098000.0,0,0,0,0,0,0,0,0,0,0,0,0,0,0,0,0,0,206,2026-02-03 22:30:26.752462
SPNG,26.21,25.73,26.21,2134400.0,1892700.0,0,0,0,0,0,0,0,0,0,0,0,0,0,0,0,0,0,207,2026-02-03 22:30:27.793099
SMMR,24.94,24.94,25.23,2169400.0,2052900.0,0,0,0,0,0,0,0,0,0,0,0,0,0,0,0,0,0,207,2026-02-03 22:30:27.793099
ATMN,26.27,26.27,26.31,2036400.0,1833500.0,0,0,0,0,0,0,0,0,0,0,0,0,0,0,0,0,0,207,2026-02-03 22:30:27.793099
WNTR,25.36,25.31,25.36,1888800.0,2079700.0,0,0,0,0,0,0,0,0,0,0,0,0,0,0,0,0,0,207,2026-02-03 22:30:27.793099
SPNG,25.65,25.94,26.0,2142500.0,1918700.0,0,0,0,0,0,0,0,0,0,0,0,0,0,0,0,0,0,208,2026-02-03 22:30:28.828556
SMMR,25.22,24.94,25.06,2140300.0,2056700.0,0,0,0,0,0,0,0,0,0,0,0,0,0,0,0,0,0,208,2026-02-03 22:30:28.828556
ATMN,26.27,26.2,26.26,2023400.0,1897000.0,0,0,0,0,0,0,0,0,0,0,0,0,0,0,0,0,0,208,2026-02-03 22:30:28.828556
WNTR,25.28,25.28,25.36,1912100.0,2094500.0,0,0,0,0,0,0,0,0,0,0,0,0,0,0,0,0,0,208,2026-02-03 22:30:28.828556
SPNG,26.0,25.94,26.0,2122100.0,1987300.0,0,0,0,0,0,0,0,0,0,0,0,0,0,0,0,0,0,209,2026-02-03 22:30:29.867408
SMMR,25.06,25.08,25.23,2168300.0,2066100.0,0,0,0,0,0,0,0,0,0,0,0,0,0,0,0,0,0,209,2026-02-03 22:30:29.867408
ATMN,26.2,26.2,26.26,2002100.0,1897000.0,0,0,0,0,0,0,0,0,0,0,0,0,0,0,0,0,0,209,2026-02-03 22:30:29.867408
WNTR,25.28,25.28,25.36,2130900.0,2110000.0,0,0,0,0,0,0,0,0,0,0,0,0,0,0,0,0,0,209,2026-02-03 22:30:29.867408
SPNG,25.57,25.57,26.0,2137200.0,2027000.0,0,0,0,0,0,0,0,0,0,0,0,0,0,0,0,0,0,210,2026-02-03 22:30:30.904654
SMMR,25.23,25.19,25.23,2152700.0,2066100.0,0,0,0,0,0,0,0,0,0,0,0,0,0,0,0,0,0,210,2026-02-03 22:30:30.904654
ATMN,26.29,26.2,26.29,2019000.0,1860800.0,0,0,0,0,0,0,0,0,0,0,0,0,0,0,0,0,0,210,2026-02-03 22:30:30.904654
WNTR,25.28,25.28,25.36,2130900.0,2110000.0,0,0,0,0,0,0,0,0,0,0,0,0,0,0,0,0,0,210,2026-02-03 22:30:30.904654
SPNG,25.57,25.43,25.57,2139000.0,1995400.0,0,0,0,0,0,0,0,0,0,0,0,0,0,0,0,0,0,211,2026-02-03 22:30:31.944954
SMMR,25.08,25.08,25.17,2174500.0,2085100.0,0,0,0,0,0,0,0,0,0,0,0,0,0,0,0,0,0,211,2026-02-03 22:30:31.944954
ATMN,26.38,26.2,26.38,1951600.0,1761600.0,0,0,0,0,0,0,0,0,0,0,0,0,0,0,0,0,0,211,2026-02-03 22:30:31.944954
WNTR,25.28,25.28,25.36,2130900.0,2105600.0,0,0,0,0,0,0,0,0,0,0,0,0,0,0,0,0,0,211,2026-02-03 22:30:31.944954
SPNG,26.16,25.57,26.16,2118500.0,1963900.0,0,0,0,0,0,0,0,0,0,0,0,0,0,0,0,0,0,212,2026-02-03 22:30:32.980297
SMMR,25.23,25.23,25.26,2163600.0,2049100.0,0,0,0,0,0,0,0,0,0,0,0,0,0,0,0,0,0,212,2026-02-03 22:30:32.980297
ATMN,26.13,26.13,26.38,1983100.0,1883000.0,0,0,0,0,0,0,0,0,0,0,0,0,0,0,0,0,0,212,2026-02-03 22:30:32.980297
WNTR,25.4,25.34,25.4,2214000.0,2110400.0,0,0,0,0,0,0,0,0,0,0,0,0,0,0,0,0,0,212,2026-02-03 22:30:32.980297
SPNG,26.16,25.57,26.16,2121600.0,1999800.0,0,0,0,0,0,0,0,0,0,0,0,0,0,0,0,0,0,213,2026-02-03 22:30:34.013516
SMMR,25.23,25.02,25.04,2147400.0,2089600.0,0,0,0,0,0,0,0,0,0,0,0,0,0,0,0,0,0,213,2026-02-03 22:30:34.013516
ATMN,26.13,26.24,26.38,1963600.0,1927300.0,0,0,0,0,0,0,0,0,0,0,0,0,0,0,0,0,0,213,2026-02-03 22:30:34.013516
WNTR,25.35,25.34,25.35,2214000.0,2079200.0,0,0,0,0,0,0,0,0,0,0,0,0,0,0,0,0,0,213,2026-02-03 22:30:34.013516
SPNG,25.44,25.59,26.16,2159000.0,1994500.0,0,0,0,0,0,0,0,0,0,0,0,0,0,0,0,0,0,214,2026-02-03 22:30:35.051939
SMMR,25.02,25.02,25.04,2149600.0,2084200.0,0,0,0,0,0,0,0,0,0,0,0,0,0,0,0,0,0,214,2026-02-03 22:30:35.051939
ATMN,26.4,26.11,26.4,1982900.0,1909500.0,0,0,0,0,0,0,0,0,0,0,0,0,0,0,0,0,0,214,2026-02-03 22:30:35.051939
WNTR,25.55,25.34,25.4,2214000.0,2103500.0,0,0,0,0,0,0,0,0,0,0,0,0,0,0,0,0,0,214,2026-02-03 22:30:35.051939
SPNG,26.17,25.59,26.17,2170400.0,1986400.0,0,0,0,0,0,0,0,0,0,0,0,0,0,0,0,0,0,215,2026-02-03 22:30:36.102697
SMMR,25.07,25.02,25.07,2149600.0,2068000.0,0,0,0,0,0,0,0,0,0,0,0,0,0,0,0,0,0,215,2026-02-03 22:30:36.102697
ATMN,26.43,26.11,26.43,1984600.0,1903800.0,0,0,0,0,0,0,0,0,0,0,0,0,0,0,0,0,0,215,2026-02-03 22:30:36.102697
WNTR,25.55,25.34,25.4,2214000.0,2085900.0,0,0,0,0,0,0,0,0,0,0,0,0,0,0,0,0,0,215,2026-02-03 22:30:36.102697
SPNG,26.17,25.59,26.17,2197700.0,1986400.0,0,0,0,0,0,0,0,0,0,0,0,0,0,0,0,0,0,216,2026-02-03 22:30:37.139835
SMMR,24.94,24.94,25.07,2121200.0,2068000.0,0,0,0,0,0,0,0,0,0,0,0,0,0,0,0,0,0,216,2026-02-03 22:30:37.139835
ATMN,26.46,26.41,26.46,2004000.0,1897500.0,0,0,0,0,0,0,0,0,0,0,0,0,0,0,0,0,0,216,2026-02-03 22:30:37.139835
WNTR,25.41,25.34,25.41,2225200.0,2071000.0,0,0,0,0,0,0,0,0,0,0,0,0,0,0,0,0,0,216,2026-02-03 22:30:37.139835
SPNG,26.17,25.59,25.75,2169500.0,1991600.0,0,0,0,0,0,0,0,0,0,0,0,0,0,0,0,0,0,217,2026-02-03 22:30:38.178835
SMMR,25.13,24.94,25.1,2124000.0,2078600.0,0,0,0,0,0,0,0,0,0,0,0,0,0,0,0,0,0,217,2026-02-03 22:30:38.178835
ATMN,26.02,26.02,26.46,2025100.0,1898300.0,0,0,0,0,0,0,0,0,0,0,0,0,0,0,0,0,0,217,2026-02-03 22:30:38.178835
WNTR,25.41,25.34,25.36,2225200.0,2022500.0,0,0,0,0,0,0,0,0,0,0,0,0,0,0,0,0,0,217,2026-02-03 22:30:38.178835
SPNG,25.75,25.99,26.17,2177200.0,1971400.0,0,0,0,0,0,0,0,0,0,0,0,0,0,0,0,0,0,218,2026-02-03 22:30:39.213007
SMMR,25.25,24.93,25.25,2150900.0,2040500.0,0,0,0,0,0,0,0,0,0,0,0,0,0,0,0,0,0,218,2026-02-03 22:30:39.213007
ATMN,26.48,26.04,26.48,2023500.0,1884100.0,0,0,0,0,0,0,0,0,0,0,0,0,0,0,0,0,0,218,2026-02-03 22:30:39.213007
WNTR,25.34,25.34,25.36,2225200.0,2024900.0,0,0,0,0,0,0,0,0,0,0,0,0,0,0,0,0,0,218,2026-02-03 22:30:39.213007
SPNG,25.93,25.99,26.17,2194300.0,1971400.0,0,0,0,0,0,0,0,0,0,0,0,0,0,0,0,0,0,219,2026-02-03 22:30:40.261389
SMMR,25.26,24.93,25.26,2158300.0,2038500.0,0,0,0,0,0,0,0,0,0,0,0,0,0,0,0,0,0,219,2026-02-03 22:30:40.261389
ATMN,26.53,26.04,26.53,2023500.0,1569600.0,0,0,0,0,0,0,0,0,0,0,0,0,0,0,0,0,0,219,2026-02-03 22:30:40.261389
WNTR,25.36,25.37,25.41,2224500.0,2028600.0,0,0,0,0,0,0,0,0,0,0,0,0,0,0,0,0,0,219,2026-02-03 22:30:40.261389
SPNG,25.99,25.99,26.08,2194300.0,1971800.0,0,0,0,0,0,0,0,0,0,0,0,0,0,0,0,0,0,220,2026-02-03 22:30:41.293731
SMMR,25.26,24.93,24.99,2149800.0,2060400.0,0,0,0,0,0,0,0,0,0,0,0,0,0,0,0,0,0,220,2026-02-03 22:30:41.293731
ATMN,26.56,26.04,26.12,2032400.0,1496500.0,0,0,0,0,0,0,0,0,0,0,0,0,0,0,0,0,0,220,2026-02-03 22:30:41.293731
WNTR,25.28,25.28,25.41,2189900.0,2053600.0,0,0,0,0,0,0,0,0,0,0,0,0,0,0,0,0,0,220,2026-02-03 22:30:41.293731
SPNG,25.59,25.59,26.08,2189500.0,1976200.0,0,0,0,0,0,0,0,0,0,0,0,0,0,0,0,0,0,221,2026-02-03 22:30:42.332028
SMMR,25.26,24.93,24.99,2168000.0,2065400.0,0,0,0,0,0,0,0,0,0,0,0,0,0,0,0,0,0,221,2026-02-03 22:30:42.332028
ATMN,26.12,26.06,26.12,2005800.0,1496500.0,0,0,0,0,0,0,0,0,0,0,0,0,0,0,0,0,0,221,2026-02-03 22:30:42.332028
WNTR,25.27,25.37,25.41,2187700.0,2042400.0,0,0,0,0,0,0,0,0,0,0,0,0,0,0,0,0,0,221,2026-02-03 22:30:42.332028
SPNG,26.08,25.59,26.08,2189500.0,1976200.0,0,0,0,0,0,0,0,0,0,0,0,0,0,0,0,0,0,222,2026-02-03 22:30:42.861519
SMMR,24.93,24.93,24.99,2133100.0,2065400.0,0,0,0,0,0,0,0,0,0,0,0,0,0,0,0,0,0,222,2026-02-03 22:30:42.861519
ATMN,26.12,26.52,26.56,1987600.0,1484900.0,0,0,0,0,0,0,0,0,0,0,0,0,0,0,0,0,0,222,2026-02-03 22:30:42.861519
WNTR,25.37,25.27,25.35,2197900.0,2044100.0,0,0,0,0,0,0,0,0,0,0,0,0,0,0,0,0,0,222,2026-02-03 22:30:42.861519
SPNG,26.21,25.55,25.57,2151300.0,1971700.0,0,0,0,0,0,0,0,0,0,0,0,0,0,0,0,0,0,223,2026-02-03 22:30:43.898756
SMMR,25.09,24.9,25.09,2122300.0,2066100.0,0,0,0,0,0,0,0,0,0,0,0,0,0,0,0,0,0,223,2026-02-03 22:30:43.898756
ATMN,26.06,26.06,26.55,2005800.0,1763700.0,0,0,0,0,0,0,0,0,0,0,0,0,0,0,0,0,0,223,2026-02-03 22:30:43.898756
WNTR,25.37,25.27,25.33,2120700.0,2044300.0,0,0,0,0,0,0,0,0,0,0,0,0,0,0,0,0,0,223,2026-02-03 22:30:43.898756
SPNG,25.57,25.95,25.97,2161000.0,1943700.0,0,0,0,0,0,0,0,0,0,0,0,0,0,0,0,0,0,224,2026-02-03 22:30:44.929321
SMMR,24.86,24.86,25.09,2094300.0,2066100.0,0,0,0,0,0,0,0,0,0,0,0,0,0,0,0,0,0,224,2026-02-03 22:30:44.929321
ATMN,26.05,26.05,26.39,1998500.0,1867900.0,0,0,0,0,0,0,0,0,0,0,0,0,0,0,0,0,0,224,2026-02-03 22:30:44.929321
WNTR,25.41,25.27,25.41,2158100.0,2037800.0,0,0,0,0,0,0,0,0,0,0,0,0,0,0,0,0,0,224,2026-02-03 22:30:44.929321
SPNG,25.95,25.76,25.82,2213100.0,1927900.0,0,0,0,0,0,0,0,0,0,0,0,0,0,0,0,0,0,225,2026-02-03 22:30:45.958271
SMMR,24.86,24.86,25.03,2106500.0,2046200.0,0,0,0,0,0,0,0,0,0,0,0,0,0,0,0,0,0,225,2026-02-03 22:30:45.958271
ATMN,26.04,26.24,26.28,1960200.0,1890400.0,0,0,0,0,0,0,0,0,0,0,0,0,0,0,0,0,0,225,2026-02-03 22:30:45.958271
WNTR,25.41,25.37,25.41,2121500.0,2056600.0,0,0,0,0,0,0,0,0,0,0,0,0,0,0,0,0,0,225,2026-02-03 22:30:45.958271
SPNG,25.82,25.9,25.97,2215400.0,1943700.0,0,0,0,0,0,0,0,0,0,0,0,0,0,0,0,0,0,226,2026-02-03 22:30:46.990200
SMMR,24.9,24.9,25.01,2115100.0,2043300.0,0,0,0,0,0,0,0,0,0,0,0,0,0,0,0,0,0,226,2026-02-03 22:30:46.990200
ATMN,26.04,26.24,26.28,1974300.0,1896700.0,0,0,0,0,0,0,0,0,0,0,0,0,0,0,0,0,0,226,2026-02-03 22:30:46.990200
WNTR,25.27,25.27,25.41,2167200.0,2065100.0,0,0,0,0,0,0,0,0,0,0,0,0,0,0,0,0,0,226,2026-02-03 22:30:46.990200
SPNG,25.66,25.66,25.97,2209400.0,1943700.0,0,0,0,0,0,0,0,0,0,0,0,0,0,0,0,0,0,227,2026-02-03 22:30:48.026117
SMMR,24.9,24.9,25.01,2150800.0,2044600.0,0,0,0,0,0,0,0,0,0,0,0,0,0,0,0,0,0,227,2026-02-03 22:30:48.026117
ATMN,26.21,26.21,26.28,1996300.0,1935200.0,0,0,0,0,0,0,0,0,0,0,0,0,0,0,0,0,0,227,2026-02-03 22:30:48.026117
WNTR,25.41,25.26,25.41,2143000.0,2100800.0,0,0,0,0,0,0,0,0,0,0,0,0,0,0,0,0,0,227,2026-02-03 22:30:48.026117
SPNG,26.25,25.66,26.25,2205800.0,1971000.0,0,0,0,0,0,0,0,0,0,0,0,0,0,0,0,0,0,228,2026-02-03 22:30:49.058290
SMMR,25.03,24.9,25.03,2150800.0,2052300.0,0,0,0,0,0,0,0,0,0,0,0,0,0,0,0,0,0,228,2026-02-03 22:30:49.058290
ATMN,26.2,26.2,26.28,2005100.0,1939500.0,0,0,0,0,0,0,0,0,0,0,0,0,0,0,0,0,0,228,2026-02-03 22:30:49.058290
WNTR,25.26,25.26,25.41,2156400.0,2076100.0,0,0,0,0,0,0,0,0,0,0,0,0,0,0,0,0,0,228,2026-02-03 22:30:49.058290
SPNG,25.64,25.56,25.64,2214700.0,2003200.0,0,0,0,0,0,0,0,0,0,0,0,0,0,0,0,0,0,229,2026-02-03 22:30:50.088868
SMMR,25.03,25.01,25.03,2148300.0,2057000.0,0,0,0,0,0,0,0,0,0,0,0,0,0,0,0,0,0,229,2026-02-03 22:30:50.088868
ATMN,26.2,26.2,26.23,2009600.0,1916000.0,0,0,0,0,0,0,0,0,0,0,0,0,0,0,0,0,0,229,2026-02-03 22:30:50.088868
WNTR,25.21,25.21,25.3,2207400.0,2068900.0,0,0,0,0,0,0,0,0,0,0,0,0,0,0,0,0,0,229,2026-02-03 22:30:50.088868
SPNG,25.45,25.45,26.25,2190100.0,1971000.0,0,0,0,0,0,0,0,0,0,0,0,0,0,0,0,0,0,230,2026-02-03 22:30:51.119
SMMR,25.03,24.87,25.03,2131100.0,2047000.0,0,0,0,0,0,0,0,0,0,0,0,0,0,0,0,0,0,230,2026-02-03 22:30:51.119
ATMN,26.28,26.04,26.12,2006700.0,1931100.0,0,0,0,0,0,0,0,0,0,0,0,0,0,0,0,0,0,230,2026-02-03 22:30:51.119
WNTR,25.3,25.21,25.3,2156200.0,2062400.0,0,0,0,0,0,0,0,0,0,0,0,0,0,0,0,0,0,230,2026-02-03 22:30:51.119
SPNG,25.44,25.44,26.25,2188900.0,1981300.0,0,0,0,0,0,0,0,0,0,0,0,0,0,0,0,0,0,231,2026-02-03 22:30:52.186963
SMMR,25.03,24.99,25.03,2152700.0,2055500.0,0,0,0,0,0,0,0,0,0,0,0,0,0,0,0,0,0,231,2026-02-03 22:30:52.186963
ATMN,26.04,26.04,26.39,2006700.0,1930100.0,0,0,0,0,0,0,0,0,0,0,0,0,0,0,0,0,0,231,2026-02-03 22:30:52.186963
WNTR,25.3,25.21,25.3,2156200.0,2037400.0,0,0,0,0,0,0,0,0,0,0,0,0,0,0,0,0,0,231,2026-02-03 22:30:52.186963
SPNG,26.04,26.04,26.25,2188500.0,1971600.0,0,0,0,0,0,0,0,0,0,0,0,0,0,0,0,0,0,232,2026-02-03 22:30:53.215709
SMMR,25.07,24.99,25.07,2152700.0,2022700.0,0,0,0,0,0,0,0,0,0,0,0,0,0,0,0,0,0,232,2026-02-03 22:30:53.215709
ATMN,26.3,26.04,26.08,2006700.0,1948100.0,0,0,0,0,0,0,0,0,0,0,0,0,0,0,0,0,0,232,2026-02-03 22:30:53.215709
WNTR,25.3,25.21,25.3,2156200.0,2051200.0,0,0,0,0,0,0,0,0,0,0,0,0,0,0,0,0,0,232,2026-02-03 22:30:53.215709
SPNG,26.04,26.04,26.17,2188500.0,1967400.0,0,0,0,0,0,0,0,0,0,0,0,0,0,0,0,0,0,233,2026-02-03 22:30:54.244638
SMMR,25.13,24.99,25.13,2149200.0,2016100.0,0,0,0,0,0,0,0,0,0,0,0,0,0,0,0,0,0,233,2026-02-03 22:30:54.244638
ATMN,26.43,26.04,26.23,2006700.0,1938200.0,0,0,0,0,0,0,0,0,0,0,0,0,0,0,0,0,0,233,2026-02-03 22:30:54.244638
WNTR,25.21,25.19,25.21,2168100.0,2038800.0,0,0,0,0,0,0,0,0,0,0,0,0,0,0,0,0,0,233,2026-02-03 22:30:54.244638
SPNG,26.04,26.04,26.17,2188500.0,1981000.0,0,0,0,0,0,0,0,0,0,0,0,0,0,0,0,0,0,234,2026-02-03 22:30:55.276283
SMMR,24.96,24.96,25.13,2138700.0,2004500.0,0,0,0,0,0,0,0,0,0,0,0,0,0,0,0,0,0,234,2026-02-03 22:30:55.276283
ATMN,26.04,26.04,26.23,2003300.0,1938200.0,0,0,0,0,0,0,0,0,0,0,0,0,0,0,0,0,0,234,2026-02-03 22:30:55.276283
WNTR,25.21,25.28,25.3,2182400.0,2042200.0,0,0,0,0,0,0,0,0,0,0,0,0,0,0,0,0,0,234,2026-02-03 22:30:55.276283
SPNG,26.04,25.57,25.61,2125900.0,1985600.0,0,0,0,0,0,0,0,0,0,0,0,0,0,0,0,0,0,235,2026-02-03 22:30:56.307972
SMMR,24.96,24.96,25.1,2138700.0,2004900.0,0,0,0,0,0,0,0,0,0,0,0,0,0,0,0,0,0,235,2026-02-03 22:30:56.307972
ATMN,26.23,26.11,26.23,1999200.0,1938200.0,0,0,0,0,0,0,0,0,0,0,0,0,0,0,0,0,0,235,2026-02-03 22:30:56.307972
WNTR,25.18,25.18,25.3,2206000.0,2030300.0,0,0,0,0,0,0,0,0,0,0,0,0,0,0,0,0,0,235,2026-02-03 22:30:56.307972
SPNG,25.88,25.57,25.82,2125900.0,1976800.0,0,0,0,0,0,0,0,0,0,0,0,0,0,0,0,0,0,236,2026-02-03 22:30:57.336597
SMMR,24.87,24.87,25.1,2114700.0,2004900.0,0,0,0,0,0,0,0,0,0,0,0,0,0,0,0,0,0,236,2026-02-03 22:30:57.336597
ATMN,26.12,26.13,26.23,1972900.0,1944300.0,0,0,0,0,0,0,0,0,0,0,0,0,0,0,0,0,0,236,2026-02-03 22:30:57.336597
WNTR,25.3,25.18,25.3,2206000.0,2017600.0,0,0,0,0,0,0,0,0,0,0,0,0,0,0,0,0,0,236,2026-02-03 22:30:57.336597
SPNG,25.98,25.98,26.1,2146200.0,2003300.0,0,0,0,0,0,0,0,0,0,0,0,0,0,0,0,0,0,237,2026-02-03 22:30:58.431753
SMMR,24.87,24.91,25.1,2122500.0,2004900.0,0,0,0,0,0,0,0,0,0,0,0,0,0,0,0,0,0,237,2026-02-03 22:30:58.431753
ATMN,26.11,26.11,26.43,1999200.0,1912700.0,0,0,0,0,0,0,0,0,0,0,0,0,0,0,0,0,0,237,2026-02-03 22:30:58.431753
WNTR,25.33,25.19,25.33,2152000.0,2034200.0,0,0,0,0,0,0,0,0,0,0,0,0,0,0,0,0,0,237,2026-02-03 22:30:58.431753
SPNG,25.98,25.57,25.6,2125900.0,2014500.0,0,0,0,0,0,0,0,0,0,0,0,0,0,0,0,0,0,238,2026-02-03 22:30:59.119153
SMMR,24.87,24.91,24.93,2122500.0,2004900.0,0,0,0,0,0,0,0,0,0,0,0,0,0,0,0,0,0,238,2026-02-03 22:30:59.119153
ATMN,26.11,26.11,26.35,2013100.0,1912700.0,0,0,0,0,0,0,0,0,0,0,0,0,0,0,0,0,0,238,2026-02-03 22:30:59.119153
WNTR,25.33,25.19,25.28,2132300.0,2046800.0,0,0,0,0,0,0,0,0,0,0,0,0,0,0,0,0,0,238,2026-02-03 22:30:59.119153
SPNG,25.98,25.57,25.6,2155300.0,2014500.0,0,0,0,0,0,0,0,0,0,0,0,0,0,0,0,0,0,239,2026-02-03 22:31:00.257380
SMMR,24.89,24.87,24.88,2114700.0,2016300.0,0,0,0,0,0,0,0,0,0,0,0,0,0,0,0,0,0,239,2026-02-03 22:31:00.257380
ATMN,26.35,26.35,26.43,2013100.0,1928700.0,0,0,0,0,0,0,0,0,0,0,0,0,0,0,0,0,0,239,2026-02-03 22:31:00.257380
WNTR,25.28,25.19,25.28,2152000.0,2034400.0,0,0,0,0,0,0,0,0,0,0,0,0,0,0,0,0,0,239,2026-02-03 22:31:00.257380
SPNG,25.6,25.24,0.0,200000.0,,0,0,0,0,0,0,0,0,0,0,0,0,0,0,0,0,0,240,2026-02-03 22:31:01.327646
SMMR,26.03,25.51,25.95,627000.0,695900.0,0,0,0,0,0,0,0,0,0,0,0,0,0,0,0,0,0,240,2026-02-03 22:31:01.327646
ATMN,24.05,24.05,24.38,896100.0,795200.0,0,0,0,0,0,0,0,0,0,0,0,0,0,0,0,0,0,240,2026-02-03 22:31:01.327646
WNTR,25.14,23.2,23.82,942400.0,883100.0,0,0,0,0,0,0,0,0,0,0,0,0,0,0,0,0,0,240,2026-02-03 22:31:01.327646
SPNG,25.24,23.87,24.76,1150700.0,886700.0,0,0,0,0,0,0,0,0,0,0,0,0,0,0,0,0,0,241,2026-02-03 22:31:02.011034
SMMR,26.03,25.73,25.9,904900.0,807400.0,0,0,0,0,0,0,0,0,0,0,0,0,0,0,0,0,0,241,2026-02-03 22:31:02.011034
ATMN,24.38,23.54,24.38,929400.0,795200.0,0,0,0,0,0,0,0,0,0,0,0,0,0,0,0,0,0,241,2026-02-03 22:31:02.011034
WNTR,25.14,23.2,23.43,1050600.0,978100.0,0,0,0,0,0,0,0,0,0,0,0,0,0,0,0,0,0,241,2026-02-03 22:31:02.011034
SPNG,25.01,24.25,24.77,1275600.0,889200.0,0,0,0,0,0,0,0,0,0,0,0,0,0,0,0,0,0,242,2026-02-03 22:31:03.195821
SMMR,25.99,25.8,25.92,1127800.0,787600.0,0,0,0,0,0,0,0,0,0,0,0,0,0,0,0,0,0,242,2026-02-03 22:31:03.195821
ATMN,23.91,24.06,24.38,1160200.0,795200.0,0,0,0,0,0,0,0,0,0,0,0,0,0,0,0,0,0,242,2026-02-03 22:31:03.195821
WNTR,23.16,23.16,23.24,1078100.0,1089300.0,0,0,0,0,0,0,0,0,0,0,0,0,0,0,0,0,0,242,2026-02-03 22:31:03.195821
SPNG,25.75,24.65,25.75,1633500.0,761900.0,0,0,0,0,0,0,0,0,0,0,0,0,0,0,0,0,0,243,2026-02-03 22:31:04.302309
SMMR,25.92,25.9,25.92,1428700.0,787600.0,0,0,0,0,0,0,0,0,0,0,0,0,0,0,0,0,0,243,2026-02-03 22:31:04.302309
ATMN,24.16,24.06,24.16,1160200.0,1011900.0,0,0,0,0,0,0,0,0,0,0,0,0,0,0,0,0,0,243,2026-02-03 22:31:04.302309
WNTR,23.16,23.13,23.14,1089700.0,1308500.0,0,0,0,0,0,0,0,0,0,0,0,0,0,0,0,0,0,243,2026-02-03 22:31:04.302309
SPNG,24.8,24.88,25.75,1846000.0,761900.0,0,0,0,0,0,0,0,0,0,0,0,0,0,0,0,0,0,244,2026-02-03 22:31:05.354836
SMMR,25.8,25.8,25.92,1451600.0,900300.0,0,0,0,0,0,0,0,0,0,0,0,0,0,0,0,0,0,244,2026-02-03 22:31:05.354836
ATMN,24.06,24.06,24.07,1246800.0,1113200.0,0,0,0,0,0,0,0,0,0,0,0,0,0,0,0,0,0,244,2026-02-03 22:31:05.354836
WNTR,23.18,23.13,23.18,1216500.0,1443500.0,0,0,0,0,0,0,0,0,0,0,0,0,0,0,0,0,0,244,2026-02-03 22:31:05.354836
SPNG,24.91,25.38,25.75,1963600.0,850900.0,0,0,0,0,0,0,0,0,0,0,0,0,0,0,0,0,0,245,2026-02-03 22:31:06.402567
SMMR,25.99,25.8,25.99,1754100.0,786800.0,0,0,0,0,0,0,0,0,0,0,0,0,0,0,0,0,0,245,2026-02-03 22:31:06.402567
ATMN,23.54,23.96,24.07,1142300.0,1113200.0,0,0,0,0,0,0,0,0,0,0,0,0,0,0,0,0,0,245,2026-02-03 22:31:06.402567
WNTR,23.13,23.13,23.22,1341500.0,1317200.0,0,0,0,0,0,0,0,0,0,0,0,0,0,0,0,0,0,245,2026-02-03 22:31:06.402567
SPNG,25.38,25.15,25.16,1952500.0,1087000.0,0,0,0,0,0,0,0,0,0,0,0,0,0,0,0,0,0,246,2026-02-03 22:31:07.478090
SMMR,25.94,25.94,26.06,1980500.0,784900.0,0,0,0,0,0,0,0,0,0,0,0,0,0,0,0,0,0,246,2026-02-03 22:31:07.478090
ATMN,23.97,23.97,24.07,1260200.0,1113200.0,0,0,0,0,0,0,0,0,0,0,0,0,0,0,0,0,0,246,2026-02-03 22:31:07.478090
WNTR,23.24,23.13,23.24,1586100.0,1206300.0,0,0,0,0,0,0,0,0,0,0,0,0,0,0,0,0,0,246,2026-02-03 22:31:07.478090
SPNG,25.16,25.19,25.58,2286600.0,972700.0,0,0,0,0,0,0,0,0,0,0,0,0,0,0,0,0,0,247,2026-02-03 22:31:08.008499
SMMR,25.8,26.05,26.06,1975700.0,784900.0,0,0,0,0,0,0,0,0,0,0,0,0,0,0,0,0,0,247,2026-02-03 22:31:08.008499
ATMN,24.38,23.96,24.38,1142300.0,905700.0,0,0,0,0,0,0,0,0,0,0,0,0,0,0,0,0,0,247,2026-02-03 22:31:08.008499
WNTR,23.06,23.06,23.24,1365700.0,1206300.0,0,0,0,0,0,0,0,0,0,0,0,0,0,0,0,0,0,247,2026-02-03 22:31:08.008499
SPNG,25.15,25.15,25.4,2174800.0,1172300.0,0,0,0,0,0,0,0,0,0,0,0,0,0,0,0,0,0,248,2026-02-03 22:31:09.058877
SMMR,26.05,25.8,25.92,1874100.0,1212900.0,0,0,0,0,0,0,0,0,0,0,0,0,0,0,0,0,0,248,2026-02-03 22:31:09.058877
ATMN,24.38,23.96,24.09,1375200.0,1151300.0,0,0,0,0,0,0,0,0,0,0,0,0,0,0,0,0,0,248,2026-02-03 22:31:09.058877
WNTR,23.06,23.18,23.19,1607600.0,1404300.0,0,0,0,0,0,0,0,0,0,0,0,0,0,0,0,0,0,248,2026-02-03 22:31:09.058877
SPNG,25.09,25.35,25.4,2173600.0,1270200.0,0,0,0,0,0,0,0,0,0,0,0,0,0,0,0,0,0,249,2026-02-03 22:31:10.103636
SMMR,26.07,25.88,26.02,1963900.0,1005000.0,0,0,0,0,0,0,0,0,0,0,0,0,0,0,0,0,0,249,2026-02-03 22:31:10.103636
ATMN,24.38,23.98,24.09,1467200.0,1339300.0,0,0,0,0,0,0,0,0,0,0,0,0,0,0,0,0,0,249,2026-02-03 22:31:10.103636
WNTR,23.19,23.18,23.19,1732500.0,1415900.0,0,0,0,0,0,0,0,0,0,0,0,0,0,0,0,0,0,249,2026-02-03 22:31:10.103636
SPNG,25.4,25.09,25.4,2068300.0,1383500.0,0,0,0,0,0,0,0,0,0,0,0,0,0,0,0,0,0,250,2026-02-03 22:31:11.146863
SMMR,26.02,25.88,26.02,2078700.0,1088500.0,0,0,0,0,0,0,0,0,0,0,0,0,0,0,0,0,0,250,2026-02-03 22:31:11.146863
ATMN,24.09,23.98,24.09,1467200.0,1581400.0,0,0,0,0,0,0,0,0,0,0,0,0,0,0,0,0,0,250,2026-02-03 22:31:11.146863
WNTR,23.27,23.18,23.27,1874600.0,1202700.0,0,0,0,0,0,0,0,0,0,0,0,0,0,0,0,0,0,250,2026-02-03 22:31:11.146863
SPNG,24.65,24.65,25.4,1980300.0,1383500.0,0,0,0,0,0,0,0,0,0,0,0,0,0,0,0,0,0,251,2026-02-03 22:31:12.184603
SMMR,26.12,25.96,26.12,2060700.0,846000.0,0,0,0,0,0,0,0,0,0,0,0,0,0,0,0,0,0,251,2026-02-03 22:31:12.184603
ATMN,24.14,23.98,23.99,1467200.0,1796300.0,0,0,0,0,0,0,0,0,0,0,0,0,0,0,0,0,0,251,2026-02-03 22:31:12.184603
WNTR,23.18,23.06,23.11,1892800.0,1296600.0,0,0,0,0,0,0,0,0,0,0,0,0,0,0,0,0,0,251,2026-02-03 22:31:12.184603
SPNG,25.15,24.72,24.91,2167500.0,1505700.0,0,0,0,0,0,0,0,0,0,0,0,0,0,0,0,0,0,252,2026-02-03 22:31:13.225732
SMMR,25.98,25.99,26.06,2042200.0,933800.0,0,0,0,0,0,0,0,0,0,0,0,0,0,0,0,0,0,252,2026-02-03 22:31:13.225732
ATMN,23.99,24.08,24.14,1576700.0,1900100.0,0,0,0,0,0,0,0,0,0,0,0,0,0,0,0,0,0,252,2026-02-03 22:31:13.225732
WNTR,23.27,23.32,23.42,2230200.0,1095100.0,0,0,0,0,0,0,0,0,0,0,0,0,0,0,0,0,0,252,2026-02-03 22:31:13.225732
SPNG,25.58,24.72,25.58,2280000.0,1159800.0,0,0,0,0,0,0,0,0,0,0,0,0,0,0,0,0,0,253,2026-02-03 22:31:14.418503
SMMR,26.12,25.99,26.12,2053200.0,920700.0,0,0,0,0,0,0,0,0,0,0,0,0,0,0,0,0,0,253,2026-02-03 22:31:14.418503
ATMN,24.08,23.98,23.99,1467200.0,2079700.0,0,0,0,0,0,0,0,0,0,0,0,0,0,0,0,0,0,253,2026-02-03 22:31:14.418503
WNTR,23.05,23.08,23.09,2031300.0,1342000.0,0,0,0,0,0,0,0,0,0,0,0,0,0,0,0,0,0,253,2026-02-03 22:31:14.418503
SPNG,25.58,25.53,25.58,2382400.0,1351600.0,0,0,0,0,0,0,0,0,0,0,0,0,0,0,0,0,0,254,2026-02-03 22:31:15.476929
SMMR,26.12,26.13,26.2,2033100.0,830400.0,0,0,0,0,0,0,0,0,0,0,0,0,0,0,0,0,0,254,2026-02-03 22:31:15.476929
ATMN,23.96,23.69,23.77,1510000.0,2095500.0,0,0,0,0,0,0,0,0,0,0,0,0,0,0,0,0,0,254,2026-02-03 22:31:15.476929
WNTR,23.27,23.35,23.42,2392400.0,1206600.0,0,0,0,0,0,0,0,0,0,0,0,0,0,0,0,0,0,254,2026-02-03 22:31:15.476929
SPNG,25.53,24.72,25.45,2280000.0,1440700.0,0,0,0,0,0,0,0,0,0,0,0,0,0,0,0,0,0,255,2026-02-03 22:31:16.143423
SMMR,26.13,26.13,26.2,2033100.0,939200.0,0,0,0,0,0,0,0,0,0,0,0,0,0,0,0,0,0,255,2026-02-03 22:31:16.143423
ATMN,23.99,24.03,24.14,1821900.0,2083700.0,0,0,0,0,0,0,0,0,0,0,0,0,0,0,0,0,0,255,2026-02-03 22:31:16.143423
WNTR,23.08,23.08,23.36,2157900.0,1206600.0,0,0,0,0,0,0,0,0,0,0,0,0,0,0,0,0,0,255,2026-02-03 22:31:16.143423
SPNG,25.58,25.56,25.58,2322700.0,1470200.0,0,0,0,0,0,0,0,0,0,0,0,0,0,0,0,0,0,256,2026-02-03 22:31:17.235218
SMMR,26.13,25.98,26.13,2029400.0,1287300.0,0,0,0,0,0,0,0,0,0,0,0,0,0,0,0,0,0,256,2026-02-03 22:31:17.235218
ATMN,23.68,23.68,24.14,1486800.0,2083700.0,0,0,0,0,0,0,0,0,0,0,0,0,0,0,0,0,0,256,2026-02-03 22:31:17.235218
WNTR,23.08,23.08,23.36,2157900.0,1206600.0,0,0,0,0,0,0,0,0,0,0,0,0,0,0,0,0,0,256,2026-02-03 22:31:17.235218
SPNG,25.56,25.38,25.5,2330600.0,1796400.0,0,0,0,0,0,0,0,0,0,0,0,0,0,0,0,0,0,257,2026-02-03 22:31:18.353221
SMMR,26.01,25.96,26.01,2026500.0,1506900.0,0,0,0,0,0,0,0,0,0,0,0,0,0,0,0,0,0,257,2026-02-03 22:31:18.353221
ATMN,23.61,23.87,24.14,1386300.0,2083700.0,0,0,0,0,0,0,0,0,0,0,0,0,0,0,0,0,0,257,2026-02-03 22:31:18.353221
WNTR,23.12,23.01,23.08,1888900.0,1433100.0,0,0,0,0,0,0,0,0,0,0,0,0,0,0,0,0,0,257,2026-02-03 22:31:18.353221
SPNG,25.38,24.72,25.3,2354700.0,1987800.0,0,0,0,0,0,0,0,0,0,0,0,0,0,0,0,0,0,258,2026-02-03 22:31:19.320354
SMMR,25.88,26.07,26.13,2033500.0,1504100.0,0,0,0,0,0,0,0,0,0,0,0,0,0,0,0,0,0,258,2026-02-03 22:31:19.320354
ATMN,23.87,23.8,23.84,1377300.0,2094400.0,0,0,0,0,0,0,0,0,0,0,0,0,0,0,0,0,0,258,2026-02-03 22:31:19.320354
WNTR,23.34,23.07,23.34,2113200.0,1337100.0,0,0,0,0,0,0,0,0,0,0,0,0,0,0,0,0,0,258,2026-02-03 22:31:19.320354
SPNG,25.38,24.9,25.3,2307400.0,1987800.0,0,0,0,0,0,0,0,0,0,0,0,0,0,0,0,0,0,259,2026-02-03 22:31:20.506966
SMMR,26.18,26.07,26.13,2034700.0,1517300.0,0,0,0,0,0,0,0,0,0,0,0,0,0,0,0,0,0,259,2026-02-03 22:31:20.506966
ATMN,23.8,23.54,23.75,1274200.0,2117500.0,0,0,0,0,0,0,0,0,0,0,0,0,0,0,0,0,0,259,2026-02-03 22:31:20.506966
WNTR,23.36,23.07,23.36,2113200.0,1206600.0,0,0,0,0,0,0,0,0,0,0,0,0,0,0,0,0,0,259,2026-02-03 22:31:20.506966
SPNG,25.38,24.95,25.3,2285200.0,1987800.0,0,0,0,0,0,0,0,0,0,0,0,0,0,0,0,0,0,260,2026-02-03 22:31:21.135453
SMMR,26.07,26.07,26.13,2034700.0,1635300.0,0,0,0,0,0,0,0,0,0,0,0,0,0,0,0,0,0,260,2026-02-03 22:31:21.135453
ATMN,23.8,23.64,23.75,1484700.0,2117500.0,0,0,0,0,0,0,0,0,0,0,0,0,0,0,0,0,0,260,2026-02-03 22:31:21.135453
WNTR,23.01,23.01,23.36,2013900.0,1309100.0,0,0,0,0,0,0,0,0,0,0,0,0,0,0,0,0,0,260,2026-02-03 22:31:21.135453
SPNG,25.58,25.11,25.56,2268600.0,1872300.0,0,0,0,0,0,0,0,0,0,0,0,0,0,0,0,0,0,261,2026-02-03 22:31:22.178783
SMMR,25.88,26.05,26.11,2002800.0,1728000.0,0,0,0,0,0,0,0,0,0,0,0,0,0,0,0,0,0,261,2026-02-03 22:31:22.178783
ATMN,23.8,23.68,23.75,1803800.0,2143200.0,0,0,0,0,0,0,0,0,0,0,0,0,0,0,0,0,0,261,2026-02-03 22:31:22.178783
WNTR,23.42,23.01,23.42,2123500.0,1453700.0,0,0,0,0,0,0,0,0,0,0,0,0,0,0,0,0,0,261,2026-02-03 22:31:22.178783
SPNG,24.9,24.9,25.56,2292200.0,1989300.0,0,0,0,0,0,0,0,0,0,0,0,0,0,0,0,0,0,262,2026-02-03 22:31:23.219133
SMMR,25.88,25.86,25.87,2033900.0,1832900.0,0,0,0,0,0,0,0,0,0,0,0,0,0,0,0,0,0,262,2026-02-03 22:31:23.219133
ATMN,23.94,23.81,23.94,2122600.0,2103200.0,0,0,0,0,0,0,0,0,0,0,0,0,0,0,0,0,0,262,2026-02-03 22:31:23.219133
WNTR,23.42,23.01,23.03,2123500.0,1802300.0,0,0,0,0,0,0,0,0,0,0,0,0,0,0,0,0,0,262,2026-02-03 22:31:23.219133
SPNG,25.56,24.9,25.56,2252100.0,2006100.0,0,0,0,0,0,0,0,0,0,0,0,0,0,0,0,0,0,263,2026-02-03 22:31:24.253799
SMMR,26.13,25.86,25.9,2054800.0,1740200.0,0,0,0,0,0,0,0,0,0,0,0,0,0,0,0,0,0,263,2026-02-03 22:31:24.253799
ATMN,23.94,23.81,23.94,2122600.0,2117800.0,0,0,0,0,0,0,0,0,0,0,0,0,0,0,0,0,0,263,2026-02-03 22:31:24.253799
WNTR,23.42,23.02,23.03,2492200.0,1802300.0,0,0,0,0,0,0,0,0,0,0,0,0,0,0,0,0,0,263,2026-02-03 22:31:24.253799
SPNG,25.28,24.9,25.0,2252100.0,2037700.0,0,0,0,0,0,0,0,0,0,0,0,0,0,0,0,0,0,264,2026-02-03 22:31:25.284832
SMMR,25.9,25.84,25.9,2052500.0,1740200.0,0,0,0,0,0,0,0,0,0,0,0,0,0,0,0,0,0,264,2026-02-03 22:31:25.284832
ATMN,23.94,23.81,23.94,2122600.0,2148100.0,0,0,0,0,0,0,0,0,0,0,0,0,0,0,0,0,0,264,2026-02-03 22:31:25.284832
WNTR,23.01,23.01,23.14,2379000.0,1913700.0,0,0,0,0,0,0,0,0,0,0,0,0,0,0,0,0,0,264,2026-02-03 22:31:25.284832
SPNG,25.0,25.06,25.56,2250300.0,2006100.0,0,0,0,0,0,0,0,0,0,0,0,0,0,0,0,0,0,265,2026-02-03 22:31:26.310612
SMMR,26.18,26.01,26.07,2072800.0,1736400.0,0,0,0,0,0,0,0,0,0,0,0,0,0,0,0,0,0,265,2026-02-03 22:31:26.310612
ATMN,23.68,23.68,23.96,1914000.0,2155400.0,0,0,0,0,0,0,0,0,0,0,0,0,0,0,0,0,0,265,2026-02-03 22:31:26.310612
WNTR,23.14,23.01,23.14,2494800.0,2019700.0,0,0,0,0,0,0,0,0,0,0,0,0,0,0,0,0,0,265,2026-02-03 22:31:26.310612
SPNG,25.44,24.99,25.44,2241400.0,2035400.0,0,0,0,0,0,0,0,0,0,0,0,0,0,0,0,0,0,266,2026-02-03 22:31:27.341665
SMMR,25.8,25.8,26.07,2032600.0,1935400.0,0,0,0,0,0,0,0,0,0,0,0,0,0,0,0,0,0,266,2026-02-03 22:31:27.341665
ATMN,23.96,23.68,23.96,2039200.0,2155400.0,0,0,0,0,0,0,0,0,0,0,0,0,0,0,0,0,0,266,2026-02-03 22:31:27.341665
WNTR,23.14,23.22,23.25,2486600.0,2005100.0,0,0,0,0,0,0,0,0,0,0,0,0,0,0,0,0,0,266,2026-02-03 22:31:27.341665
SPNG,25.61,24.99,25.19,2241400.0,1977000.0,0,0,0,0,0,0,0,0,0,0,0,0,0,0,0,0,0,267,2026-02-03 22:31:28.372239
SMMR,26.07,26.1,26.14,2022000.0,1915900.0,0,0,0,0,0,0,0,0,0,0,0,0,0,0,0,0,0,267,2026-02-03 22:31:28.372239
ATMN,24.02,23.68,24.02,2134800.0,2162800.0,0,0,0,0,0,0,0,0,0,0,0,0,0,0,0,0,0,267,2026-02-03 22:31:28.372239
WNTR,23.25,23.22,23.25,2483900.0,2114700.0,0,0,0,0,0,0,0,0,0,0,0,0,0,0,0,0,0,267,2026-02-03 22:31:28.372239
SPNG,25.19,24.99,25.19,2226800.0,1977000.0,0,0,0,0,0,0,0,0,0,0,0,0,0,0,0,0,0,268,2026-02-03 22:31:29.462263
SMMR,26.03,26.03,26.06,1988100.0,1923700.0,0,0,0,0,0,0,0,0,0,0,0,0,0,0,0,0,0,268,2026-02-03 22:31:29.462263
ATMN,24.02,23.68,24.02,2191300.0,2162800.0,0,0,0,0,0,0,0,0,0,0,0,0,0,0,0,0,0,268,2026-02-03 22:31:29.462263
WNTR,23.27,23.01,23.27,2488000.0,1985000.0,0,0,0,0,0,0,0,0,0,0,0,0,0,0,0,0,0,268,2026-02-03 22:31:29.462263
SPNG,25.62,24.99,25.62,2222100.0,1942800.0,0,0,0,0,0,0,0,0,0,0,0,0,0,0,0,0,0,269,2026-02-03 22:31:30.571613
SMMR,25.99,25.81,25.84,2022800.0,1961900.0,0,0,0,0,0,0,0,0,0,0,0,0,0,0,0,0,0,269,2026-02-03 22:31:30.571613
ATMN,24.02,23.95,24.0,2161300.0,2158400.0,0,0,0,0,0,0,0,0,0,0,0,0,0,0,0,0,0,269,2026-02-03 22:31:30.571613
WNTR,23.19,23.1,23.16,2488800.0,2246900.0,0,0,0,0,0,0,0,0,0,0,0,0,0,0,0,0,0,269,2026-02-03 22:31:30.571613
SPNG,25.62,24.99,25.62,2222100.0,1966100.0,0,0,0,0,0,0,0,0,0,0,0,0,0,0,0,0,0,270,2026-02-03 22:31:31.106389
SMMR,26.06,25.98,26.06,2046200.0,1941500.0,0,0,0,0,0,0,0,0,0,0,0,0,0,0,0,0,0,270,2026-02-03 22:31:31.106389
ATMN,24.02,23.98,24.0,2144900.0,2162300.0,0,0,0,0,0,0,0,0,0,0,0,0,0,0,0,0,0,270,2026-02-03 22:31:31.106389
WNTR,23.1,23.1,23.16,2488800.0,2246900.0,0,0,0,0,0,0,0,0,0,0,0,0,0,0,0,0,0,270,2026-02-03 22:31:31.106389
SPNG,25.46,24.99,25.46,2222100.0,2031200.0,0,0,0,0,0,0,0,0,0,0,0,0,0,0,0,0,0,271,2026-02-03 22:31:32.138659
SMMR,25.98,25.98,26.14,2046200.0,1953400.0,0,0,0,0,0,0,0,0,0,0,0,0,0,0,0,0,0,271,2026-02-03 22:31:32.138659
ATMN,23.95,23.72,24.02,2163200.0,2148300.0,0,0,0,0,0,0,0,0,0,0,0,0,0,0,0,0,0,271,2026-02-03 22:31:32.138659
WNTR,23.1,23.1,23.16,2485200.0,2278400.0,0,0,0,0,0,0,0,0,0,0,0,0,0,0,0,0,0,271,2026-02-03 22:31:32.138659
SPNG,24.89,24.89,25.46,2228300.0,2031200.0,0,0,0,0,0,0,0,0,0,0,0,0,0,0,0,0,0,272,2026-02-03 22:31:33.181952
SMMR,25.93,25.93,26.14,2039400.0,1954200.0,0,0,0,0,0,0,0,0,0,0,0,0,0,0,0,0,0,272,2026-02-03 22:31:33.181952
ATMN,24.06,23.72,24.06,2134500.0,2150400.0,0,0,0,0,0,0,0,0,0,0,0,0,0,0,0,0,0,272,2026-02-03 22:31:33.181952
WNTR,23.19,23.1,23.19,2485200.0,2263200.0,0,0,0,0,0,0,0,0,0,0,0,0,0,0,0,0,0,272,2026-02-03 22:31:33.181952
SPNG,24.89,25.05,25.46,2222000.0,2031200.0,0,0,0,0,0,0,0,0,0,0,0,0,0,0,0,0,0,273,2026-02-03 22:31:34.240507
SMMR,25.93,25.81,25.88,2013600.0,1942500.0,0,0,0,0,0,0,0,0,0,0,0,0,0,0,0,0,0,273,2026-02-03 22:31:34.240507
ATMN,24.14,23.72,24.14,2122600.0,2122100.0,0,0,0,0,0,0,0,0,0,0,0,0,0,0,0,0,0,273,2026-02-03 22:31:34.240507
WNTR,23.1,23.01,23.1,2488700.0,2277500.0,0,0,0,0,0,0,0,0,0,0,0,0,0,0,0,0,0,273,2026-02-03 22:31:34.240507
SPNG,25.62,25.05,25.62,2222000.0,2017000.0,0,0,0,0,0,0,0,0,0,0,0,0,0,0,0,0,0,274,2026-02-03 22:31:35.351743
SMMR,25.84,25.84,25.88,2035200.0,1942500.0,0,0,0,0,0,0,0,0,0,0,0,0,0,0,0,0,0,274,2026-02-03 22:31:35.351743
ATMN,24.16,23.94,24.16,2072700.0,2101000.0,0,0,0,0,0,0,0,0,0,0,0,0,0,0,0,0,0,274,2026-02-03 22:31:35.351743
WNTR,23.19,23.16,23.19,2448300.0,2263200.0,0,0,0,0,0,0,0,0,0,0,0,0,0,0,0,0,0,274,2026-02-03 22:31:35.351743
SPNG,25.07,25.05,25.07,2183600.0,2054700.0,0,0,0,0,0,0,0,0,0,0,0,0,0,0,0,0,0,275,2026-02-03 22:31:36.475751
SMMR,25.99,25.84,25.91,2035200.0,1939300.0,0,0,0,0,0,0,0,0,0,0,0,0,0,0,0,0,0,275,2026-02-03 22:31:36.475751
ATMN,23.94,23.94,24.05,2072700.0,2157700.0,0,0,0,0,0,0,0,0,0,0,0,0,0,0,0,0,0,275,2026-02-03 22:31:36.475751
WNTR,23.23,23.16,23.23,2444100.0,2266100.0,0,0,0,0,0,0,0,0,0,0,0,0,0,0,0,0,0,275,2026-02-03 22:31:36.475751
SPNG,25.49,25.49,25.62,2187400.0,2017000.0,0,0,0,0,0,0,0,0,0,0,0,0,0,0,0,0,0,276,2026-02-03 22:31:37.518291
SMMR,25.94,25.84,25.94,2048500.0,1951900.0,0,0,0,0,0,0,0,0,0,0,0,0,0,0,0,0,0,276,2026-02-03 22:31:37.518291
ATMN,23.68,23.68,24.05,2119100.0,2145400.0,0,0,0,0,0,0,0,0,0,0,0,0,0,0,0,0,0,276,2026-02-03 22:31:37.518291
WNTR,23.2,23.16,23.2,2444100.0,2291200.0,0,0,0,0,0,0,0,0,0,0,0,0,0,0,0,0,0,276,2026-02-03 22:31:37.518291
SPNG,25.49,25.05,25.23,2183600.0,2073400.0,0,0,0,0,0,0,0,0,0,0,0,0,0,0,0,0,0,277,2026-02-03 22:31:38.576396
SMMR,25.94,25.96,25.99,2041700.0,1951500.0,0,0,0,0,0,0,0,0,0,0,0,0,0,0,0,0,0,277,2026-02-03 22:31:38.576396
ATMN,23.94,23.94,24.05,2113500.0,2145400.0,0,0,0,0,0,0,0,0,0,0,0,0,0,0,0,0,0,277,2026-02-03 22:31:38.576396
WNTR,23.18,23.1,23.18,2432300.0,2311900.0,0,0,0,0,0,0,0,0,0,0,0,0,0,0,0,0,0,277,2026-02-03 22:31:38.576396
SPNG,25.23,25.35,25.62,2183600.0,2073600.0,0,0,0,0,0,0,0,0,0,0,0,0,0,0,0,0,0,278,2026-02-03 22:31:39.125078
SMMR,25.94,25.96,25.99,2073900.0,1951500.0,0,0,0,0,0,0,0,0,0,0,0,0,0,0,0,0,0,278,2026-02-03 22:31:39.125078
ATMN,23.94,23.94,24.05,2139600.0,2145400.0,0,0,0,0,0,0,0,0,0,0,0,0,0,0,0,0,0,278,2026-02-03 22:31:39.125078
WNTR,23.2,23.17,23.2,2454300.0,2291200.0,0,0,0,0,0,0,0,0,0,0,0,0,0,0,0,0,0,278,2026-02-03 22:31:39.125078
SPNG,24.88,24.88,25.44,2210100.0,2084000.0,0,0,0,0,0,0,0,0,0,0,0,0,0,0,0,0,0,279,2026-02-03 22:31:40.219835
SMMR,25.83,25.91,26.08,2030800.0,1953100.0,0,0,0,0,0,0,0,0,0,0,0,0,0,0,0,0,0,279,2026-02-03 22:31:40.219835
ATMN,24.14,23.94,24.14,2139600.0,2099500.0,0,0,0,0,0,0,0,0,0,0,0,0,0,0,0,0,0,279,2026-02-03 22:31:40.219835
WNTR,23.1,23.1,23.2,2416700.0,2291200.0,0,0,0,0,0,0,0,0,0,0,0,0,0,0,0,0,0,279,2026-02-03 22:31:40.219835
SPNG,25.44,24.88,25.44,2201800.0,2084000.0,0,0,0,0,0,0,0,0,0,0,0,0,0,0,0,0,0,280,2026-02-03 22:31:41.260509
SMMR,25.91,25.8,25.85,2050400.0,1971200.0,0,0,0,0,0,0,0,0,0,0,0,0,0,0,0,0,0,280,2026-02-03 22:31:41.260509
ATMN,23.92,24.06,24.14,2129700.0,2100700.0,0,0,0,0,0,0,0,0,0,0,0,0,0,0,0,0,0,280,2026-02-03 22:31:41.260509
WNTR,23.28,23.1,23.22,2404500.0,2209500.0,0,0,0,0,0,0,0,0,0,0,0,0,0,0,0,0,0,280,2026-02-03 22:31:41.260509
SPNG,25.65,24.88,25.14,2201800.0,2079000.0,0,0,0,0,0,0,0,0,0,0,0,0,0,0,0,0,0,281,2026-02-03 22:31:42.297708
SMMR,25.91,25.8,25.85,2032500.0,1981900.0,0,0,0,0,0,0,0,0,0,0,0,0,0,0,0,0,0,281,2026-02-03 22:31:42.297708
ATMN,23.88,23.75,23.88,2120100.0,2130000.0,0,0,0,0,0,0,0,0,0,0,0,0,0,0,0,0,0,281,2026-02-03 22:31:42.297708
WNTR,23.02,23.1,23.22,2438800.0,2209500.0,0,0,0,0,0,0,0,0,0,0,0,0,0,0,0,0,0,281,2026-02-03 22:31:42.297708
SPNG,25.14,25.47,25.65,2142100.0,2071400.0,0,0,0,0,0,0,0,0,0,0,0,0,0,0,0,0,0,282,2026-02-03 22:31:43.335929
SMMR,26.13,25.8,26.13,2032500.0,1957600.0,0,0,0,0,0,0,0,0,0,0,0,0,0,0,0,0,0,282,2026-02-03 22:31:43.335929
ATMN,24.2,23.75,24.2,2150000.0,2104800.0,0,0,0,0,0,0,0,0,0,0,0,0,0,0,0,0,0,282,2026-02-03 22:31:43.335929
WNTR,23.02,23.1,23.19,2434200.0,2236500.0,0,0,0,0,0,0,0,0,0,0,0,0,0,0,0,0,0,282,2026-02-03 22:31:43.335929
SPNG,25.65,24.93,25.65,2148800.0,2045700.0,0,0,0,0,0,0,0,0,0,0,0,0,0,0,0,0,0,283,2026-02-03 22:31:44.376897
SMMR,25.83,25.83,25.95,2057700.0,1948200.0,0,0,0,0,0,0,0,0,0,0,0,0,0,0,0,0,0,283,2026-02-03 22:31:44.376897
ATMN,24.2,23.68,24.2,2120500.0,2104800.0,0,0,0,0,0,0,0,0,0,0,0,0,0,0,0,0,0,283,2026-02-03 22:31:44.376897
WNTR,23.1,23.11,23.16,2418400.0,2263400.0,0,0,0,0,0,0,0,0,0,0,0,0,0,0,0,0,0,283,2026-02-03 22:31:44.376897
SPNG,25.71,24.83,25.71,2163400.0,2019100.0,0,0,0,0,0,0,0,0,0,0,0,0,0,0,0,0,0,284,2026-02-03 22:31:45.410410
SMMR,25.8,25.8,25.95,2055000.0,1973400.0,0,0,0,0,0,0,0,0,0,0,0,0,0,0,0,0,0,284,2026-02-03 22:31:45.410410
ATMN,24.2,23.68,23.75,2109600.0,2122700.0,0,0,0,0,0,0,0,0,0,0,0,0,0,0,0,0,0,284,2026-02-03 22:31:45.410410
WNTR,23.1,23.11,23.16,2404100.0,2263400.0,0,0,0,0,0,0,0,0,0,0,0,0,0,0,0,0,0,284,2026-02-03 22:31:45.410410
SPNG,24.75,24.75,25.71,2186000.0,2019100.0,0,0,0,0,0,0,0,0,0,0,0,0,0,0,0,0,0,285,2026-02-03 22:31:46.437631
SMMR,25.8,25.8,25.95,2083200.0,1973400.0,0,0,0,0,0,0,0,0,0,0,0,0,0,0,0,0,0,285,2026-02-03 22:31:46.437631
ATMN,23.75,24.08,24.2,2113100.0,2104800.0,0,0,0,0,0,0,0,0,0,0,0,0,0,0,0,0,0,285,2026-02-03 22:31:46.437631
WNTR,23.1,23.1,23.17,2389300.0,2313200.0,0,0,0,0,0,0,0,0,0,0,0,0,0,0,0,0,0,285,2026-02-03 22:31:46.437631
SPNG,25.71,24.75,25.18,2186000.0,2029100.0,0,0,0,0,0,0,0,0,0,0,0,0,0,0,0,0,0,286,2026-02-03 22:31:47.466829
SMMR,25.93,25.93,25.97,2092000.0,1985000.0,0,0,0,0,0,0,0,0,0,0,0,0,0,0,0,0,0,286,2026-02-03 22:31:47.466829
ATMN,24.08,23.78,23.94,2130200.0,2085600.0,0,0,0,0,0,0,0,0,0,0,0,0,0,0,0,0,0,286,2026-02-03 22:31:47.466829
WNTR,23.1,23.1,23.17,2411500.0,2308400.0,0,0,0,0,0,0,0,0,0,0,0,0,0,0,0,0,0,286,2026-02-03 22:31:47.466829
SPNG,25.71,25.09,25.31,2145100.0,2026200.0,0,0,0,0,0,0,0,0,0,0,0,0,0,0,0,0,0,287,2026-02-03 22:31:48.499406
SMMR,26.04,25.8,26.04,2083200.0,1970100.0,0,0,0,0,0,0,0,0,0,0,0,0,0,0,0,0,0,287,2026-02-03 22:31:48.499406
ATMN,23.94,23.78,23.94,2130200.0,2123100.0,0,0,0,0,0,0,0,0,0,0,0,0,0,0,0,0,0,287,2026-02-03 22:31:48.499406
WNTR,23.17,23.1,23.17,2411500.0,2329600.0,0,0,0,0,0,0,0,0,0,0,0,0,0,0,0,0,0,287,2026-02-03 22:31:48.499406
SPNG,25.31,25.69,25.71,2133100.0,2018000.0,0,0,0,0,0,0,0,0,0,0,0,0,0,0,0,0,0,288,2026-02-03 22:31:49.530882
SMMR,25.8,25.8,26.08,2072000.0,1944900.0,0,0,0,0,0,0,0,0,0,0,0,0,0,0,0,0,0,288,2026-02-03 22:31:49.530882
ATMN,23.78,23.78,23.94,2130200.0,2146400.0,0,0,0,0,0,0,0,0,0,0,0,0,0,0,0,0,0,288,2026-02-03 22:31:49.530882
WNTR,23.17,23.1,23.17,2411500.0,2369900.0,0,0,0,0,0,0,0,0,0,0,0,0,0,0,0,0,0,288,2026-02-03 22:31:49.530882
SPNG,25.09,25.09,25.49,2145100.0,2022700.0,0,0,0,0,0,0,0,0,0,0,0,0,0,0,0,0,0,289,2026-02-03 22:31:50.561076
SMMR,25.8,25.95,25.99,2031800.0,1951200.0,0,0,0,0,0,0,0,0,0,0,0,0,0,0,0,0,0,289,2026-02-03 22:31:50.561076
ATMN,24.09,23.7,24.09,2120000.0,2124600.0,0,0,0,0,0,0,0,0,0,0,0,0,0,0,0,0,0,289,2026-02-03 22:31:50.561076
WNTR,23.19,23.1,23.19,2411500.0,2369700.0,0,0,0,0,0,0,0,0,0,0,0,0,0,0,0,0,0,289,2026-02-03 22:31:50.561076
SPNG,24.72,25.1,25.49,2151900.0,2011300.0,0,0,0,0,0,0,0,0,0,0,0,0,0,0,0,0,0,290,2026-02-03 22:31:51.595346
SMMR,26.08,25.95,26.08,1985700.0,1974900.0,0,0,0,0,0,0,0,0,0,0,0,0,0,0,0,0,0,290,2026-02-03 22:31:51.595346
ATMN,24.13,23.95,24.13,2146000.0,2087100.0,0,0,0,0,0,0,0,0,0,0,0,0,0,0,0,0,0,290,2026-02-03 22:31:51.595346
WNTR,23.1,23.1,23.18,2379700.0,2348200.0,0,0,0,0,0,0,0,0,0,0,0,0,0,0,0,0,0,290,2026-02-03 22:31:51.595346
SPNG,25.1,24.72,24.74,2161400.0,2029900.0,0,0,0,0,0,0,0,0,0,0,0,0,0,0,0,0,0,291,2026-02-03 22:31:52.644345
SMMR,25.87,25.97,26.0,1995300.0,1978800.0,0,0,0,0,0,0,0,0,0,0,0,0,0,0,0,0,0,291,2026-02-03 22:31:52.644345
ATMN,23.95,23.95,24.13,2146000.0,2121100.0,0,0,0,0,0,0,0,0,0,0,0,0,0,0,0,0,0,291,2026-02-03 22:31:52.644345
WNTR,23.07,23.07,23.18,2344700.0,2323400.0,0,0,0,0,0,0,0,0,0,0,0,0,0,0,0,0,0,291,2026-02-03 22:31:52.644345
SPNG,25.49,24.72,25.49,2163200.0,2011300.0,0,0,0,0,0,0,0,0,0,0,0,0,0,0,0,0,0,292,2026-02-03 22:31:53.679587
SMMR,26.13,25.97,26.13,1995300.0,1970900.0,0,0,0,0,0,0,0,0,0,0,0,0,0,0,0,0,0,292,2026-02-03 22:31:53.679587
ATMN,24.2,23.95,24.05,2146000.0,2106900.0,0,0,0,0,0,0,0,0,0,0,0,0,0,0,0,0,0,292,2026-02-03 22:31:53.679587
WNTR,23.07,23.07,23.12,2344900.0,2298300.0,0,0,0,0,0,0,0,0,0,0,0,0,0,0,0,0,0,292,2026-02-03 22:31:53.679587
SPNG,25.71,24.72,25.71,2129500.0,2023200.0,0,0,0,0,0,0,0,0,0,0,0,0,0,0,0,0,0,293,2026-02-03 22:31:54.211776
SMMR,26.14,25.97,26.14,1995300.0,1952300.0,0,0,0,0,0,0,0,0,0,0,0,0,0,0,0,0,0,293,2026-02-03 22:31:54.211776
ATMN,23.77,23.99,24.05,2144100.0,2106900.0,0,0,0,0,0,0,0,0,0,0,0,0,0,0,0,0,0,293,2026-02-03 22:31:54.211776
WNTR,23.07,23.07,23.12,2344900.0,2277000.0,0,0,0,0,0,0,0,0,0,0,0,0,0,0,0,0,0,293,2026-02-03 22:31:54.211776
SPNG,25.19,25.19,25.71,2112500.0,2026500.0,0,0,0,0,0,0,0,0,0,0,0,0,0,0,0,0,0,294,2026-02-03 22:31:55.242485
SMMR,25.99,26.06,26.14,1992800.0,1952300.0,0,0,0,0,0,0,0,0,0,0,0,0,0,0,0,0,0,294,2026-02-03 22:31:55.242485
ATMN,23.77,23.77,24.05,2168300.0,2128800.0,0,0,0,0,0,0,0,0,0,0,0,0,0,0,0,0,0,294,2026-02-03 22:31:55.242485
WNTR,23.07,23.02,23.07,2338300.0,2275400.0,0,0,0,0,0,0,0,0,0,0,0,0,0,0,0,0,0,294,2026-02-03 22:31:55.242485
SPNG,25.19,24.72,24.95,2112300.0,2034000.0,0,0,0,0,0,0,0,0,0,0,0,0,0,0,0,0,0,295,2026-02-03 22:31:56.285678
SMMR,25.8,25.8,26.14,2007200.0,1975600.0,0,0,0,0,0,0,0,0,0,0,0,0,0,0,0,0,0,295,2026-02-03 22:31:56.285678
ATMN,23.9,23.77,23.9,2168300.0,2134800.0,0,0,0,0,0,0,0,0,0,0,0,0,0,0,0,0,0,295,2026-02-03 22:31:56.285678
WNTR,23.02,23.02,23.12,2396400.0,2297100.0,0,0,0,0,0,0,0,0,0,0,0,0,0,0,0,0,0,295,2026-02-03 22:31:56.285678
SPNG,24.95,24.96,25.71,2146600.0,2026500.0,0,0,0,0,0,0,0,0,0,0,0,0,0,0,0,0,0,296,2026-02-03 22:31:57.322837
SMMR,25.79,26.06,26.14,2008000.0,1975600.0,0,0,0,0,0,0,0,0,0,0,0,0,0,0,0,0,0,296,2026-02-03 22:31:57.322837
ATMN,24.07,23.94,24.06,2192400.0,2102100.0,0,0,0,0,0,0,0,0,0,0,0,0,0,0,0,0,0,296,2026-02-03 22:31:57.322837
WNTR,23.02,23.02,23.12,2402700.0,2289600.0,0,0,0,0,0,0,0,0,0,0,0,0,0,0,0,0,0,296,2026-02-03 22:31:57.322837
SPNG,24.95,24.96,25.07,2161900.0,2049500.0,0,0,0,0,0,0,0,0,0,0,0,0,0,0,0,0,0,297,2026-02-03 22:31:58.364301
SMMR,25.79,26.02,26.1,2016400.0,1985100.0,0,0,0,0,0,0,0,0,0,0,0,0,0,0,0,0,0,297,2026-02-03 22:31:58.364301
ATMN,23.94,23.94,24.06,2227300.0,2102100.0,0,0,0,0,0,0,0,0,0,0,0,0,0,0,0,0,0,297,2026-02-03 22:31:58.364301
WNTR,23.02,23.02,23.04,2402700.0,2310400.0,0,0,0,0,0,0,0,0,0,0,0,0,0,0,0,0,0,297,2026-02-03 22:31:58.364301
SPNG,24.95,24.96,25.07,2181900.0,2049500.0,0,0,0,0,0,0,0,0,0,0,0,0,0,0,0,0,0,298,2026-02-03 22:31:59.396798
SMMR,26.08,25.79,26.08,2039300.0,2004800.0,0,0,0,0,0,0,0,0,0,0,0,0,0,0,0,0,0,298,2026-02-03 22:31:59.396798
ATMN,23.86,23.83,23.86,2201900.0,2115200.0,0,0,0,0,0,0,0,0,0,0,0,0,0,0,0,0,0,298,2026-02-03 22:31:59.396798
WNTR,23.04,23.07,23.12,2394000.0,2293300.0,0,0,0,0,0,0,0,0,0,0,0,0,0,0,0,0,0,298,2026-02-03 22:31:59.396798
SPNG,24.78,24.78,25.71,2189100.0,2026500.0,0,0,0,0,0,0,0,0,0,0,0,0,0,0,0,0,0,299,2026-02-03 22:32:00.431931
SMMR,26.08,26.07,26.08,1990200.0,2004800.0,0,0,0,0,0,0,0,0,0,0,0,0,0,0,0,0,0,299,2026-02-03 22:32:00.431931
ATMN,23.86,23.97,24.06,2232900.0,2132300.0,0,0,0,0,0,0,0,0,0,0,0,0,0,0,0,0,0,299,2026-02-03 22:32:00.431931
WNTR,23.01,23.01,23.07,2433400.0,2326500.0,0,0,0,0,0,0,0,0,0,0,0,0,0,0,0,0,0,299,2026-02-03 22:32:00.431931
