ticker,last_price,bid_price,ask_price,BUY_ANON,SELL_ANON,BUY_GIOT-3,SELL_WRSW-3,SELL_WRSW-1,BUY_WRSW-3,BUY_UEBR-1,SELL_GIOT-4,SELL_UEBR-1,BUY_WRSW-1,BUY_WRSW-2,BUY_GIOT-4,SELL_GIOT-3,SELL_WRSW-2,tick,timestamp
SPNG,0.0,0.0,0.0,2222800.0,1567800.0,0,0,0,0,0,0,0,0,0,0,0,0,0,2026-02-03 06:11:57.692290
SMMR,24.96,24.96,0.0,1631200.0,2349600.0,0,0,0,0,0,0,0,0,0,0,0,0,0,2026-02-03 06:11:57.692290
ATMN,0.0,0.0,0.0,1944000.0,2051200.0,0,0,0,0,0,0,0,0,0,0,0,0,0,2026-02-03 06:11:57.692290
WNTR,0.0,0.0,0.0,2312700.0,2274600.0,0,0,0,0,0,0,0,0,0,0,0,0,0,2026-02-03 06:11:57.692290
SPNG,24.78,24.78,25.42,2222800.0,1686800.0,0,0,0,0,0,0,0,0,0,0,0,0,1,2026-02-03 06:11:58.223295,2.0,1.0,1.0,,Aggregate Position Limit,Your CRO has set the aggregate position limit to 14000 shares for this week.
SMMR,25.0,24.96,25.0,1631200.0,2362500.0,0,0,0,0,0,0,0,0,0,0,0,0,1,2026-02-03 06:11:58.223295,1.0,1.0,1.0,,Welcome to the RITC 2026 Alogithmic Market Making Case - practice server,
ATMN,24.97,24.97,25.02,1845800.0,2044000.0,0,0,0,0,0,0,0,0,0,0,0,0,1,2026-02-03 06:11:58.223295,,,,,,
WNTR,24.95,24.87,24.9,2354200.0,2288000.0,0,0,0,0,0,0,0,0,0,0,0,0,1,2026-02-03 06:11:58.223295,,,,,,
SPNG,24.76,24.76,25.12,2266200.0,1823000.0,0,0,0,0,0,0,0,0,0,0,0,0,2,2026-02-03 06:11:59.252091
SMMR,25.01,24.96,25.01,1840900.0,2355900.0,0,0,0,0,0,0,0,0,0,0,0,0,2,2026-02-03 06:11:59.252091
ATMN,25.03,24.97,25.03,2055900.0,2058500.0,0,0,0,0,0,0,0,0,0,0,0,0,2,2026-02-03 06:11:59.252091
WNTR,24.95,24.87,24.95,2357500.0,2269800.0,0,0,0,0,0,0,0,0,0,0,0,0,2,2026-02-03 06:11:59.252091
SPNG,25.12,24.84,25.12,2276200.0,1823000.0,0,0,0,0,0,0,0,0,0,0,0,0,3,2026-02-03 06:12:00.282878
SMMR,25.01,25.05,25.06,2053100.0,2347000.0,0,0,0,0,0,0,0,0,0,0,0,0,3,2026-02-03 06:12:00.282878
ATMN,25.03,24.97,25.03,2070500.0,2036400.0,0,0,0,0,0,0,0,0,0,0,0,0,3,2026-02-03 06:12:00.282878
WNTR,24.86,24.86,24.95,2319900.0,2269800.0,0,0,0,0,0,0,0,0,0,0,0,0,3,2026-02-03 06:12:00.282878
SPNG,24.76,24.76,25.09,2266200.0,1800200.0,0,0,0,0,0,0,0,0,0,0,0,0,4,2026-02-03 06:12:01.307727
SMMR,24.89,24.92,24.98,1828700.0,2360700.0,0,0,0,0,0,0,0,0,0,0,0,0,4,2026-02-03 06:12:01.307727
ATMN,24.97,24.97,25.17,2070500.0,2040700.0,0,0,0,0,0,0,0,0,0,0,0,0,4,2026-02-03 06:12:01.307727
WNTR,25.02,24.91,25.02,2292700.0,2274600.0,0,0,0,0,0,0,0,0,0,0,0,0,4,2026-02-03 06:12:01.307727
SPNG,24.88,25.05,25.09,2264900.0,1920800.0,0,0,0,0,0,0,0,0,0,0,0,0,5,2026-02-03 06:12:02.335102
SMMR,24.89,24.92,24.98,2187500.0,2360700.0,0,0,0,0,0,0,0,0,0,0,0,0,5,2026-02-03 06:12:02.335102
ATMN,24.92,25.08,25.16,2069600.0,2026200.0,0,0,0,0,0,0,0,0,0,0,0,0,5,2026-02-03 06:12:02.335102
WNTR,25.03,24.99,25.03,2299300.0,2180700.0,0,0,0,0,0,0,0,0,0,0,0,0,5,2026-02-03 06:12:02.335102
SPNG,24.54,24.54,25.09,2291600.0,1920800.0,0,0,0,0,0,0,0,0,0,0,0,0,6,2026-02-03 06:12:03.365533
SMMR,24.89,24.92,24.98,2281000.0,2360700.0,0,0,0,0,0,0,0,0,0,0,0,0,6,2026-02-03 06:12:03.365533
ATMN,24.92,24.9,24.91,2091000.0,2034000.0,0,0,0,0,0,0,0,0,0,0,0,0,6,2026-02-03 06:12:03.365533
WNTR,24.99,24.99,25.03,2320900.0,2280900.0,0,0,0,0,0,0,0,0,0,0,0,0,6,2026-02-03 06:12:03.365533
SPNG,24.54,24.62,25.09,2306900.0,1920800.0,0,0,0,0,0,0,0,0,0,0,0,0,7,2026-02-03 06:12:04.410718
SMMR,25.08,24.92,25.08,2281000.0,2373400.0,0,0,0,0,0,0,0,0,0,0,0,0,7,2026-02-03 06:12:04.410718
ATMN,24.92,24.9,24.91,2122500.0,2034000.0,0,0,0,0,0,0,0,0,0,0,0,0,7,2026-02-03 06:12:04.410718
WNTR,24.99,24.99,25.02,2332400.0,2257400.0,0,0,0,0,0,0,0,0,0,0,0,0,7,2026-02-03 06:12:04.410718
SPNG,24.54,24.78,25.09,2310600.0,1920800.0,0,0,0,0,0,0,0,0,0,0,0,0,8,2026-02-03 06:12:05.436378
SMMR,25.08,24.97,25.06,2250600.0,2343600.0,0,0,0,0,0,0,0,0,0,0,0,0,8,2026-02-03 06:12:05.436378
ATMN,24.91,24.99,25.09,2077800.0,2025700.0,0,0,0,0,0,0,0,0,0,0,0,0,8,2026-02-03 06:12:05.436378
WNTR,24.96,24.96,24.97,2337200.0,2225300.0,0,0,0,0,0,0,0,0,0,0,0,0,8,2026-02-03 06:12:05.436378
SPNG,25.09,24.78,25.09,2310600.0,2042700.0,0,0,0,0,0,0,0,0,0,0,0,0,9,2026-02-03 06:12:06.466481
SMMR,25.08,24.97,25.05,2274600.0,2357300.0,0,0,0,0,0,0,0,0,0,0,0,0,9,2026-02-03 06:12:06.466481
ATMN,25.16,24.89,25.16,2109100.0,2039200.0,0,0,0,0,0,0,0,0,0,0,0,0,9,2026-02-03 06:12:06.466481
WNTR,25.02,24.96,24.97,2337200.0,2206400.0,0,0,0,0,0,0,0,0,0,0,0,0,9,2026-02-03 06:12:06.466481
SPNG,24.79,24.78,24.79,2310600.0,2153600.0,0,0,0,0,0,0,0,0,0,0,0,0,10,2026-02-03 06:12:07.496272
SMMR,25.05,24.97,25.05,2278500.0,2357300.0,0,0,0,0,0,0,0,0,0,0,0,0,10,2026-02-03 06:12:07.496272
ATMN,25.16,24.89,24.98,2109100.0,2047600.0,0,0,0,0,0,0,0,0,0,0,0,0,10,2026-02-03 06:12:07.496272
WNTR,24.95,24.95,25.03,2332700.0,2245300.0,0,0,0,0,0,0,0,0,0,0,0,0,10,2026-02-03 06:12:07.496272
SPNG,24.79,25.02,25.26,2294800.0,2284300.0,0,0,0,0,0,0,0,0,0,0,0,0,11,2026-02-03 06:12:08.523979
SMMR,25.08,25.03,25.08,2294000.0,2332800.0,0,0,0,0,0,0,0,0,0,0,0,0,11,2026-02-03 06:12:08.523979
ATMN,25.16,24.89,25.16,2082500.0,2047700.0,0,0,0,0,0,0,0,0,0,0,0,0,11,2026-02-03 06:12:08.523979
WNTR,24.95,24.95,25.03,2326900.0,2227300.0,0,0,0,0,0,0,0,0,0,0,0,0,11,2026-02-03 06:12:08.523979
SPNG,24.62,24.62,25.08,2326400.0,2239600.0,0,0,0,0,0,0,0,0,0,0,0,0,12,2026-02-03 06:12:09.554828
SMMR,25.08,25.03,25.06,2270700.0,2304000.0,0,0,0,0,0,0,0,0,0,0,0,0,12,2026-02-03 06:12:09.554828
ATMN,25.16,24.77,24.82,2128100.0,2089400.0,0,0,0,0,0,0,0,0,0,0,0,0,12,2026-02-03 06:12:09.554828
WNTR,25.11,24.95,25.11,2283100.0,2241900.0,0,0,0,0,0,0,0,0,0,0,0,0,12,2026-02-03 06:12:09.554828
SPNG,25.23,25.06,25.12,2283000.0,2229200.0,0,0,0,0,0,0,0,0,0,0,0,0,13,2026-02-03 06:12:10.594929
SMMR,25.03,25.03,25.06,2270700.0,2331800.0,0,0,0,0,0,0,0,0,0,0,0,0,13,2026-02-03 06:12:10.594929
ATMN,25.13,24.77,25.09,2128100.0,2107000.0,0,0,0,0,0,0,0,0,0,0,0,0,13,2026-02-03 06:12:10.594929
WNTR,25.11,24.95,25.11,2283100.0,2235200.0,0,0,0,0,0,0,0,0,0,0,0,0,13,2026-02-03 06:12:10.594929
SPNG,25.06,24.66,24.79,2286100.0,2207300.0,0,0,0,0,0,0,0,0,0,0,0,0,14,2026-02-03 06:12:11.643107
SMMR,25.03,25.03,25.06,2270700.0,2341600.0,0,0,0,0,0,0,0,0,0,0,0,0,14,2026-02-03 06:12:11.643107
ATMN,25.17,24.78,25.16,2107600.0,2076600.0,0,0,0,0,0,0,0,0,0,0,0,0,14,2026-02-03 06:12:11.643107
WNTR,24.9,25.02,25.11,2274200.0,2204300.0,0,0,0,0,0,0,0,0,0,0,0,0,14,2026-02-03 06:12:11.643107
SPNG,24.79,25.05,25.12,2298800.0,2216500.0,0,0,0,0,0,0,0,0,0,0,0,0,15,2026-02-03 06:12:12.182234
SMMR,25.06,25.03,25.06,2235600.0,2341600.0,0,0,0,0,0,0,0,0,0,0,0,0,15,2026-02-03 06:12:12.182234
ATMN,25.17,25.03,25.16,2122300.0,2098400.0,0,0,0,0,0,0,0,0,0,0,0,0,15,2026-02-03 06:12:12.182234
WNTR,25.02,25.02,25.11,2274200.0,2198000.0,0,0,0,0,0,0,0,0,0,0,0,0,15,2026-02-03 06:12:12.182234
SPNG,25.05,24.74,24.87,2265100.0,2242200.0,0,0,0,0,0,0,0,0,0,0,0,0,16,2026-02-03 06:12:13.210956
SMMR,25.08,24.93,25.08,2251100.0,2294300.0,0,0,0,0,0,0,0,0,0,0,0,0,16,2026-02-03 06:12:13.210956
ATMN,25.03,24.78,24.98,2107600.0,2087000.0,0,0,0,0,0,0,0,0,0,0,0,0,16,2026-02-03 06:12:13.210956
WNTR,24.94,24.86,24.94,2274700.0,2190200.0,0,0,0,0,0,0,0,0,0,0,0,0,16,2026-02-03 06:12:13.210956
SPNG,25.05,24.74,24.87,2233900.0,2242200.0,0,0,0,0,0,0,0,0,0,0,0,0,17,2026-02-03 06:12:14.243323
SMMR,25.08,24.93,25.05,2253200.0,2283300.0,0,0,0,0,0,0,0,0,0,0,0,0,17,2026-02-03 06:12:14.243323
ATMN,24.78,24.78,24.92,2109700.0,2107400.0,0,0,0,0,0,0,0,0,0,0,0,0,17,2026-02-03 06:12:14.243323
WNTR,24.86,24.86,25.11,2255600.0,2179500.0,0,0,0,0,0,0,0,0,0,0,0,0,17,2026-02-03 06:12:14.243323
SPNG,24.87,24.97,25.07,2291800.0,2223900.0,0,0,0,0,0,0,0,0,0,0,0,0,18,2026-02-03 06:12:15.275597
SMMR,24.92,24.92,25.05,2279000.0,2255900.0,0,0,0,0,0,0,0,0,0,0,0,0,18,2026-02-03 06:12:15.275597
ATMN,24.98,24.88,24.98,2077500.0,2087000.0,0,0,0,0,0,0,0,0,0,0,0,0,18,2026-02-03 06:12:15.275597
WNTR,25.13,24.93,24.98,2260700.0,2173200.0,0,0,0,0,0,0,0,0,0,0,0,0,18,2026-02-03 06:12:15.275597
SPNG,24.87,24.97,25.07,2303300.0,2199300.0,0,0,0,0,0,0,0,0,0,0,0,0,19,2026-02-03 06:12:16.309079
SMMR,25.08,24.99,25.08,2270800.0,2291900.0,0,0,0,0,0,0,0,0,0,0,0,0,19,2026-02-03 06:12:16.309079
ATMN,25.02,24.92,25.02,2100300.0,2110500.0,0,0,0,0,0,0,0,0,0,0,0,0,19,2026-02-03 06:12:16.309079
WNTR,24.86,24.86,24.97,2255800.0,2183600.0,0,0,0,0,0,0,0,0,0,0,0,0,19,2026-02-03 06:12:16.309079
SPNG,24.87,25.03,25.07,2326300.0,2224500.0,0,0,0,0,0,0,0,0,0,0,0,0,20,2026-02-03 06:12:17.344481
SMMR,25.08,24.99,25.08,2289900.0,2303900.0,0,0,0,0,0,0,0,0,0,0,0,0,20,2026-02-03 06:12:17.344481
ATMN,25.02,24.92,25.02,2100300.0,2093500.0,0,0,0,0,0,0,0,0,0,0,0,0,20,2026-02-03 06:12:17.344481
WNTR,24.91,24.91,24.97,2267400.0,2183600.0,0,0,0,0,0,0,0,0,0,0,0,0,20,2026-02-03 06:12:17.344481
SPNG,25.07,24.74,25.07,2312900.0,2224500.0,0,0,0,0,0,0,0,0,0,0,0,0,21,2026-02-03 06:12:18.372465
SMMR,25.08,24.99,25.08,2289900.0,2280800.0,0,0,0,0,0,0,0,0,0,0,0,0,21,2026-02-03 06:12:18.372465
ATMN,25.02,24.93,25.02,2085100.0,2087000.0,0,0,0,0,0,0,0,0,0,0,0,0,21,2026-02-03 06:12:18.372465
WNTR,24.85,24.85,24.88,2255200.0,2161300.0,0,0,0,0,0,0,0,0,0,0,0,0,21,2026-02-03 06:12:18.372465
SPNG,25.12,24.87,25.12,2326400.0,2205900.0,0,0,0,0,0,0,0,0,0,0,0,0,22,2026-02-03 06:12:19.410246
SMMR,25.08,24.99,25.08,2289900.0,2245400.0,0,0,0,0,0,0,0,0,0,0,0,0,22,2026-02-03 06:12:19.410246
ATMN,24.92,24.92,25.01,2084800.0,2092700.0,0,0,0,0,0,0,0,0,0,0,0,0,22,2026-02-03 06:12:19.410246
WNTR,24.86,24.86,24.88,2261000.0,2161300.0,0,0,0,0,0,0,0,0,0,0,0,0,22,2026-02-03 06:12:19.410246
SPNG,25.13,24.66,25.13,2312700.0,2222500.0,0,0,0,0,0,0,0,0,0,0,0,0,23,2026-02-03 06:12:20.439722
SMMR,25.09,24.98,25.09,2274000.0,2264700.0,0,0,0,0,0,0,0,0,0,0,0,0,23,2026-02-03 06:12:20.439722
ATMN,24.86,24.86,25.01,2032600.0,2089200.0,0,0,0,0,0,0,0,0,0,0,0,0,23,2026-02-03 06:12:20.439722
WNTR,24.91,24.86,24.91,2261000.0,2173400.0,0,0,0,0,0,0,0,0,0,0,0,0,23,2026-02-03 06:12:20.439722
SPNG,25.23,24.66,25.23,2326900.0,2247100.0,0,0,0,0,0,0,0,0,0,0,0,0,24,2026-02-03 06:12:21.466879
SMMR,24.98,24.98,25.09,2289400.0,2264700.0,0,0,0,0,0,0,0,0,0,0,0,0,24,2026-02-03 06:12:21.466879
ATMN,25.05,24.78,25.05,2046000.0,2091700.0,0,0,0,0,0,0,0,0,0,0,0,0,24,2026-02-03 06:12:21.466879
WNTR,24.85,24.86,24.9,2245600.0,2203500.0,0,0,0,0,0,0,0,0,0,0,0,0,24,2026-02-03 06:12:21.466879
SPNG,24.78,24.89,24.9,2335900.0,2227600.0,0,0,0,0,0,0,0,0,0,0,0,0,25,2026-02-03 06:12:22.491194
SMMR,24.95,24.95,25.09,2262200.0,2239100.0,0,0,0,0,0,0,0,0,0,0,0,0,25,2026-02-03 06:12:22.491194
ATMN,24.78,24.78,24.99,2052800.0,2101000.0,0,0,0,0,0,0,0,0,0,0,0,0,25,2026-02-03 06:12:22.491194
WNTR,24.9,24.86,24.9,2232900.0,2203500.0,0,0,0,0,0,0,0,0,0,0,0,0,25,2026-02-03 06:12:22.491194
SPNG,24.66,24.66,25.23,2323000.0,2258700.0,0,0,0,0,0,0,0,0,0,0,0,0,26,2026-02-03 06:12:23.515612
SMMR,25.04,25.04,25.09,2267000.0,2239100.0,0,0,0,0,0,0,0,0,0,0,0,0,26,2026-02-03 06:12:23.515612
ATMN,24.78,24.78,25.05,2028200.0,2091700.0,0,0,0,0,0,0,0,0,0,0,0,0,26,2026-02-03 06:12:23.515612
WNTR,24.84,24.84,24.9,2234500.0,2190600.0,0,0,0,0,0,0,0,0,0,0,0,0,26,2026-02-03 06:12:23.515612
SPNG,24.66,24.66,24.96,2323000.0,2276100.0,0,0,0,0,0,0,0,0,0,0,0,0,27,2026-02-03 06:12:24.547781
SMMR,25.1,25.04,25.1,2307800.0,2270000.0,0,0,0,0,0,0,0,0,0,0,0,0,27,2026-02-03 06:12:24.547781
ATMN,25.07,24.78,25.07,2071700.0,2081800.0,0,0,0,0,0,0,0,0,0,0,0,0,27,2026-02-03 06:12:24.547781
WNTR,24.83,24.85,24.9,2244300.0,2182100.0,0,0,0,0,0,0,0,0,0,0,0,0,27,2026-02-03 06:12:24.547781
SPNG,24.66,24.66,24.96,2302400.0,2276100.0,0,0,0,0,0,0,0,0,0,0,0,0,28,2026-02-03 06:12:25.573778
SMMR,25.04,25.04,25.12,2300300.0,2274300.0,0,0,0,0,0,0,0,0,0,0,0,0,28,2026-02-03 06:12:25.573778
ATMN,25.13,25.14,25.16,2061100.0,2113400.0,0,0,0,0,0,0,0,0,0,0,0,0,28,2026-02-03 06:12:25.573778
WNTR,24.83,24.85,24.9,2244300.0,2208000.0,0,0,0,0,0,0,0,0,0,0,0,0,28,2026-02-03 06:12:25.573778
SPNG,24.96,24.66,24.96,2302400.0,2276100.0,0,0,0,0,0,0,0,0,0,0,0,0,29,2026-02-03 06:12:26.601661
SMMR,24.92,24.92,25.03,2256200.0,2280300.0,0,0,0,0,0,0,0,0,0,0,0,0,29,2026-02-03 06:12:26.601661
ATMN,25.17,25.14,25.17,2061100.0,2068200.0,0,0,0,0,0,0,0,0,0,0,0,0,29,2026-02-03 06:12:26.601661
WNTR,24.82,24.82,24.88,2242800.0,2209600.0,0,0,0,0,0,0,0,0,0,0,0,0,29,2026-02-03 06:12:26.601661
SPNG,25.21,24.66,24.97,2302400.0,2241500.0,0,0,0,0,0,0,0,0,0,0,0,0,30,2026-02-03 06:12:27.628021
SMMR,25.12,24.92,25.12,2256200.0,2279600.0,0,0,0,0,0,0,0,0,0,0,0,0,30,2026-02-03 06:12:27.628021
ATMN,25.14,24.78,24.98,2077100.0,2045500.0,0,0,0,0,0,0,0,0,0,0,0,0,30,2026-02-03 06:12:27.628021
WNTR,24.79,24.79,24.88,2210900.0,2175500.0,0,0,0,0,0,0,0,0,0,0,0,0,30,2026-02-03 06:12:27.628021
SPNG,25.23,25.24,25.26,2309700.0,2280300.0,0,0,0,0,0,0,0,0,0,0,0,0,31,2026-02-03 06:12:28.675507
SMMR,25.12,24.97,25.12,2278300.0,2330700.0,0,0,0,0,0,0,0,0,0,0,0,0,31,2026-02-03 06:12:28.675507
ATMN,24.83,24.83,25.19,2112000.0,2031100.0,0,0,0,0,0,0,0,0,0,0,0,0,31,2026-02-03 06:12:28.675507
WNTR,24.77,24.77,24.78,2219100.0,2179200.0,0,0,0,0,0,0,0,0,0,0,0,0,31,2026-02-03 06:12:28.675507
SPNG,25.23,25.24,25.26,2309700.0,2259000.0,0,0,0,0,0,0,0,0,0,0,0,0,32,2026-02-03 06:12:29.719382
SMMR,25.13,25.12,25.13,2318800.0,2299200.0,0,0,0,0,0,0,0,0,0,0,0,0,32,2026-02-03 06:12:29.719382
ATMN,25.13,25.14,25.19,2131400.0,2031100.0,0,0,0,0,0,0,0,0,0,0,0,0,32,2026-02-03 06:12:29.719382
WNTR,24.73,24.73,24.78,2203100.0,2179200.0,0,0,0,0,0,0,0,0,0,0,0,0,32,2026-02-03 06:12:29.719382
SPNG,25.24,24.66,24.94,2302400.0,2254700.0,0,0,0,0,0,0,0,0,0,0,0,0,33,2026-02-03 06:12:30.765649
SMMR,25.12,24.97,25.11,2318000.0,2322900.0,0,0,0,0,0,0,0,0,0,0,0,0,33,2026-02-03 06:12:30.765649
ATMN,25.06,25.06,25.22,2136700.0,2041900.0,0,0,0,0,0,0,0,0,0,0,0,0,33,2026-02-03 06:12:30.765649
WNTR,24.88,24.68,24.88,2236300.0,2164200.0,0,0,0,0,0,0,0,0,0,0,0,0,33,2026-02-03 06:12:30.765649
SPNG,25.26,25.1,25.26,2302200.0,2275700.0,0,0,0,0,0,0,0,0,0,0,0,0,34,2026-02-03 06:12:31.797956
SMMR,24.97,24.97,25.11,2291100.0,2322900.0,0,0,0,0,0,0,0,0,0,0,0,0,34,2026-02-03 06:12:31.797956
ATMN,24.78,24.78,25.03,2131400.0,2054100.0,0,0,0,0,0,0,0,0,0,0,0,0,34,2026-02-03 06:12:31.797956
WNTR,24.68,24.68,24.7,2235200.0,2182800.0,0,0,0,0,0,0,0,0,0,0,0,0,34,2026-02-03 06:12:31.797956
SPNG,25.26,25.1,25.26,2302200.0,2274000.0,0,0,0,0,0,0,0,0,0,0,0,0,35,2026-02-03 06:12:32.328519
SMMR,25.13,25.0,25.13,2315800.0,2303800.0,0,0,0,0,0,0,0,0,0,0,0,0,35,2026-02-03 06:12:32.328519
ATMN,24.78,24.99,25.03,2151700.0,2054100.0,0,0,0,0,0,0,0,0,0,0,0,0,35,2026-02-03 06:12:32.328519
WNTR,24.64,24.64,24.66,2218000.0,2205600.0,0,0,0,0,0,0,0,0,0,0,0,0,35,2026-02-03 06:12:32.328519
SPNG,25.26,25.1,25.19,2302200.0,2309100.0,0,0,0,0,0,0,0,0,0,0,0,0,36,2026-02-03 06:12:33.366784
SMMR,25.0,25.0,25.13,2315800.0,2326600.0,0,0,0,0,0,0,0,0,0,0,0,0,36,2026-02-03 06:12:33.366784
ATMN,25.23,24.99,25.23,2161800.0,2027500.0,0,0,0,0,0,0,0,0,0,0,0,0,36,2026-02-03 06:12:33.366784
WNTR,24.7,24.64,24.7,2220100.0,2182800.0,0,0,0,0,0,0,0,0,0,0,0,0,36,2026-02-03 06:12:33.366784
SPNG,25.19,24.66,25.19,2302400.0,2309100.0,0,0,0,0,0,0,0,0,0,0,0,0,37,2026-02-03 06:12:34.395051
SMMR,25.0,24.97,24.98,2316600.0,2318600.0,0,0,0,0,0,0,0,0,0,0,0,0,37,2026-02-03 06:12:34.395051
ATMN,25.24,24.99,25.24,2161800.0,2013400.0,0,0,0,0,0,0,0,0,0,0,0,0,37,2026-02-03 06:12:34.395051
WNTR,24.7,24.64,24.7,2247500.0,2198200.0,0,0,0,0,0,0,0,0,0,0,0,0,37,2026-02-03 06:12:34.395051
SPNG,25.22,24.86,25.06,2342800.0,2284200.0,0,0,0,0,0,0,0,0,0,0,0,0,38,2026-02-03 06:12:35.427188
SMMR,25.15,25.15,25.16,2314400.0,2261200.0,0,0,0,0,0,0,0,0,0,0,0,0,38,2026-02-03 06:12:35.427188
ATMN,24.99,25.17,25.24,2163700.0,2038100.0,0,0,0,0,0,0,0,0,0,0,0,0,38,2026-02-03 06:12:35.427188
WNTR,24.9,24.73,24.9,2251300.0,2197200.0,0,0,0,0,0,0,0,0,0,0,0,0,38,2026-02-03 06:12:35.427188
SPNG,24.96,24.96,25.06,2346700.0,2279200.0,0,0,0,0,0,0,0,0,0,0,0,0,39,2026-02-03 06:12:36.459168
SMMR,25.15,24.97,24.99,2316600.0,2300100.0,0,0,0,0,0,0,0,0,0,0,0,0,39,2026-02-03 06:12:36.459168
ATMN,24.98,24.98,25.21,2159300.0,2039000.0,0,0,0,0,0,0,0,0,0,0,0,0,39,2026-02-03 06:12:36.459168
WNTR,24.73,24.7,24.73,2223500.0,2206000.0,0,0,0,0,0,0,0,0,0,0,0,0,39,2026-02-03 06:12:36.459168
SPNG,25.22,24.96,25.22,2333100.0,2291300.0,0,0,0,0,0,0,0,0,0,0,0,0,40,2026-02-03 06:12:37.490756
SMMR,24.99,24.99,25.16,2275400.0,2270400.0,0,0,0,0,0,0,0,0,0,0,0,0,40,2026-02-03 06:12:37.490756
ATMN,24.77,24.8,25.21,2102300.0,2039000.0,0,0,0,0,0,0,0,0,0,0,0,0,40,2026-02-03 06:12:37.490756
WNTR,24.7,24.87,24.9,2231600.0,2197200.0,0,0,0,0,0,0,0,0,0,0,0,0,40,2026-02-03 06:12:37.490756
SPNG,24.8,24.8,25.22,2315400.0,2282300.0,0,0,0,0,0,0,0,0,0,0,0,0,41,2026-02-03 06:12:38.516722
SMMR,24.99,24.99,25.05,2275400.0,2325000.0,0,0,0,0,0,0,0,0,0,0,0,0,41,2026-02-03 06:12:38.516722
ATMN,25.11,25.11,25.21,2125500.0,2034700.0,0,0,0,0,0,0,0,0,0,0,0,0,41,2026-02-03 06:12:38.516722
WNTR,24.9,24.7,24.9,2250900.0,2197200.0,0,0,0,0,0,0,0,0,0,0,0,0,41,2026-02-03 06:12:38.516722
SPNG,24.8,24.66,24.74,2346700.0,2329800.0,0,0,0,0,0,0,0,0,0,0,0,0,42,2026-02-03 06:12:39.543217
SMMR,24.99,25.01,25.03,2296500.0,2329600.0,0,0,0,0,0,0,0,0,0,0,0,0,42,2026-02-03 06:12:39.543217
ATMN,24.8,24.77,24.79,2100800.0,2092400.0,0,0,0,0,0,0,0,0,0,0,0,0,42,2026-02-03 06:12:39.543217
WNTR,24.64,24.64,24.9,2225300.0,2197300.0,0,0,0,0,0,0,0,0,0,0,0,0,42,2026-02-03 06:12:39.543217
SPNG,25.28,24.66,25.28,2342200.0,2306900.0,0,0,0,0,0,0,0,0,0,0,0,0,43,2026-02-03 06:12:40.570059
SMMR,25.05,25.01,25.05,2292100.0,2325000.0,0,0,0,0,0,0,0,0,0,0,0,0,43,2026-02-03 06:12:40.570059
ATMN,24.8,24.77,24.79,2113700.0,2092400.0,0,0,0,0,0,0,0,0,0,0,0,0,43,2026-02-03 06:12:40.570059
WNTR,24.91,24.89,24.91,2262900.0,2184900.0,0,0,0,0,0,0,0,0,0,0,0,0,43,2026-02-03 06:12:40.570059
SPNG,25.28,24.66,25.28,2342600.0,2306900.0,0,0,0,0,0,0,0,0,0,0,0,0,44,2026-02-03 06:12:41.602699
SMMR,25.01,25.01,25.15,2292100.0,2301300.0,0,0,0,0,0,0,0,0,0,0,0,0,44,2026-02-03 06:12:41.602699
ATMN,24.79,25.08,25.17,2086000.0,2058500.0,0,0,0,0,0,0,0,0,0,0,0,0,44,2026-02-03 06:12:41.602699
WNTR,24.89,24.89,24.91,2244100.0,2199900.0,0,0,0,0,0,0,0,0,0,0,0,0,44,2026-02-03 06:12:41.602699
SPNG,25.28,25.27,25.28,2348400.0,2318500.0,0,0,0,0,0,0,0,0,0,0,0,0,45,2026-02-03 06:12:42.630198
SMMR,25.0,25.01,25.15,2311100.0,2339300.0,0,0,0,0,0,0,0,0,0,0,0,0,45,2026-02-03 06:12:42.630198
ATMN,25.17,24.77,24.8,2102700.0,2109000.0,0,0,0,0,0,0,0,0,0,0,0,0,45,2026-02-03 06:12:42.630198
WNTR,24.89,24.86,24.87,2236500.0,2163300.0,0,0,0,0,0,0,0,0,0,0,0,0,45,2026-02-03 06:12:42.630198
SPNG,25.27,25.27,25.28,2348400.0,2318500.0,0,0,0,0,0,0,0,0,0,0,0,0,46,2026-02-03 06:12:43.661104
SMMR,25.0,25.01,25.06,2311100.0,2327300.0,0,0,0,0,0,0,0,0,0,0,0,0,46,2026-02-03 06:12:43.661104
ATMN,24.8,24.77,24.8,2077500.0,2109000.0,0,0,0,0,0,0,0,0,0,0,0,0,46,2026-02-03 06:12:43.661104
WNTR,24.64,24.64,24.67,2228300.0,2194400.0,0,0,0,0,0,0,0,0,0,0,0,0,46,2026-02-03 06:12:43.661104
SPNG,25.27,24.66,25.15,2342600.0,2352500.0,0,0,0,0,0,0,0,0,0,0,0,0,47,2026-02-03 06:12:44.692329
SMMR,24.99,24.99,25.02,2307600.0,2297400.0,0,0,0,0,0,0,0,0,0,0,0,0,47,2026-02-03 06:12:44.692329
ATMN,25.22,24.77,25.22,2076500.0,2038300.0,0,0,0,0,0,0,0,0,0,0,0,0,47,2026-02-03 06:12:44.692329
WNTR,24.67,24.64,24.67,2239000.0,2194400.0,0,0,0,0,0,0,0,0,0,0,0,0,47,2026-02-03 06:12:44.692329
SPNG,25.29,24.87,25.29,2318600.0,2334200.0,0,0,0,0,0,0,0,0,0,0,0,0,48,2026-02-03 06:12:45.727088
SMMR,24.96,24.96,24.97,2332700.0,2318200.0,0,0,0,0,0,0,0,0,0,0,0,0,48,2026-02-03 06:12:45.727088
ATMN,24.92,24.92,25.22,2107300.0,2038300.0,0,0,0,0,0,0,0,0,0,0,0,0,48,2026-02-03 06:12:45.727088
WNTR,24.67,24.64,24.67,2255400.0,2194400.0,0,0,0,0,0,0,0,0,0,0,0,0,48,2026-02-03 06:12:45.727088
SPNG,25.31,24.87,25.19,2318600.0,2357200.0,0,0,0,0,0,0,0,0,0,0,0,0,49,2026-02-03 06:12:46.775032
SMMR,25.02,24.96,25.02,2332700.0,2297400.0,0,0,0,0,0,0,0,0,0,0,0,0,49,2026-02-03 06:12:46.775032
ATMN,24.9,24.85,24.9,2091600.0,2061300.0,0,0,0,0,0,0,0,0,0,0,0,0,49,2026-02-03 06:12:46.775032
WNTR,24.67,24.73,24.86,2267700.0,2202700.0,0,0,0,0,0,0,0,0,0,0,0,0,49,2026-02-03 06:12:46.775032
SPNG,25.31,24.87,25.19,2318600.0,2357200.0,0,0,0,0,0,0,0,0,0,0,0,0,50,2026-02-03 06:12:47.827600
SMMR,24.92,24.89,24.92,2281400.0,2343200.0,0,0,0,0,0,0,0,0,0,0,0,0,50,2026-02-03 06:12:47.827600
ATMN,24.9,24.88,24.9,2066900.0,2061300.0,0,0,0,0,0,0,0,0,0,0,0,0,50,2026-02-03 06:12:47.827600
WNTR,24.73,24.73,24.86,2267700.0,2207800.0,0,0,0,0,0,0,0,0,0,0,0,0,50,2026-02-03 06:12:47.827600
SPNG,24.66,24.66,25.19,2342600.0,2357200.0,0,0,0,0,0,0,0,0,0,0,0,0,51,2026-02-03 06:12:48.914926
SMMR,25.01,24.89,25.01,2300000.0,2326300.0,0,0,0,0,0,0,0,0,0,0,0,0,51,2026-02-03 06:12:48.914926
ATMN,25.25,24.96,25.25,2086900.0,2023600.0,0,0,0,0,0,0,0,0,0,0,0,0,51,2026-02-03 06:12:48.914926
WNTR,24.72,24.72,24.81,2273500.0,2224700.0,0,0,0,0,0,0,0,0,0,0,0,0,51,2026-02-03 06:12:48.914926
SPNG,24.64,24.64,25.27,2375700.0,2349800.0,0,0,0,0,0,0,0,0,0,0,0,0,52,2026-02-03 06:12:49.450187
SMMR,25.01,24.89,25.0,2300000.0,2342000.0,0,0,0,0,0,0,0,0,0,0,0,0,52,2026-02-03 06:12:49.450187
ATMN,25.25,24.96,25.17,2086900.0,2044400.0,0,0,0,0,0,0,0,0,0,0,0,0,52,2026-02-03 06:12:49.450187
WNTR,24.64,24.64,24.81,2262100.0,2224700.0,0,0,0,0,0,0,0,0,0,0,0,0,52,2026-02-03 06:12:49.450187
SPNG,25.27,24.64,25.27,2377700.0,2349800.0,0,0,0,0,0,0,0,0,0,0,0,0,53,2026-02-03 06:12:50.481336
SMMR,24.94,24.89,24.94,2301900.0,2362000.0,0,0,0,0,0,0,0,0,0,0,0,0,53,2026-02-03 06:12:50.481336
ATMN,24.96,24.88,24.89,2084600.0,2081400.0,0,0,0,0,0,0,0,0,0,0,0,0,53,2026-02-03 06:12:50.481336
WNTR,24.86,24.73,24.86,2295000.0,2212700.0,0,0,0,0,0,0,0,0,0,0,0,0,53,2026-02-03 06:12:50.481336
SPNG,25.17,25.17,25.27,2393000.0,2341900.0,0,0,0,0,0,0,0,0,0,0,0,0,54,2026-02-03 06:12:51.509520
SMMR,24.94,24.97,25.0,2310800.0,2342000.0,0,0,0,0,0,0,0,0,0,0,0,0,54,2026-02-03 06:12:51.509520
ATMN,25.22,24.88,25.05,2084600.0,2049100.0,0,0,0,0,0,0,0,0,0,0,0,0,54,2026-02-03 06:12:51.509520
WNTR,24.73,24.83,24.86,2285300.0,2218100.0,0,0,0,0,0,0,0,0,0,0,0,0,54,2026-02-03 06:12:51.509520
SPNG,25.17,24.64,25.12,2377700.0,2345500.0,0,0,0,0,0,0,0,0,0,0,0,0,55,2026-02-03 06:12:52.537175
SMMR,24.97,24.97,25.0,2298800.0,2358200.0,0,0,0,0,0,0,0,0,0,0,0,0,55,2026-02-03 06:12:52.537175
ATMN,25.22,24.88,25.05,2084600.0,2069100.0,0,0,0,0,0,0,0,0,0,0,0,0,55,2026-02-03 06:12:52.537175
WNTR,24.73,24.64,24.68,2262100.0,2239800.0,0,0,0,0,0,0,0,0,0,0,0,0,55,2026-02-03 06:12:52.537175
SPNG,24.97,24.97,25.12,2392000.0,2361300.0,0,0,0,0,0,0,0,0,0,0,0,0,56,2026-02-03 06:12:53.571142
SMMR,24.9,24.9,25.0,2330900.0,2356900.0,0,0,0,0,0,0,0,0,0,0,0,0,56,2026-02-03 06:12:53.571142
ATMN,24.85,24.85,25.09,2106100.0,2051000.0,0,0,0,0,0,0,0,0,0,0,0,0,56,2026-02-03 06:12:53.571142
WNTR,24.87,24.71,24.87,2291600.0,2203000.0,0,0,0,0,0,0,0,0,0,0,0,0,56,2026-02-03 06:12:53.571142
SPNG,25.35,24.63,25.35,2363000.0,2338700.0,0,0,0,0,0,0,0,0,0,0,0,0,57,2026-02-03 06:12:54.601116
SMMR,25.0,25.0,25.01,2349400.0,2348700.0,0,0,0,0,0,0,0,0,0,0,0,0,57,2026-02-03 06:12:54.601116
ATMN,25.09,25.17,25.25,2124300.0,2028000.0,0,0,0,0,0,0,0,0,0,0,0,0,57,2026-02-03 06:12:54.601116
WNTR,24.87,24.75,24.87,2302000.0,2203000.0,0,0,0,0,0,0,0,0,0,0,0,0,57,2026-02-03 06:12:54.601116
SPNG,25.04,25.04,25.28,2370300.0,2339300.0,0,0,0,0,0,0,0,0,0,0,0,0,58,2026-02-03 06:12:55.627752
SMMR,25.01,25.0,25.01,2349400.0,2301100.0,0,0,0,0,0,0,0,0,0,0,0,0,58,2026-02-03 06:12:55.627752
ATMN,25.02,25.02,25.22,2119600.0,2020700.0,0,0,0,0,0,0,0,0,0,0,0,0,58,2026-02-03 06:12:55.627752
WNTR,24.89,24.79,24.89,2323800.0,2179500.0,0,0,0,0,0,0,0,0,0,0,0,0,58,2026-02-03 06:12:55.627752
SPNG,25.28,24.63,25.28,2363000.0,2339300.0,0,0,0,0,0,0,0,0,0,0,0,0,59,2026-02-03 06:12:56.653298
SMMR,25.02,24.9,24.97,2330900.0,2270300.0,0,0,0,0,0,0,0,0,0,0,0,0,59,2026-02-03 06:12:56.653298
ATMN,25.22,24.89,25.22,2111300.0,2020700.0,0,0,0,0,0,0,0,0,0,0,0,0,59,2026-02-03 06:12:56.653298
WNTR,24.89,24.79,24.89,2279300.0,2179500.0,0,0,0,0,0,0,0,0,0,0,0,0,59,2026-02-03 06:12:56.653298
SPNG,24.62,24.5,0.0,200000.0,,0,0,0,0,0,0,0,0,0,0,0,0,60,2026-02-03 06:12:57.679892
SMMR,24.97,24.0,24.35,941100.0,809400.0,0,0,0,0,0,0,0,0,0,0,0,0,60,2026-02-03 06:12:57.679892
ATMN,25.3,25.3,25.64,909000.0,662700.0,0,0,0,0,0,0,0,0,0,0,0,0,60,2026-02-03 06:12:57.679892
WNTR,27.67,25.89,26.33,758700.0,835300.0,0,0,0,0,0,0,0,0,0,0,0,0,60,2026-02-03 06:12:57.679892
SPNG,25.0,24.5,24.98,1060400.0,905100.0,0,0,0,0,0,0,0,0,0,0,0,0,61,2026-02-03 06:12:58.703324
SMMR,24.16,24.0,24.16,941100.0,1030000.0,0,0,0,0,0,0,0,0,0,0,0,0,61,2026-02-03 06:12:58.703324
ATMN,25.12,25.12,25.34,930400.0,904700.0,0,0,0,0,0,0,0,0,0,0,0,0,61,2026-02-03 06:12:58.703324
WNTR,27.67,25.89,26.02,882800.0,1159600.0,0,0,0,0,0,0,0,0,0,0,0,0,61,2026-02-03 06:12:58.703324
SPNG,24.33,24.33,24.67,1077300.0,1272900.0,0,0,0,0,0,0,0,0,0,0,0,0,62,2026-02-03 06:12:59.755727
SMMR,24.16,24.07,24.16,1072100.0,1261300.0,0,0,0,0,0,0,0,0,0,0,0,0,62,2026-02-03 06:12:59.755727
ATMN,25.34,24.97,24.99,932000.0,1126100.0,0,0,0,0,0,0,0,0,0,0,0,0,62,2026-02-03 06:12:59.755727
WNTR,25.92,25.89,25.92,882800.0,1370100.0,0,0,0,0,0,0,0,0,0,0,0,0,62,2026-02-03 06:12:59.755727
SPNG,24.33,23.98,24.25,1264800.0,1393800.0,0,0,0,0,0,0,0,0,0,0,0,0,63,2026-02-03 06:13:00.781599
SMMR,24.07,24.07,24.16,1072100.0,1481800.0,0,0,0,0,0,0,0,0,0,0,0,0,63,2026-02-03 06:13:00.781599
ATMN,24.99,24.97,24.99,1120300.0,1126100.0,0,0,0,0,0,0,0,0,0,0,0,0,63,2026-02-03 06:13:00.781599
WNTR,26.05,26.11,26.29,974300.0,1030700.0,0,0,0,0,0,0,0,0,0,0,0,0,63,2026-02-03 06:13:00.781599
SPNG,24.33,24.09,24.25,1745100.0,1393800.0,0,0,0,0,0,0,0,0,0,0,0,0,64,2026-02-03 06:13:01.809266
SMMR,24.07,24.07,24.09,1072100.0,1820100.0,0,0,0,0,0,0,0,0,0,0,0,0,64,2026-02-03 06:13:01.809266
ATMN,25.45,24.97,25.45,1251600.0,884500.0,0,0,0,0,0,0,0,0,0,0,0,0,64,2026-02-03 06:13:01.809266
WNTR,26.05,26.11,26.29,974300.0,1336700.0,0,0,0,0,0,0,0,0,0,0,0,0,64,2026-02-03 06:13:01.809266
SPNG,24.98,25.02,25.33,1996500.0,1032100.0,0,0,0,0,0,0,0,0,0,0,0,0,65,2026-02-03 06:13:02.848223
SMMR,24.0,24.0,24.02,977700.0,2220700.0,0,0,0,0,0,0,0,0,0,0,0,0,65,2026-02-03 06:13:02.848223
ATMN,24.87,24.87,24.98,1245900.0,1067000.0,0,0,0,0,0,0,0,0,0,0,0,0,65,2026-02-03 06:13:02.848223
WNTR,26.05,26.11,26.19,974300.0,1762200.0,0,0,0,0,0,0,0,0,0,0,0,0,65,2026-02-03 06:13:02.848223
SPNG,24.98,25.02,25.06,1996500.0,1330400.0,0,0,0,0,0,0,0,0,0,0,0,0,66,2026-02-03 06:13:03.894928
SMMR,24.0,23.88,23.98,1271600.0,2247000.0,0,0,0,0,0,0,0,0,0,0,0,0,66,2026-02-03 06:13:03.894928
ATMN,25.34,25.06,25.12,1368400.0,1085500.0,0,0,0,0,0,0,0,0,0,0,0,0,66,2026-02-03 06:13:03.894928
WNTR,25.89,25.89,25.94,882800.0,1987800.0,0,0,0,0,0,0,0,0,0,0,0,0,66,2026-02-03 06:13:03.894928
SPNG,25.02,24.41,24.96,1977100.0,1549700.0,0,0,0,0,0,0,0,0,0,0,0,0,67,2026-02-03 06:13:04.935508
SMMR,23.85,23.85,24.02,1261500.0,2220700.0,0,0,0,0,0,0,0,0,0,0,0,0,67,2026-02-03 06:13:04.935508
ATMN,24.87,24.87,25.12,1362900.0,1085500.0,0,0,0,0,0,0,0,0,0,0,0,0,67,2026-02-03 06:13:04.935508
WNTR,25.89,25.89,25.94,1205000.0,1987800.0,0,0,0,0,0,0,0,0,0,0,0,0,67,2026-02-03 06:13:04.935508
SPNG,24.09,24.09,24.96,1877200.0,1661000.0,0,0,0,0,0,0,0,0,0,0,0,0,68,2026-02-03 06:13:05.985983
SMMR,24.01,23.85,24.01,1261500.0,2221500.0,0,0,0,0,0,0,0,0,0,0,0,0,68,2026-02-03 06:13:05.985983
ATMN,25.12,25.21,25.34,1683100.0,979000.0,0,0,0,0,0,0,0,0,0,0,0,0,68,2026-02-03 06:13:05.985983
WNTR,26.13,25.97,26.12,1331800.0,2000600.0,0,0,0,0,0,0,0,0,0,0,0,0,68,2026-02-03 06:13:05.985983
SPNG,24.09,24.09,24.32,1984200.0,1800800.0,0,0,0,0,0,0,0,0,0,0,0,0,69,2026-02-03 06:13:06.532696
SMMR,23.85,23.85,24.01,1261500.0,2221500.0,0,0,0,0,0,0,0,0,0,0,0,0,69,2026-02-03 06:13:06.532696
ATMN,25.21,24.87,24.9,1677100.0,1170800.0,0,0,0,0,0,0,0,0,0,0,0,0,69,2026-02-03 06:13:06.532696
WNTR,26.13,25.97,26.02,1331800.0,2112300.0,0,0,0,0,0,0,0,0,0,0,0,0,69,2026-02-03 06:13:06.532696
SPNG,24.06,24.06,24.6,1863500.0,1778100.0,0,0,0,0,0,0,0,0,0,0,0,0,70,2026-02-03 06:13:07.566628
SMMR,24.12,23.85,24.05,1261500.0,2097100.0,0,0,0,0,0,0,0,0,0,0,0,0,70,2026-02-03 06:13:07.566628
ATMN,24.87,24.99,25.15,1801300.0,1083200.0,0,0,0,0,0,0,0,0,0,0,0,0,70,2026-02-03 06:13:07.566628
WNTR,25.89,25.89,26.02,1217200.0,2120900.0,0,0,0,0,0,0,0,0,0,0,0,0,70,2026-02-03 06:13:07.566628
SPNG,24.6,24.45,24.6,2090600.0,1778100.0,0,0,0,0,0,0,0,0,0,0,0,0,71,2026-02-03 06:13:08.598706
SMMR,23.65,23.63,23.65,1119200.0,2242800.0,0,0,0,0,0,0,0,0,0,0,0,0,71,2026-02-03 06:13:08.598706
ATMN,24.87,24.87,25.02,1717400.0,1204500.0,0,0,0,0,0,0,0,0,0,0,0,0,71,2026-02-03 06:13:08.598706
WNTR,25.89,25.89,25.97,1329600.0,2084600.0,0,0,0,0,0,0,0,0,0,0,0,0,71,2026-02-03 06:13:08.598706
SPNG,24.6,24.46,24.6,2445100.0,1778100.0,0,0,0,0,0,0,0,0,0,0,0,0,72,2026-02-03 06:13:09.627
SMMR,23.65,23.82,23.9,1372100.0,2203700.0,0,0,0,0,0,0,0,0,0,0,0,0,72,2026-02-03 06:13:09.627
ATMN,24.87,24.94,25.02,2008800.0,1298700.0,0,0,0,0,0,0,0,0,0,0,0,0,72,2026-02-03 06:13:09.627
WNTR,25.81,25.81,25.97,1121900.0,2098600.0,0,0,0,0,0,0,0,0,0,0,0,0,72,2026-02-03 06:13:09.627
SPNG,24.45,24.55,24.6,2547200.0,1856500.0,0,0,0,0,0,0,0,0,0,0,0,0,73,2026-02-03 06:13:10.662757
SMMR,24.04,23.82,23.94,1372100.0,2206800.0,0,0,0,0,0,0,0,0,0,0,0,0,73,2026-02-03 06:13:10.662757
ATMN,25.02,25.0,25.02,2105700.0,1411200.0,0,0,0,0,0,0,0,0,0,0,0,0,73,2026-02-03 06:13:10.662757
WNTR,25.97,25.75,25.97,1009500.0,2082600.0,0,0,0,0,0,0,0,0,0,0,0,0,73,2026-02-03 06:13:10.662757
SPNG,24.55,24.55,24.6,2473100.0,1973000.0,0,0,0,0,0,0,0,0,0,0,0,0,74,2026-02-03 06:13:11.688300
SMMR,24.04,23.93,23.94,1724500.0,2221800.0,0,0,0,0,0,0,0,0,0,0,0,0,74,2026-02-03 06:13:11.688300
ATMN,25.02,25.08,25.13,2116900.0,1289900.0,0,0,0,0,0,0,0,0,0,0,0,0,74,2026-02-03 06:13:11.688300
WNTR,25.97,25.78,25.97,1224900.0,2107100.0,0,0,0,0,0,0,0,0,0,0,0,0,74,2026-02-03 06:13:11.688300
SPNG,24.57,24.55,24.57,2477000.0,2100700.0,0,0,0,0,0,0,0,0,0,0,0,0,75,2026-02-03 06:13:12.716490
SMMR,23.88,23.88,23.94,1590900.0,2227600.0,0,0,0,0,0,0,0,0,0,0,0,0,75,2026-02-03 06:13:12.716490
ATMN,25.11,25.11,25.13,2103400.0,1402600.0,0,0,0,0,0,0,0,0,0,0,0,0,75,2026-02-03 06:13:12.716490
WNTR,26.02,25.87,26.02,1479300.0,2119500.0,0,0,0,0,0,0,0,0,0,0,0,0,75,2026-02-03 06:13:12.716490
SPNG,24.24,24.24,24.56,2317000.0,2142700.0,0,0,0,0,0,0,0,0,0,0,0,0,76,2026-02-03 06:13:13.742349
SMMR,23.81,23.97,23.98,1458800.0,2214700.0,0,0,0,0,0,0,0,0,0,0,0,0,76,2026-02-03 06:13:13.742349
ATMN,25.07,25.07,25.13,2135300.0,1402600.0,0,0,0,0,0,0,0,0,0,0,0,0,76,2026-02-03 06:13:13.742349
WNTR,25.87,25.87,26.02,1479300.0,2127000.0,0,0,0,0,0,0,0,0,0,0,0,0,76,2026-02-03 06:13:13.742349
SPNG,24.6,24.84,24.86,2509500.0,1855900.0,0,0,0,0,0,0,0,0,0,0,0,0,77,2026-02-03 06:13:14.768979
SMMR,24.05,23.97,24.05,1458800.0,2223500.0,0,0,0,0,0,0,0,0,0,0,0,0,77,2026-02-03 06:13:14.768979
ATMN,25.0,25.0,25.13,2051500.0,1402600.0,0,0,0,0,0,0,0,0,0,0,0,0,77,2026-02-03 06:13:14.768979
WNTR,25.87,25.78,25.84,1351400.0,2150500.0,0,0,0,0,0,0,0,0,0,0,0,0,77,2026-02-03 06:13:14.768979
SPNG,24.84,24.24,24.29,2415000.0,2096300.0,0,0,0,0,0,0,0,0,0,0,0,0,78,2026-02-03 06:13:15.794212
SMMR,23.82,23.81,23.82,1347900.0,2286700.0,0,0,0,0,0,0,0,0,0,0,0,0,78,2026-02-03 06:13:15.794212
ATMN,25.15,25.28,25.34,2040700.0,1185900.0,0,0,0,0,0,0,0,0,0,0,0,0,78,2026-02-03 06:13:15.794212
WNTR,25.84,25.78,25.84,1440500.0,2192200.0,0,0,0,0,0,0,0,0,0,0,0,0,78,2026-02-03 06:13:15.794212
SPNG,24.24,24.24,24.86,2554300.0,2058500.0,0,0,0,0,0,0,0,0,0,0,0,0,79,2026-02-03 06:13:16.824851
SMMR,23.86,23.96,24.05,1603200.0,2228100.0,0,0,0,0,0,0,0,0,0,0,0,0,79,2026-02-03 06:13:16.824851
ATMN,25.0,25.0,25.14,2080500.0,1386700.0,0,0,0,0,0,0,0,0,0,0,0,0,79,2026-02-03 06:13:16.824851
WNTR,25.77,25.75,25.76,1214900.0,2213000.0,0,0,0,0,0,0,0,0,0,0,0,0,79,2026-02-03 06:13:16.824851
SPNG,24.24,24.24,24.72,2498200.0,2146900.0,0,0,0,0,0,0,0,0,0,0,0,0,80,2026-02-03 06:13:17.855002
SMMR,24.05,23.85,24.05,1487400.0,2269800.0,0,0,0,0,0,0,0,0,0,0,0,0,80,2026-02-03 06:13:17.855002
ATMN,25.22,25.22,25.34,2079100.0,1277100.0,0,0,0,0,0,0,0,0,0,0,0,0,80,2026-02-03 06:13:17.855002
WNTR,25.7,25.65,25.66,1229200.0,2231800.0,0,0,0,0,0,0,0,0,0,0,0,0,80,2026-02-03 06:13:17.855002
SPNG,24.24,24.48,24.57,2471600.0,2199600.0,0,0,0,0,0,0,0,0,0,0,0,0,81,2026-02-03 06:13:18.884988
SMMR,23.83,23.83,24.05,1481900.0,2295400.0,0,0,0,0,0,0,0,0,0,0,0,0,81,2026-02-03 06:13:18.884988
ATMN,24.94,24.94,25.34,2090100.0,1469600.0,0,0,0,0,0,0,0,0,0,0,0,0,81,2026-02-03 06:13:18.884988
WNTR,25.78,25.82,25.84,1430100.0,2192200.0,0,0,0,0,0,0,0,0,0,0,0,0,81,2026-02-03 06:13:18.884988
SPNG,24.57,24.48,24.57,2471600.0,2307800.0,0,0,0,0,0,0,0,0,0,0,0,0,82,2026-02-03 06:13:19.932127
SMMR,23.99,23.83,23.94,1481900.0,2329100.0,0,0,0,0,0,0,0,0,0,0,0,0,82,2026-02-03 06:13:19.932127
ATMN,25.16,24.94,25.16,2045100.0,1655900.0,0,0,0,0,0,0,0,0,0,0,0,0,82,2026-02-03 06:13:19.932127
WNTR,25.66,25.7,25.84,1666800.0,2192200.0,0,0,0,0,0,0,0,0,0,0,0,0,82,2026-02-03 06:13:19.932127
SPNG,24.24,24.08,24.22,2513500.0,2310600.0,0,0,0,0,0,0,0,0,0,0,0,0,83,2026-02-03 06:13:20.974460
SMMR,23.81,23.81,23.94,1347900.0,2329100.0,0,0,0,0,0,0,0,0,0,0,0,0,83,2026-02-03 06:13:20.974460
ATMN,24.94,24.94,25.34,2084100.0,1552700.0,0,0,0,0,0,0,0,0,0,0,0,0,83,2026-02-03 06:13:20.974460
WNTR,25.65,25.82,25.84,1660800.0,2203200.0,0,0,0,0,0,0,0,0,0,0,0,0,83,2026-02-03 06:13:20.974460
SPNG,24.22,24.52,24.72,2460200.0,2288400.0,0,0,0,0,0,0,0,0,0,0,0,0,84,2026-02-03 06:13:22.014808
SMMR,23.94,23.89,23.94,1485200.0,2329100.0,0,0,0,0,0,0,0,0,0,0,0,0,84,2026-02-03 06:13:22.014808
ATMN,25.35,24.92,25.35,2112600.0,1568700.0,0,0,0,0,0,0,0,0,0,0,0,0,84,2026-02-03 06:13:22.014808
WNTR,25.65,25.65,25.84,1569900.0,2214300.0,0,0,0,0,0,0,0,0,0,0,0,0,84,2026-02-03 06:13:22.014808
SPNG,24.22,24.52,24.71,2460200.0,2378400.0,0,0,0,0,0,0,0,0,0,0,0,0,85,2026-02-03 06:13:23.046205
SMMR,23.94,23.89,23.94,1725100.0,2333900.0,0,0,0,0,0,0,0,0,0,0,0,0,85,2026-02-03 06:13:23.046205
ATMN,25.35,24.92,25.13,2085400.0,1746300.0,0,0,0,0,0,0,0,0,0,0,0,0,85,2026-02-03 06:13:23.046205
WNTR,25.61,25.65,25.92,1584800.0,2204500.0,0,0,0,0,0,0,0,0,0,0,0,0,85,2026-02-03 06:13:23.046205
SPNG,24.52,24.13,24.44,2506800.0,2387600.0,0,0,0,0,0,0,0,0,0,0,0,0,86,2026-02-03 06:13:24.085691
SMMR,23.89,23.89,23.94,1832300.0,2350700.0,0,0,0,0,0,0,0,0,0,0,0,0,86,2026-02-03 06:13:24.085691
ATMN,25.13,25.21,25.28,2071700.0,1863900.0,0,0,0,0,0,0,0,0,0,0,0,0,86,2026-02-03 06:13:24.085691
WNTR,25.92,25.76,25.8,1705400.0,2184400.0,0,0,0,0,0,0,0,0,0,0,0,0,86,2026-02-03 06:13:24.085691
SPNG,24.52,24.42,24.44,2476900.0,2387600.0,0,0,0,0,0,0,0,0,0,0,0,0,87,2026-02-03 06:13:25.113932
SMMR,23.89,23.89,23.94,1957500.0,2371300.0,0,0,0,0,0,0,0,0,0,0,0,0,87,2026-02-03 06:13:25.113932
ATMN,24.92,25.12,25.13,2081000.0,1982500.0,0,0,0,0,0,0,0,0,0,0,0,0,87,2026-02-03 06:13:25.113932
WNTR,25.92,25.76,25.92,1806200.0,2204800.0,0,0,0,0,0,0,0,0,0,0,0,0,87,2026-02-03 06:13:25.113932
SPNG,24.42,24.13,24.28,2472800.0,2368200.0,0,0,0,0,0,0,0,0,0,0,0,0,88,2026-02-03 06:13:26.138427
SMMR,23.86,23.86,23.92,1819500.0,2391400.0,0,0,0,0,0,0,0,0,0,0,0,0,88,2026-02-03 06:13:26.138427
ATMN,25.23,25.12,25.23,2081000.0,1981200.0,0,0,0,0,0,0,0,0,0,0,0,0,88,2026-02-03 06:13:26.138427
WNTR,25.76,25.76,25.92,1806200.0,2204800.0,0,0,0,0,0,0,0,0,0,0,0,0,88,2026-02-03 06:13:26.138427
SPNG,24.28,24.54,24.58,2427000.0,2401100.0,0,0,0,0,0,0,0,0,0,0,0,0,89,2026-02-03 06:13:26.662430
SMMR,23.82,23.86,23.92,1847600.0,2391400.0,0,0,0,0,0,0,0,0,0,0,0,0,89,2026-02-03 06:13:26.662430
ATMN,25.23,25.22,25.23,2044100.0,1975400.0,0,0,0,0,0,0,0,0,0,0,0,0,89,2026-02-03 06:13:26.662430
WNTR,25.76,25.76,25.83,1806200.0,2185800.0,0,0,0,0,0,0,0,0,0,0,0,0,89,2026-02-03 06:13:26.662430
SPNG,24.72,24.54,24.72,2427000.0,2369700.0,0,0,0,0,0,0,0,0,0,0,0,0,90,2026-02-03 06:13:27.687525
SMMR,23.92,23.86,23.89,1847600.0,2383900.0,0,0,0,0,0,0,0,0,0,0,0,0,90,2026-02-03 06:13:27.687525
ATMN,25.22,25.22,25.28,2045400.0,1988400.0,0,0,0,0,0,0,0,0,0,0,0,0,90,2026-02-03 06:13:27.687525
WNTR,25.83,25.91,25.92,1915500.0,2194200.0,0,0,0,0,0,0,0,0,0,0,0,0,90,2026-02-03 06:13:27.687525
SPNG,24.13,24.54,24.7,2422400.0,2408500.0,0,0,0,0,0,0,0,0,0,0,0,0,91,2026-02-03 06:13:28.712791
SMMR,23.97,23.79,23.95,1715900.0,2372500.0,0,0,0,0,0,0,0,0,0,0,0,0,91,2026-02-03 06:13:28.712791
ATMN,25.12,25.07,25.09,2036900.0,2002700.0,0,0,0,0,0,0,0,0,0,0,0,0,91,2026-02-03 06:13:28.712791
WNTR,25.92,25.91,25.92,1915500.0,2223600.0,0,0,0,0,0,0,0,0,0,0,0,0,91,2026-02-03 06:13:28.712791
SPNG,24.78,24.13,24.78,2472800.0,2360000.0,0,0,0,0,0,0,0,0,0,0,0,0,92,2026-02-03 06:13:29.737613
SMMR,23.97,23.79,23.85,1816000.0,2377600.0,0,0,0,0,0,0,0,0,0,0,0,0,92,2026-02-03 06:13:29.737613
ATMN,25.07,25.07,25.27,2036900.0,1975200.0,0,0,0,0,0,0,0,0,0,0,0,0,92,2026-02-03 06:13:29.737613
WNTR,25.92,25.93,25.95,2030200.0,2228100.0,0,0,0,0,0,0,0,0,0,0,0,0,92,2026-02-03 06:13:29.737613
SPNG,24.78,24.13,24.23,2426900.0,2374800.0,0,0,0,0,0,0,0,0,0,0,0,0,93,2026-02-03 06:13:30.762301
SMMR,23.95,23.79,23.95,1949400.0,2369800.0,0,0,0,0,0,0,0,0,0,0,0,0,93,2026-02-03 06:13:30.762301
ATMN,25.07,25.18,25.27,2038300.0,1956700.0,0,0,0,0,0,0,0,0,0,0,0,0,93,2026-02-03 06:13:30.762301
WNTR,25.93,25.85,25.87,1920900.0,2260300.0,0,0,0,0,0,0,0,0,0,0,0,0,93,2026-02-03 06:13:30.762301
SPNG,24.23,24.13,24.23,2422800.0,2374800.0,0,0,0,0,0,0,0,0,0,0,0,0,94,2026-02-03 06:13:31.786712
SMMR,23.95,23.79,23.93,2082100.0,2349100.0,0,0,0,0,0,0,0,0,0,0,0,0,94,2026-02-03 06:13:31.786712
ATMN,25.28,25.07,25.28,2036900.0,1994000.0,0,0,0,0,0,0,0,0,0,0,0,0,94,2026-02-03 06:13:31.786712
WNTR,25.95,25.86,25.95,1793400.0,2241500.0,0,0,0,0,0,0,0,0,0,0,0,0,94,2026-02-03 06:13:31.786712
SPNG,24.13,24.13,24.78,2422800.0,2356000.0,0,0,0,0,0,0,0,0,0,0,0,0,95,2026-02-03 06:13:32.813033
SMMR,23.77,23.77,23.79,1834100.0,2357100.0,0,0,0,0,0,0,0,0,0,0,0,0,95,2026-02-03 06:13:32.813033
ATMN,25.35,25.09,25.35,1987700.0,2000300.0,0,0,0,0,0,0,0,0,0,0,0,0,95,2026-02-03 06:13:32.813033
WNTR,25.95,25.95,25.97,2112200.0,2224000.0,0,0,0,0,0,0,0,0,0,0,0,0,95,2026-02-03 06:13:32.813033
SPNG,24.08,24.08,24.78,2446200.0,2356000.0,0,0,0,0,0,0,0,0,0,0,0,0,96,2026-02-03 06:13:33.852807
SMMR,23.77,23.78,23.79,2208200.0,2357100.0,0,0,0,0,0,0,0,0,0,0,0,0,96,2026-02-03 06:13:33.852807
ATMN,25.35,25.33,25.35,1980800.0,1998700.0,0,0,0,0,0,0,0,0,0,0,0,0,96,2026-02-03 06:13:33.852807
WNTR,25.86,25.86,25.97,2017200.0,2219100.0,0,0,0,0,0,0,0,0,0,0,0,0,96,2026-02-03 06:13:33.852807
SPNG,24.49,24.49,24.78,2457200.0,2391700.0,0,0,0,0,0,0,0,0,0,0,0,0,97,2026-02-03 06:13:34.887087
SMMR,23.79,23.87,23.93,2461300.0,2347000.0,0,0,0,0,0,0,0,0,0,0,0,0,97,2026-02-03 06:13:34.887087
ATMN,25.37,25.33,25.37,1972100.0,1997500.0,0,0,0,0,0,0,0,0,0,0,0,0,97,2026-02-03 06:13:34.887087
WNTR,25.79,25.79,25.97,1919600.0,2192400.0,0,0,0,0,0,0,0,0,0,0,0,0,97,2026-02-03 06:13:34.887087
SPNG,24.06,24.06,24.78,2481900.0,2329500.0,0,0,0,0,0,0,0,0,0,0,0,0,98,2026-02-03 06:13:35.915947
SMMR,23.78,23.78,23.93,2334900.0,2365400.0,0,0,0,0,0,0,0,0,0,0,0,0,98,2026-02-03 06:13:35.915947
ATMN,25.09,25.09,25.37,1961600.0,1989100.0,0,0,0,0,0,0,0,0,0,0,0,0,98,2026-02-03 06:13:35.915947
WNTR,25.82,25.88,25.97,2139200.0,2192400.0,0,0,0,0,0,0,0,0,0,0,0,0,98,2026-02-03 06:13:35.915947
SPNG,24.63,24.06,24.13,2481900.0,2299000.0,0,0,0,0,0,0,0,0,0,0,0,0,99,2026-02-03 06:13:36.941428
SMMR,23.93,23.91,23.93,2466500.0,2388700.0,0,0,0,0,0,0,0,0,0,0,0,0,99,2026-02-03 06:13:36.941428
ATMN,25.37,25.09,25.37,1961600.0,1992200.0,0,0,0,0,0,0,0,0,0,0,0,0,99,2026-02-03 06:13:36.941428
WNTR,26.01,25.88,26.01,2234500.0,2160200.0,0,0,0,0,0,0,0,0,0,0,0,0,99,2026-02-03 06:13:36.941428
SPNG,24.63,24.09,24.13,2459200.0,2299000.0,0,0,0,0,0,0,0,0,0,0,0,0,100,2026-02-03 06:13:37.966752
SMMR,23.91,23.91,23.93,2466500.0,2375300.0,0,0,0,0,0,0,0,0,0,0,0,0,100,2026-02-03 06:13:37.966752
ATMN,25.37,25.07,25.37,1994500.0,1998400.0,0,0,0,0,0,0,0,0,0,0,0,0,100,2026-02-03 06:13:37.966752
WNTR,26.05,26.05,26.06,2226900.0,2100700.0,0,0,0,0,0,0,0,0,0,0,0,0,100,2026-02-03 06:13:37.966752
SPNG,24.78,24.09,24.78,2446900.0,2329500.0,0,0,0,0,0,0,0,0,0,0,0,0,101,2026-02-03 06:13:39.005052
SMMR,23.95,23.78,23.95,2334900.0,2376300.0,0,0,0,0,0,0,0,0,0,0,0,0,101,2026-02-03 06:13:39.005052
ATMN,25.09,25.15,25.36,1995700.0,1996700.0,0,0,0,0,0,0,0,0,0,0,0,0,101,2026-02-03 06:13:39.005052
WNTR,26.09,26.05,26.09,2259000.0,2142600.0,0,0,0,0,0,0,0,0,0,0,0,0,101,2026-02-03 06:13:39.005052
SPNG,24.15,24.15,24.78,2464700.0,2329500.0,0,0,0,0,0,0,0,0,0,0,0,0,102,2026-02-03 06:13:40.052862
SMMR,23.95,23.77,23.95,2202100.0,2411700.0,0,0,0,0,0,0,0,0,0,0,0,0,102,2026-02-03 06:13:40.052862
ATMN,25.04,25.04,25.05,2039100.0,2033600.0,0,0,0,0,0,0,0,0,0,0,0,0,102,2026-02-03 06:13:40.052862
WNTR,26.05,26.05,26.09,2237800.0,2142600.0,0,0,0,0,0,0,0,0,0,0,0,0,102,2026-02-03 06:13:40.052862
SPNG,24.16,24.67,24.71,2489400.0,2309800.0,0,0,0,0,0,0,0,0,0,0,0,0,103,2026-02-03 06:13:41.115465
SMMR,23.95,23.73,23.95,2227700.0,2365000.0,0,0,0,0,0,0,0,0,0,0,0,0,103,2026-02-03 06:13:41.115465
ATMN,25.05,25.04,25.05,1982000.0,2033600.0,0,0,0,0,0,0,0,0,0,0,0,0,103,2026-02-03 06:13:41.115465
WNTR,26.1,26.02,26.1,2235700.0,2134900.0,0,0,0,0,0,0,0,0,0,0,0,0,103,2026-02-03 06:13:41.115465
SPNG,24.24,24.64,24.71,2503500.0,2309800.0,0,0,0,0,0,0,0,0,0,0,0,0,104,2026-02-03 06:13:42.200991
SMMR,23.95,23.73,23.95,2227700.0,2365000.0,0,0,0,0,0,0,0,0,0,0,0,0,104,2026-02-03 06:13:42.200991
ATMN,25.0,25.0,25.38,1976300.0,2010200.0,0,0,0,0,0,0,0,0,0,0,0,0,104,2026-02-03 06:13:42.200991
WNTR,26.02,26.0,26.02,2236600.0,2136800.0,0,0,0,0,0,0,0,0,0,0,0,0,104,2026-02-03 06:13:42.200991
SPNG,24.09,24.38,24.71,2491100.0,2309800.0,0,0,0,0,0,0,0,0,0,0,0,0,105,2026-02-03 06:13:42.741006
SMMR,23.68,23.71,23.95,2195800.0,2365000.0,0,0,0,0,0,0,0,0,0,0,0,0,105,2026-02-03 06:13:42.741006
ATMN,25.0,25.17,25.38,1961400.0,2010200.0,0,0,0,0,0,0,0,0,0,0,0,0,105,2026-02-03 06:13:42.741006
WNTR,26.02,26.0,26.02,2216700.0,2136800.0,0,0,0,0,0,0,0,0,0,0,0,0,105,2026-02-03 06:13:42.741006
SPNG,24.09,24.38,24.71,2520300.0,2299500.0,0,0,0,0,0,0,0,0,0,0,0,0,106,2026-02-03 06:13:43.772903
SMMR,23.67,23.67,23.91,2120300.0,2366900.0,0,0,0,0,0,0,0,0,0,0,0,0,106,2026-02-03 06:13:43.772903
ATMN,25.26,25.17,25.18,1961400.0,2070600.0,0,0,0,0,0,0,0,0,0,0,0,0,106,2026-02-03 06:13:43.772903
WNTR,25.99,25.99,26.02,2184600.0,2136800.0,0,0,0,0,0,0,0,0,0,0,0,0,106,2026-02-03 06:13:43.772903
SPNG,24.38,24.09,24.21,2503000.0,2325900.0,0,0,0,0,0,0,0,0,0,0,0,0,107,2026-02-03 06:13:44.808517
SMMR,23.67,23.72,23.83,2364400.0,2376300.0,0,0,0,0,0,0,0,0,0,0,0,0,107,2026-02-03 06:13:44.808517
ATMN,25.17,25.17,25.18,1997500.0,2070600.0,0,0,0,0,0,0,0,0,0,0,0,0,107,2026-02-03 06:13:44.808517
WNTR,25.99,26.01,26.02,2176800.0,2145900.0,0,0,0,0,0,0,0,0,0,0,0,0,107,2026-02-03 06:13:44.808517
SPNG,24.21,24.43,24.51,2495100.0,2306300.0,0,0,0,0,0,0,0,0,0,0,0,0,108,2026-02-03 06:13:45.840213
SMMR,23.83,23.71,23.83,2235300.0,2376300.0,0,0,0,0,0,0,0,0,0,0,0,0,108,2026-02-03 06:13:45.840213
ATMN,25.12,25.12,25.38,1978300.0,2061200.0,0,0,0,0,0,0,0,0,0,0,0,0,108,2026-02-03 06:13:45.840213
WNTR,25.99,25.99,26.02,2171700.0,2169400.0,0,0,0,0,0,0,0,0,0,0,0,0,108,2026-02-03 06:13:45.840213
SPNG,24.58,24.76,24.78,2486200.0,2316800.0,0,0,0,0,0,0,0,0,0,0,0,0,109,2026-02-03 06:13:46.873347
SMMR,23.83,23.71,23.74,2366900.0,2381900.0,0,0,0,0,0,0,0,0,0,0,0,0,109,2026-02-03 06:13:46.873347
ATMN,25.39,25.12,25.29,1978300.0,2067300.0,0,0,0,0,0,0,0,0,0,0,0,0,109,2026-02-03 06:13:46.873347
WNTR,26.02,26.06,26.07,2186600.0,2170700.0,0,0,0,0,0,0,0,0,0,0,0,0,109,2026-02-03 06:13:46.873347
SPNG,24.09,24.09,24.53,2530800.0,2347200.0,0,0,0,0,0,0,0,0,0,0,0,0,110,2026-02-03 06:13:47.904942
SMMR,23.66,23.75,23.83,2263300.0,2372300.0,0,0,0,0,0,0,0,0,0,0,0,0,110,2026-02-03 06:13:47.904942
ATMN,25.12,25.07,25.1,1966800.0,2067100.0,0,0,0,0,0,0,0,0,0,0,0,0,110,2026-02-03 06:13:47.904942
WNTR,25.99,25.99,26.07,2171500.0,2166600.0,0,0,0,0,0,0,0,0,0,0,0,0,110,2026-02-03 06:13:47.904942
SPNG,24.09,24.15,24.53,2485500.0,2347200.0,0,0,0,0,0,0,0,0,0,0,0,0,111,2026-02-03 06:13:48.932491
SMMR,23.74,23.74,23.83,2250100.0,2372300.0,0,0,0,0,0,0,0,0,0,0,0,0,111,2026-02-03 06:13:48.932491
ATMN,25.07,25.07,25.4,1966800.0,2062500.0,0,0,0,0,0,0,0,0,0,0,0,0,111,2026-02-03 06:13:48.932491
WNTR,25.99,25.99,26.07,2156900.0,2152600.0,0,0,0,0,0,0,0,0,0,0,0,0,111,2026-02-03 06:13:48.932491
SPNG,24.53,24.15,24.53,2471100.0,2347200.0,0,0,0,0,0,0,0,0,0,0,0,0,112,2026-02-03 06:13:49.963270
SMMR,23.82,23.82,23.91,2365700.0,2385100.0,0,0,0,0,0,0,0,0,0,0,0,0,112,2026-02-03 06:13:49.963270
ATMN,25.31,25.31,25.4,1990800.0,2072800.0,0,0,0,0,0,0,0,0,0,0,0,0,112,2026-02-03 06:13:49.963270
WNTR,25.99,25.99,26.07,2129100.0,2193000.0,0,0,0,0,0,0,0,0,0,0,0,0,112,2026-02-03 06:13:49.963270
SPNG,24.53,24.77,24.78,2444300.0,2332100.0,0,0,0,0,0,0,0,0,0,0,0,0,113,2026-02-03 06:13:50.992538
SMMR,23.82,23.82,23.91,2483900.0,2383700.0,0,0,0,0,0,0,0,0,0,0,0,0,113,2026-02-03 06:13:50.992538
ATMN,25.4,25.07,25.4,1966800.0,2072800.0,0,0,0,0,0,0,0,0,0,0,0,0,113,2026-02-03 06:13:50.992538
WNTR,25.99,25.99,26.07,2143900.0,2166900.0,0,0,0,0,0,0,0,0,0,0,0,0,113,2026-02-03 06:13:50.992538
SPNG,24.77,24.15,24.36,2471100.0,2358400.0,0,0,0,0,0,0,0,0,0,0,0,0,114,2026-02-03 06:13:52.018651
SMMR,23.82,23.82,23.92,2483900.0,2405200.0,0,0,0,0,0,0,0,0,0,0,0,0,114,2026-02-03 06:13:52.018651
ATMN,25.04,25.33,25.4,1989900.0,2072800.0,0,0,0,0,0,0,0,0,0,0,0,0,114,2026-02-03 06:13:52.018651
WNTR,25.91,25.91,26.07,2165100.0,2181600.0,0,0,0,0,0,0,0,0,0,0,0,0,114,2026-02-03 06:13:52.018651
SPNG,24.36,24.52,24.78,2480900.0,2349500.0,0,0,0,0,0,0,0,0,0,0,0,0,115,2026-02-03 06:13:53.043897
SMMR,23.63,23.63,23.92,2124700.0,2405200.0,0,0,0,0,0,0,0,0,0,0,0,0,115,2026-02-03 06:13:53.043897
ATMN,25.33,25.02,25.07,1968400.0,2070900.0,0,0,0,0,0,0,0,0,0,0,0,0,115,2026-02-03 06:13:53.043897
WNTR,25.91,25.91,25.92,2163800.0,2211700.0,0,0,0,0,0,0,0,0,0,0,0,0,115,2026-02-03 06:13:53.043897
SPNG,24.72,24.72,24.78,2476700.0,2329000.0,0,0,0,0,0,0,0,0,0,0,0,0,116,2026-02-03 06:13:54.080421
SMMR,23.64,23.63,23.64,2358300.0,2406400.0,0,0,0,0,0,0,0,0,0,0,0,0,116,2026-02-03 06:13:54.080421
ATMN,24.99,25.03,25.4,1989600.0,2074400.0,0,0,0,0,0,0,0,0,0,0,0,0,116,2026-02-03 06:13:54.080421
WNTR,25.89,25.89,26.07,2188600.0,2181600.0,0,0,0,0,0,0,0,0,0,0,0,0,116,2026-02-03 06:13:54.080421
SPNG,24.72,24.72,24.78,2476700.0,2311300.0,0,0,0,0,0,0,0,0,0,0,0,0,117,2026-02-03 06:13:55.132496
SMMR,23.64,23.76,23.92,2435000.0,2405200.0,0,0,0,0,0,0,0,0,0,0,0,0,117,2026-02-03 06:13:55.132496
ATMN,25.4,24.99,25.4,2000400.0,2066300.0,0,0,0,0,0,0,0,0,0,0,0,0,117,2026-02-03 06:13:55.132496
WNTR,25.89,25.89,26.01,2188600.0,2215500.0,0,0,0,0,0,0,0,0,0,0,0,0,117,2026-02-03 06:13:55.132496
SPNG,24.72,24.15,24.67,2479700.0,2310300.0,0,0,0,0,0,0,0,0,0,0,0,0,118,2026-02-03 06:13:56.195863
SMMR,23.76,23.63,23.67,2456200.0,2370600.0,0,0,0,0,0,0,0,0,0,0,0,0,118,2026-02-03 06:13:56.195863
ATMN,24.99,24.99,25.4,1988400.0,2066300.0,0,0,0,0,0,0,0,0,0,0,0,0,118,2026-02-03 06:13:56.195863
WNTR,25.97,25.88,25.97,2190800.0,2240600.0,0,0,0,0,0,0,0,0,0,0,0,0,118,2026-02-03 06:13:56.195863
SPNG,24.15,24.61,24.67,2446400.0,2306300.0,0,0,0,0,0,0,0,0,0,0,0,0,119,2026-02-03 06:13:57.228336
SMMR,23.67,23.67,23.76,2435700.0,2370800.0,0,0,0,0,0,0,0,0,0,0,0,0,119,2026-02-03 06:13:57.228336
ATMN,24.96,24.96,25.16,1990700.0,2075100.0,0,0,0,0,0,0,0,0,0,0,0,0,119,2026-02-03 06:13:57.228336
WNTR,26.01,25.88,26.01,2184900.0,2208300.0,0,0,0,0,0,0,0,0,0,0,0,0,119,2026-02-03 06:13:57.228336
SPNG,26.25,23.73,25.8,801100.0,745300.0,0,0,0,0,0,0,0,0,0,0,0,0,120,2026-02-03 06:13:58.261516
SMMR,23.73,23.25,23.73,910300.0,906300.0,0,0,0,0,0,0,0,0,0,0,0,0,120,2026-02-03 06:13:58.261516
ATMN,26.38,25.79,26.09,622900.0,700700.0,0,0,0,0,0,0,0,0,0,0,0,0,120,2026-02-03 06:13:58.261516
WNTR,26.01,26.13,26.21,846400.0,893700.0,0,0,0,0,0,0,0,0,0,0,0,0,120,2026-02-03 06:13:58.261516
SPNG,25.84,25.25,25.84,1288100.0,828700.0,0,0,0,0,0,0,0,0,0,0,0,0,121,2026-02-03 06:13:59.286911
SMMR,23.25,23.25,23.3,943900.0,1143800.0,0,0,0,0,0,0,0,0,0,0,0,0,121,2026-02-03 06:13:59.286911
ATMN,26.09,26.36,26.45,1055100.0,789300.0,0,0,0,0,0,0,0,0,0,0,0,0,121,2026-02-03 06:13:59.286911
WNTR,26.27,26.13,26.19,846400.0,893700.0,0,0,0,0,0,0,0,0,0,0,0,0,121,2026-02-03 06:13:59.286911
SPNG,26.47,26.3,26.47,1506800.0,817500.0,0,0,0,0,0,0,0,0,0,0,0,0,122,2026-02-03 06:14:00.314037
SMMR,23.3,23.33,23.41,1210900.0,1034700.0,0,0,0,0,0,0,0,0,0,0,0,0,122,2026-02-03 06:14:00.314037
ATMN,26.45,26.36,26.45,1055100.0,977100.0,0,0,0,0,0,0,0,0,0,0,0,0,122,2026-02-03 06:14:00.314037
WNTR,26.13,26.13,26.27,843300.0,907900.0,0,0,0,0,0,0,0,0,0,0,0,0,122,2026-02-03 06:14:00.314037
SPNG,25.25,25.25,26.47,1507000.0,817500.0,0,0,0,0,0,0,0,0,0,0,0,0,123,2026-02-03 06:14:00.840031
SMMR,23.2,23.13,23.18,952600.0,1307800.0,0,0,0,0,0,0,0,0,0,0,0,0,123,2026-02-03 06:14:00.840031
ATMN,26.36,26.36,26.45,1049600.0,977100.0,0,0,0,0,0,0,0,0,0,0,0,0,123,2026-02-03 06:14:00.840031
WNTR,26.13,26.13,26.16,843300.0,1128400.0,0,0,0,0,0,0,0,0,0,0,0,0,123,2026-02-03 06:14:00.840031
SPNG,26.55,26.06,26.55,1736400.0,804500.0,0,0,0,0,0,0,0,0,0,0,0,0,124,2026-02-03 06:14:01.864760
SMMR,23.24,23.24,23.41,1229200.0,1168500.0,0,0,0,0,0,0,0,0,0,0,0,0,124,2026-02-03 06:14:01.864760
ATMN,26.36,26.36,26.45,1219800.0,977100.0,0,0,0,0,0,0,0,0,0,0,0,0,124,2026-02-03 06:14:01.864760
WNTR,26.09,26.0,26.09,987700.0,1236300.0,0,0,0,0,0,0,0,0,0,0,0,0,124,2026-02-03 06:14:01.864760
SPNG,26.06,26.06,26.42,1736400.0,1120100.0,0,0,0,0,0,0,0,0,0,0,0,0,125,2026-02-03 06:14:02.894242
SMMR,23.27,23.24,23.27,1229200.0,1424600.0,0,0,0,0,0,0,0,0,0,0,0,0,125,2026-02-03 06:14:02.894242
ATMN,26.53,26.03,26.53,1139100.0,792100.0,0,0,0,0,0,0,0,0,0,0,0,0,125,2026-02-03 06:14:02.894242
WNTR,26.16,26.11,26.16,1338300.0,1128400.0,0,0,0,0,0,0,0,0,0,0,0,0,125,2026-02-03 06:14:02.894242
SPNG,25.25,25.25,26.42,1507000.0,1120100.0,0,0,0,0,0,0,0,0,0,0,0,0,126,2026-02-03 06:14:03.926881
SMMR,23.38,23.24,23.38,1229200.0,1400600.0,0,0,0,0,0,0,0,0,0,0,0,0,126,2026-02-03 06:14:03.926881
ATMN,26.53,26.47,26.53,1409600.0,792100.0,0,0,0,0,0,0,0,0,0,0,0,0,126,2026-02-03 06:14:03.926881
WNTR,26.16,26.14,26.16,1438000.0,1336000.0,0,0,0,0,0,0,0,0,0,0,0,0,126,2026-02-03 06:14:03.926881
SPNG,26.55,25.77,26.55,1760700.0,1026200.0,0,0,0,0,0,0,0,0,0,0,0,0,127,2026-02-03 06:14:04.957969
SMMR,23.41,23.24,23.29,1342600.0,1530400.0,0,0,0,0,0,0,0,0,0,0,0,0,127,2026-02-03 06:14:04.957969
ATMN,26.31,26.46,26.53,1434500.0,982600.0,0,0,0,0,0,0,0,0,0,0,0,0,127,2026-02-03 06:14:04.957969
WNTR,26.27,26.11,26.27,1338300.0,993100.0,0,0,0,0,0,0,0,0,0,0,0,0,127,2026-02-03 06:14:04.957969
SPNG,26.55,26.05,26.55,1988600.0,1026200.0,0,0,0,0,0,0,0,0,0,0,0,0,128,2026-02-03 06:14:05.986229
SMMR,23.41,23.24,23.29,1468100.0,1757900.0,0,0,0,0,0,0,0,0,0,0,0,0,128,2026-02-03 06:14:05.986229
ATMN,26.46,26.31,26.42,1418300.0,1192500.0,0,0,0,0,0,0,0,0,0,0,0,0,128,2026-02-03 06:14:05.986229
WNTR,26.27,26.12,26.27,1582400.0,1210400.0,0,0,0,0,0,0,0,0,0,0,0,0,128,2026-02-03 06:14:05.986229
SPNG,26.55,26.05,26.55,2093300.0,1214700.0,0,0,0,0,0,0,0,0,0,0,0,0,129,2026-02-03 06:14:07.012687
SMMR,23.19,23.19,23.29,1365800.0,1757900.0,0,0,0,0,0,0,0,0,0,0,0,0,129,2026-02-03 06:14:07.012687
ATMN,26.18,26.18,26.38,1413900.0,1286800.0,0,0,0,0,0,0,0,0,0,0,0,0,129,2026-02-03 06:14:07.012687
WNTR,26.12,26.12,26.27,1674800.0,1306900.0,0,0,0,0,0,0,0,0,0,0,0,0,129,2026-02-03 06:14:07.012687
SPNG,26.55,25.99,26.55,1978000.0,1214700.0,0,0,0,0,0,0,0,0,0,0,0,0,130,2026-02-03 06:14:08.041174
SMMR,23.29,23.19,23.29,1628300.0,1757900.0,0,0,0,0,0,0,0,0,0,0,0,0,130,2026-02-03 06:14:08.041174
ATMN,26.42,26.18,26.42,1413900.0,1192500.0,0,0,0,0,0,0,0,0,0,0,0,0,130,2026-02-03 06:14:08.041174
WNTR,26.19,26.11,26.19,1559900.0,1408400.0,0,0,0,0,0,0,0,0,0,0,0,0,130,2026-02-03 06:14:08.041174
SPNG,26.55,26.03,26.07,2187000.0,1342000.0,0,0,0,0,0,0,0,0,0,0,0,0,131,2026-02-03 06:14:09.066639
SMMR,23.13,23.24,23.29,1620600.0,1757900.0,0,0,0,0,0,0,0,0,0,0,0,0,131,2026-02-03 06:14:09.066639
ATMN,26.47,26.24,26.47,1521200.0,1078600.0,0,0,0,0,0,0,0,0,0,0,0,0,131,2026-02-03 06:14:09.066639
WNTR,26.19,26.1,26.19,1531600.0,1423700.0,0,0,0,0,0,0,0,0,0,0,0,0,131,2026-02-03 06:14:09.066639
SPNG,26.07,26.32,26.55,2287300.0,1315000.0,0,0,0,0,0,0,0,0,0,0,0,0,132,2026-02-03 06:14:10.100827
SMMR,23.1,23.1,23.21,1488600.0,1889500.0,0,0,0,0,0,0,0,0,0,0,0,0,132,2026-02-03 06:14:10.100827
ATMN,26.47,26.47,26.5,1613100.0,1266000.0,0,0,0,0,0,0,0,0,0,0,0,0,132,2026-02-03 06:14:10.100827
WNTR,26.26,26.1,26.26,1531600.0,1658400.0,0,0,0,0,0,0,0,0,0,0,0,0,132,2026-02-03 06:14:10.100827
SPNG,26.53,26.03,26.53,2187000.0,1533800.0,0,0,0,0,0,0,0,0,0,0,0,0,133,2026-02-03 06:14:11.129690
SMMR,23.02,23.11,23.21,1612100.0,1889500.0,0,0,0,0,0,0,0,0,0,0,0,0,133,2026-02-03 06:14:11.129690
ATMN,26.18,26.18,26.47,1562400.0,1365400.0,0,0,0,0,0,0,0,0,0,0,0,0,133,2026-02-03 06:14:11.129690
WNTR,26.25,26.19,26.25,1651100.0,1768300.0,0,0,0,0,0,0,0,0,0,0,0,0,133,2026-02-03 06:14:11.129690
SPNG,26.03,25.99,26.0,2221700.0,1759500.0,0,0,0,0,0,0,0,0,0,0,0,0,134,2026-02-03 06:14:12.154554
SMMR,23.21,23.23,23.28,1755400.0,2019400.0,0,0,0,0,0,0,0,0,0,0,0,0,134,2026-02-03 06:14:12.154554
ATMN,26.18,26.18,26.47,1673200.0,1469700.0,0,0,0,0,0,0,0,0,0,0,0,0,134,2026-02-03 06:14:12.154554
WNTR,26.19,26.19,26.25,1761900.0,1988600.0,0,0,0,0,0,0,0,0,0,0,0,0,134,2026-02-03 06:14:12.154554
SPNG,25.99,25.99,26.53,2221700.0,1729200.0,0,0,0,0,0,0,0,0,0,0,0,0,135,2026-02-03 06:14:13.180522
SMMR,23.23,23.14,23.17,1724500.0,2143400.0,0,0,0,0,0,0,0,0,0,0,0,0,135,2026-02-03 06:14:13.180522
ATMN,26.41,26.18,26.41,1790500.0,1680800.0,0,0,0,0,0,0,0,0,0,0,0,0,135,2026-02-03 06:14:13.180522
WNTR,26.27,26.18,26.27,1735800.0,1654700.0,0,0,0,0,0,0,0,0,0,0,0,0,135,2026-02-03 06:14:13.180522
SPNG,26.35,25.99,26.35,2221700.0,1947400.0,0,0,0,0,0,0,0,0,0,0,0,0,136,2026-02-03 06:14:14.249872
SMMR,23.29,23.3,23.31,1871000.0,1898700.0,0,0,0,0,0,0,0,0,0,0,0,0,136,2026-02-03 06:14:14.249872
ATMN,26.41,26.25,26.39,2062900.0,1793100.0,0,0,0,0,0,0,0,0,0,0,0,0,136,2026-02-03 06:14:14.249872
WNTR,26.27,26.27,26.28,1656900.0,1674600.0,0,0,0,0,0,0,0,0,0,0,0,0,136,2026-02-03 06:14:14.249872
SPNG,26.35,25.99,26.35,2564700.0,1947400.0,0,0,0,0,0,0,0,0,0,0,0,0,137,2026-02-03 06:14:15.281793
SMMR,22.99,22.99,23.31,1629700.0,2027800.0,0,0,0,0,0,0,0,0,0,0,0,0,137,2026-02-03 06:14:15.281793
ATMN,26.21,26.29,26.39,2073600.0,1793100.0,0,0,0,0,0,0,0,0,0,0,0,0,137,2026-02-03 06:14:15.281793
WNTR,26.28,26.02,26.28,1427000.0,1674600.0,0,0,0,0,0,0,0,0,0,0,0,0,137,2026-02-03 06:14:15.281793
SPNG,26.56,26.21,26.56,2331800.0,1617600.0,0,0,0,0,0,0,0,0,0,0,0,0,138,2026-02-03 06:14:16.322256
SMMR,22.99,23.01,23.31,1754000.0,2027800.0,0,0,0,0,0,0,0,0,0,0,0,0,138,2026-02-03 06:14:16.322256
ATMN,26.29,26.29,26.5,2073600.0,1466600.0,0,0,0,0,0,0,0,0,0,0,0,0,138,2026-02-03 06:14:16.322256
WNTR,26.28,26.25,26.28,1518100.0,1653100.0,0,0,0,0,0,0,0,0,0,0,0,0,138,2026-02-03 06:14:16.322256
SPNG,26.21,26.21,26.49,2298700.0,1712200.0,0,0,0,0,0,0,0,0,0,0,0,0,139,2026-02-03 06:14:17.347530
SMMR,22.99,23.19,23.31,2009300.0,2135400.0,0,0,0,0,0,0,0,0,0,0,0,0,139,2026-02-03 06:14:17.347530
ATMN,26.29,26.29,26.53,2035000.0,1476600.0,0,0,0,0,0,0,0,0,0,0,0,0,139,2026-02-03 06:14:17.347530
WNTR,26.28,26.25,26.26,1606900.0,1980900.0,0,0,0,0,0,0,0,0,0,0,0,0,139,2026-02-03 06:14:17.347530
SPNG,26.56,26.21,26.56,2298700.0,1617600.0,0,0,0,0,0,0,0,0,0,0,0,0,140,2026-02-03 06:14:18.383083
SMMR,23.17,23.17,23.26,1893600.0,2387500.0,0,0,0,0,0,0,0,0,0,0,0,0,140,2026-02-03 06:14:18.383083
ATMN,26.3,26.49,26.53,2021800.0,1556800.0,0,0,0,0,0,0,0,0,0,0,0,0,140,2026-02-03 06:14:18.383083
WNTR,26.25,26.02,26.26,1627800.0,2118600.0,0,0,0,0,0,0,0,0,0,0,0,0,140,2026-02-03 06:14:18.383083
SPNG,26.32,26.21,26.32,2298700.0,1614700.0,0,0,0,0,0,0,0,0,0,0,0,0,141,2026-02-03 06:14:19.409110
SMMR,23.17,23.17,23.26,1997800.0,2391800.0,0,0,0,0,0,0,0,0,0,0,0,0,141,2026-02-03 06:14:19.409110
ATMN,26.49,26.29,26.3,2014200.0,1672000.0,0,0,0,0,0,0,0,0,0,0,0,0,141,2026-02-03 06:14:19.409110
WNTR,26.0,26.17,26.26,1529800.0,2118600.0,0,0,0,0,0,0,0,0,0,0,0,0,141,2026-02-03 06:14:19.409110
SPNG,26.32,26.21,26.32,2276500.0,1614700.0,0,0,0,0,0,0,0,0,0,0,0,0,142,2026-02-03 06:14:19.941800
SMMR,23.17,23.17,23.26,2125500.0,2391800.0,0,0,0,0,0,0,0,0,0,0,0,0,142,2026-02-03 06:14:19.941800
ATMN,26.53,26.29,26.53,2014900.0,1677900.0,0,0,0,0,0,0,0,0,0,0,0,0,142,2026-02-03 06:14:19.941800
WNTR,26.0,26.23,26.26,1650200.0,2157400.0,0,0,0,0,0,0,0,0,0,0,0,0,142,2026-02-03 06:14:19.941800
SPNG,25.99,25.99,26.32,2267300.0,1614700.0,0,0,0,0,0,0,0,0,0,0,0,0,143,2026-02-03 06:14:20.968942
SMMR,23.01,23.01,23.15,1881700.0,2396100.0,0,0,0,0,0,0,0,0,0,0,0,0,143,2026-02-03 06:14:20.968942
ATMN,26.53,26.29,26.53,1993300.0,1824200.0,0,0,0,0,0,0,0,0,0,0,0,0,143,2026-02-03 06:14:20.968942
WNTR,26.0,26.23,26.26,1650200.0,2133600.0,0,0,0,0,0,0,0,0,0,0,0,0,143,2026-02-03 06:14:20.968942
SPNG,26.48,26.21,26.25,2247500.0,1738500.0,0,0,0,0,0,0,0,0,0,0,0,0,144,2026-02-03 06:14:21.998507
SMMR,23.15,23.24,23.26,2339900.0,2391800.0,0,0,0,0,0,0,0,0,0,0,0,0,144,2026-02-03 06:14:21.998507
ATMN,26.54,26.41,26.42,1968400.0,1761600.0,0,0,0,0,0,0,0,0,0,0,0,0,144,2026-02-03 06:14:21.998507
WNTR,26.23,26.23,26.26,1650200.0,2205400.0,0,0,0,0,0,0,0,0,0,0,0,0,144,2026-02-03 06:14:21.998507
SPNG,26.21,26.21,26.71,2247500.0,1633600.0,0,0,0,0,0,0,0,0,0,0,0,0,145,2026-02-03 06:14:23.027018
SMMR,23.31,23.24,23.31,2471500.0,2357700.0,0,0,0,0,0,0,0,0,0,0,0,0,145,2026-02-03 06:14:23.027018
ATMN,26.59,26.41,26.59,1949200.0,1537300.0,0,0,0,0,0,0,0,0,0,0,0,0,145,2026-02-03 06:14:23.027018
WNTR,26.23,26.23,26.24,1650200.0,2224100.0,0,0,0,0,0,0,0,0,0,0,0,0,145,2026-02-03 06:14:23.027018
SPNG,26.21,26.21,26.49,2245100.0,1880400.0,0,0,0,0,0,0,0,0,0,0,0,0,146,2026-02-03 06:14:24.059368
SMMR,23.24,23.13,23.21,2493000.0,2353700.0,0,0,0,0,0,0,0,0,0,0,0,0,146,2026-02-03 06:14:24.059368
ATMN,26.41,26.29,26.36,1959600.0,1635100.0,0,0,0,0,0,0,0,0,0,0,0,0,146,2026-02-03 06:14:24.059368
WNTR,26.17,26.17,26.24,1529800.0,2219600.0,0,0,0,0,0,0,0,0,0,0,0,0,146,2026-02-03 06:14:24.059368
SPNG,26.49,26.52,26.71,2269100.0,1756300.0,0,0,0,0,0,0,0,0,0,0,0,0,147,2026-02-03 06:14:25.086814
SMMR,23.24,23.13,23.21,2487400.0,2368900.0,0,0,0,0,0,0,0,0,0,0,0,0,147,2026-02-03 06:14:25.086814
ATMN,26.59,26.4,26.59,1961200.0,1639600.0,0,0,0,0,0,0,0,0,0,0,0,0,147,2026-02-03 06:14:25.086814
WNTR,26.24,26.0,26.24,1528300.0,2195500.0,0,0,0,0,0,0,0,0,0,0,0,0,147,2026-02-03 06:14:25.086814
SPNG,26.49,26.52,26.64,2269100.0,2089300.0,0,0,0,0,0,0,0,0,0,0,0,0,148,2026-02-03 06:14:26.114475
SMMR,23.03,23.03,23.21,2512000.0,2368900.0,0,0,0,0,0,0,0,0,0,0,0,0,148,2026-02-03 06:14:26.114475
ATMN,26.59,26.4,26.59,2002600.0,1537300.0,0,0,0,0,0,0,0,0,0,0,0,0,148,2026-02-03 06:14:26.114475
WNTR,26.24,26.13,26.24,1752400.0,2188600.0,0,0,0,0,0,0,0,0,0,0,0,0,148,2026-02-03 06:14:26.114475
SPNG,26.52,26.4,26.43,2248700.0,2149400.0,0,0,0,0,0,0,0,0,0,0,0,0,149,2026-02-03 06:14:27.138535
SMMR,23.03,23.08,23.21,2552000.0,2368900.0,0,0,0,0,0,0,0,0,0,0,0,0,149,2026-02-03 06:14:27.138535
ATMN,26.62,26.4,26.62,2019400.0,1632200.0,0,0,0,0,0,0,0,0,0,0,0,0,149,2026-02-03 06:14:27.138535
WNTR,26.02,26.02,26.18,1862900.0,2171500.0,0,0,0,0,0,0,0,0,0,0,0,0,149,2026-02-03 06:14:27.138535
SPNG,26.19,25.99,26.1,2247000.0,2186200.0,0,0,0,0,0,0,0,0,0,0,0,0,150,2026-02-03 06:14:28.162596
SMMR,23.08,23.14,23.21,2576100.0,2378000.0,0,0,0,0,0,0,0,0,0,0,0,0,150,2026-02-03 06:14:28.162596
ATMN,26.5,26.53,26.58,2014800.0,1632200.0,0,0,0,0,0,0,0,0,0,0,0,0,150,2026-02-03 06:14:28.162596
WNTR,26.02,26.02,26.04,1868400.0,2165500.0,0,0,0,0,0,0,0,0,0,0,0,0,150,2026-02-03 06:14:28.162596
SPNG,26.16,25.99,26.14,2247000.0,2222400.0,0,0,0,0,0,0,0,0,0,0,0,0,151,2026-02-03 06:14:29.190699
SMMR,23.17,23.17,23.21,2556800.0,2367100.0,0,0,0,0,0,0,0,0,0,0,0,0,151,2026-02-03 06:14:29.190699
ATMN,26.4,26.4,26.58,1977900.0,1713800.0,0,0,0,0,0,0,0,0,0,0,0,0,151,2026-02-03 06:14:29.190699
WNTR,26.02,26.02,26.04,2085700.0,2176300.0,0,0,0,0,0,0,0,0,0,0,0,0,151,2026-02-03 06:14:29.190699
SPNG,26.58,26.05,26.58,2265500.0,2137700.0,0,0,0,0,0,0,0,0,0,0,0,0,152,2026-02-03 06:14:30.216711
SMMR,23.21,23.23,23.26,2573200.0,2351900.0,0,0,0,0,0,0,0,0,0,0,0,0,152,2026-02-03 06:14:30.216711
ATMN,26.58,26.43,26.58,2008300.0,1713800.0,0,0,0,0,0,0,0,0,0,0,0,0,152,2026-02-03 06:14:30.216711
WNTR,26.02,26.02,26.04,2153700.0,2176300.0,0,0,0,0,0,0,0,0,0,0,0,0,152,2026-02-03 06:14:30.216711
SPNG,26.58,26.08,26.28,2263200.0,2174500.0,0,0,0,0,0,0,0,0,0,0,0,0,153,2026-02-03 06:14:31.242108
SMMR,23.21,23.23,23.26,2573100.0,2333600.0,0,0,0,0,0,0,0,0,0,0,0,0,153,2026-02-03 06:14:31.242108
ATMN,26.58,26.43,26.45,2008300.0,1927700.0,0,0,0,0,0,0,0,0,0,0,0,0,153,2026-02-03 06:14:31.242108
WNTR,26.09,26.1,26.18,2122700.0,2183400.0,0,0,0,0,0,0,0,0,0,0,0,0,153,2026-02-03 06:14:31.242108
SPNG,26.58,26.08,26.18,2216500.0,2169300.0,0,0,0,0,0,0,0,0,0,0,0,0,154,2026-02-03 06:14:32.265669
SMMR,23.21,23.21,23.26,2593500.0,2341000.0,0,0,0,0,0,0,0,0,0,0,0,0,154,2026-02-03 06:14:32.265669
ATMN,26.28,26.44,26.45,1982100.0,1927700.0,0,0,0,0,0,0,0,0,0,0,0,0,154,2026-02-03 06:14:32.265669
WNTR,26.02,26.02,26.18,2153700.0,2183400.0,0,0,0,0,0,0,0,0,0,0,0,0,154,2026-02-03 06:14:32.265669
SPNG,26.07,26.07,26.18,2210600.0,2169300.0,0,0,0,0,0,0,0,0,0,0,0,0,155,2026-02-03 06:14:33.295302
SMMR,23.14,23.14,23.25,2553900.0,2360500.0,0,0,0,0,0,0,0,0,0,0,0,0,155,2026-02-03 06:14:33.295302
ATMN,26.62,26.44,26.62,1959200.0,1703400.0,0,0,0,0,0,0,0,0,0,0,0,0,155,2026-02-03 06:14:33.295302
WNTR,26.02,26.02,26.17,2145700.0,2194500.0,0,0,0,0,0,0,0,0,0,0,0,0,155,2026-02-03 06:14:33.295302
SPNG,26.36,26.05,26.06,2228300.0,2204400.0,0,0,0,0,0,0,0,0,0,0,0,0,156,2026-02-03 06:14:34.321417
SMMR,23.25,23.14,23.16,2562200.0,2380700.0,0,0,0,0,0,0,0,0,0,0,0,0,156,2026-02-03 06:14:34.321417
ATMN,26.69,26.32,26.69,1973100.0,1419500.0,0,0,0,0,0,0,0,0,0,0,0,0,156,2026-02-03 06:14:34.321417
WNTR,25.99,26.16,26.17,2046500.0,2229900.0,0,0,0,0,0,0,0,0,0,0,0,0,156,2026-02-03 06:14:34.321417
SPNG,26.05,26.05,26.58,2228300.0,2151800.0,0,0,0,0,0,0,0,0,0,0,0,0,157,2026-02-03 06:14:35.345888
SMMR,23.25,23.14,23.24,2572000.0,2398700.0,0,0,0,0,0,0,0,0,0,0,0,0,157,2026-02-03 06:14:35.345888
ATMN,26.24,26.26,26.27,1997700.0,1502300.0,0,0,0,0,0,0,0,0,0,0,0,0,157,2026-02-03 06:14:35.345888
WNTR,26.16,25.99,26.03,2202700.0,2239400.0,0,0,0,0,0,0,0,0,0,0,0,0,157,2026-02-03 06:14:35.345888
SPNG,26.63,26.01,26.49,2253600.0,2135400.0,0,0,0,0,0,0,0,0,0,0,0,0,158,2026-02-03 06:14:36.372208
SMMR,23.14,23.08,23.13,2580300.0,2434500.0,0,0,0,0,0,0,0,0,0,0,0,0,158,2026-02-03 06:14:36.372208
ATMN,26.21,26.21,26.69,1988800.0,1514300.0,0,0,0,0,0,0,0,0,0,0,0,0,158,2026-02-03 06:14:36.372208
WNTR,26.16,25.99,26.03,2205700.0,2183700.0,0,0,0,0,0,0,0,0,0,0,0,0,158,2026-02-03 06:14:36.372208
SPNG,26.63,26.01,26.63,2253600.0,2153100.0,0,0,0,0,0,0,0,0,0,0,0,0,159,2026-02-03 06:14:37.407280
SMMR,23.14,23.1,23.13,2589300.0,2434500.0,0,0,0,0,0,0,0,0,0,0,0,0,159,2026-02-03 06:14:37.407280
ATMN,26.35,26.35,26.69,2004400.0,1630700.0,0,0,0,0,0,0,0,0,0,0,0,0,159,2026-02-03 06:14:37.407280
WNTR,25.99,25.99,26.03,2205200.0,2164500.0,0,0,0,0,0,0,0,0,0,0,0,0,159,2026-02-03 06:14:37.407280
SPNG,26.63,26.01,26.11,2279800.0,2235800.0,0,0,0,0,0,0,0,0,0,0,0,0,160,2026-02-03 06:14:38.433866
SMMR,23.24,23.1,23.14,2589300.0,2436200.0,0,0,0,0,0,0,0,0,0,0,0,0,160,2026-02-03 06:14:38.433866
ATMN,26.69,26.45,26.46,2004300.0,1735300.0,0,0,0,0,0,0,0,0,0,0,0,0,160,2026-02-03 06:14:38.433866
WNTR,26.1,25.96,26.1,2202900.0,2162600.0,0,0,0,0,0,0,0,0,0,0,0,0,160,2026-02-03 06:14:38.433866
SPNG,26.63,26.01,26.11,2225300.0,2235800.0,0,0,0,0,0,0,0,0,0,0,0,0,161,2026-02-03 06:14:39.458559
SMMR,23.14,23.1,23.14,2554100.0,2436200.0,0,0,0,0,0,0,0,0,0,0,0,0,161,2026-02-03 06:14:39.458559
ATMN,26.46,26.45,26.46,1995500.0,1906900.0,0,0,0,0,0,0,0,0,0,0,0,0,161,2026-02-03 06:14:39.458559
WNTR,26.06,26.06,26.1,2206700.0,2156400.0,0,0,0,0,0,0,0,0,0,0,0,0,161,2026-02-03 06:14:39.458559
SPNG,26.39,26.01,26.39,2225300.0,2185100.0,0,0,0,0,0,0,0,0,0,0,0,0,162,2026-02-03 06:14:40.482361
SMMR,23.26,23.18,23.26,2528500.0,2335000.0,0,0,0,0,0,0,0,0,0,0,0,0,162,2026-02-03 06:14:40.482361
ATMN,26.45,26.45,26.46,1996200.0,1942100.0,0,0,0,0,0,0,0,0,0,0,0,0,162,2026-02-03 06:14:40.482361
WNTR,25.96,25.96,25.98,2087900.0,2145400.0,0,0,0,0,0,0,0,0,0,0,0,0,162,2026-02-03 06:14:40.482361
SPNG,26.39,26.01,26.39,2214200.0,2185100.0,0,0,0,0,0,0,0,0,0,0,0,0,163,2026-02-03 06:14:41.515859
SMMR,23.26,23.24,23.26,2544100.0,2355400.0,0,0,0,0,0,0,0,0,0,0,0,0,163,2026-02-03 06:14:41.515859
ATMN,26.45,26.21,26.33,2006800.0,1974800.0,0,0,0,0,0,0,0,0,0,0,0,0,163,2026-02-03 06:14:41.515859
WNTR,26.1,25.96,26.03,2087900.0,2132500.0,0,0,0,0,0,0,0,0,0,0,0,0,163,2026-02-03 06:14:41.515859
SPNG,26.39,26.01,26.39,2203700.0,2201400.0,0,0,0,0,0,0,0,0,0,0,0,0,164,2026-02-03 06:14:42.041787
SMMR,23.24,23.24,23.26,2544100.0,2355400.0,0,0,0,0,0,0,0,0,0,0,0,0,164,2026-02-03 06:14:42.041787
ATMN,26.45,26.21,26.33,1992100.0,1974800.0,0,0,0,0,0,0,0,0,0,0,0,0,164,2026-02-03 06:14:42.041787
WNTR,26.1,25.96,26.03,2204300.0,2132500.0,0,0,0,0,0,0,0,0,0,0,0,0,164,2026-02-03 06:14:42.041787
SPNG,26.64,25.99,26.64,2207900.0,2160500.0,0,0,0,0,0,0,0,0,0,0,0,0,165,2026-02-03 06:14:43.068018
SMMR,23.1,23.1,23.26,2587200.0,2377800.0,0,0,0,0,0,0,0,0,0,0,0,0,165,2026-02-03 06:14:43.068018
ATMN,26.45,26.21,26.33,2001100.0,1974800.0,0,0,0,0,0,0,0,0,0,0,0,0,165,2026-02-03 06:14:43.068018
WNTR,26.03,26.08,26.1,2184900.0,2152700.0,0,0,0,0,0,0,0,0,0,0,0,0,165,2026-02-03 06:14:43.068018
SPNG,26.54,25.99,26.54,2207900.0,2206100.0,0,0,0,0,0,0,0,0,0,0,0,0,166,2026-02-03 06:14:44.092210
SMMR,23.1,23.23,23.26,2560000.0,2393300.0,0,0,0,0,0,0,0,0,0,0,0,0,166,2026-02-03 06:14:44.092210
ATMN,26.33,26.46,26.52,1975100.0,1992000.0,0,0,0,0,0,0,0,0,0,0,0,0,166,2026-02-03 06:14:44.092210
WNTR,25.95,25.95,26.0,2078900.0,2200600.0,0,0,0,0,0,0,0,0,0,0,0,0,166,2026-02-03 06:14:44.092210
SPNG,25.97,25.97,26.54,2228400.0,2206100.0,0,0,0,0,0,0,0,0,0,0,0,0,167,2026-02-03 06:14:45.119906
SMMR,23.27,23.23,23.27,2531000.0,2419500.0,0,0,0,0,0,0,0,0,0,0,0,0,167,2026-02-03 06:14:45.119906
ATMN,26.46,26.21,26.38,2001100.0,2002400.0,0,0,0,0,0,0,0,0,0,0,0,0,167,2026-02-03 06:14:45.119906
WNTR,25.94,25.94,26.01,2002400.0,2196300.0,0,0,0,0,0,0,0,0,0,0,0,0,167,2026-02-03 06:14:45.119906
SPNG,26.47,26.04,26.08,2202900.0,2241500.0,0,0,0,0,0,0,0,0,0,0,0,0,168,2026-02-03 06:14:46.145818
SMMR,23.1,23.1,23.27,2587200.0,2399400.0,0,0,0,0,0,0,0,0,0,0,0,0,168,2026-02-03 06:14:46.145818
ATMN,26.52,26.52,26.58,2005500.0,2009900.0,0,0,0,0,0,0,0,0,0,0,0,0,168,2026-02-03 06:14:46.145818
WNTR,26.01,26.07,26.12,2193000.0,2186900.0,0,0,0,0,0,0,0,0,0,0,0,0,168,2026-02-03 06:14:46.145818
SPNG,26.54,26.62,26.64,2223000.0,2197600.0,0,0,0,0,0,0,0,0,0,0,0,0,169,2026-02-03 06:14:47.174427
SMMR,23.27,23.1,23.27,2587200.0,2392800.0,0,0,0,0,0,0,0,0,0,0,0,0,169,2026-02-03 06:14:47.174427
ATMN,26.52,26.22,26.41,1984300.0,1980700.0,0,0,0,0,0,0,0,0,0,0,0,0,169,2026-02-03 06:14:47.174427
WNTR,26.12,26.07,26.12,2193000.0,2163700.0,0,0,0,0,0,0,0,0,0,0,0,0,169,2026-02-03 06:14:47.174427
SPNG,25.97,25.97,26.54,2228400.0,2173300.0,0,0,0,0,0,0,0,0,0,0,0,0,170,2026-02-03 06:14:48.201453
SMMR,23.08,23.08,23.27,2546300.0,2370700.0,0,0,0,0,0,0,0,0,0,0,0,0,170,2026-02-03 06:14:48.201453
ATMN,26.21,26.21,26.4,2001100.0,1965400.0,0,0,0,0,0,0,0,0,0,0,0,0,170,2026-02-03 06:14:48.201453
WNTR,26.14,26.08,26.14,2152800.0,2136900.0,0,0,0,0,0,0,0,0,0,0,0,0,170,2026-02-03 06:14:48.201453
SPNG,25.96,25.96,26.54,2214100.0,2166700.0,0,0,0,0,0,0,0,0,0,0,0,0,171,2026-02-03 06:14:49.229297
SMMR,23.08,23.23,23.27,2559800.0,2373700.0,0,0,0,0,0,0,0,0,0,0,0,0,171,2026-02-03 06:14:49.229297
ATMN,26.4,26.35,26.4,2002300.0,1965400.0,0,0,0,0,0,0,0,0,0,0,0,0,171,2026-02-03 06:14:49.229297
WNTR,26.07,26.07,26.09,2193000.0,2136100.0,0,0,0,0,0,0,0,0,0,0,0,0,171,2026-02-03 06:14:49.229297
SPNG,25.96,26.16,26.32,2189800.0,2137000.0,0,0,0,0,0,0,0,0,0,0,0,0,172,2026-02-03 06:14:50.254466
SMMR,23.15,23.24,23.27,2549400.0,2373700.0,0,0,0,0,0,0,0,0,0,0,0,0,172,2026-02-03 06:14:50.254466
ATMN,26.35,26.21,26.32,2001100.0,2001200.0,0,0,0,0,0,0,0,0,0,0,0,0,172,2026-02-03 06:14:50.254466
WNTR,26.14,25.99,26.14,2203000.0,2152600.0,0,0,0,0,0,0,0,0,0,0,0,0,172,2026-02-03 06:14:50.254466
SPNG,25.96,26.16,26.32,2191900.0,2140100.0,0,0,0,0,0,0,0,0,0,0,0,0,173,2026-02-03 06:14:51.281008
SMMR,23.24,23.08,23.11,2538600.0,2349300.0,0,0,0,0,0,0,0,0,0,0,0,0,173,2026-02-03 06:14:51.281008
ATMN,26.21,26.21,26.38,2021200.0,1977900.0,0,0,0,0,0,0,0,0,0,0,0,0,173,2026-02-03 06:14:51.281008
WNTR,26.14,25.99,26.11,2203000.0,2112300.0,0,0,0,0,0,0,0,0,0,0,0,0,173,2026-02-03 06:14:51.281008
SPNG,26.18,26.16,26.18,2191900.0,2169400.0,0,0,0,0,0,0,0,0,0,0,0,0,174,2026-02-03 06:14:52.309568
SMMR,23.21,23.21,23.27,2534000.0,2349400.0,0,0,0,0,0,0,0,0,0,0,0,0,174,2026-02-03 06:14:52.309568
ATMN,26.16,26.16,26.31,2021300.0,1984500.0,0,0,0,0,0,0,0,0,0,0,0,0,174,2026-02-03 06:14:52.309568
WNTR,26.14,25.99,26.1,2203000.0,2112800.0,0,0,0,0,0,0,0,0,0,0,0,0,174,2026-02-03 06:14:52.309568
SPNG,26.54,26.16,26.2,2191900.0,2155700.0,0,0,0,0,0,0,0,0,0,0,0,0,175,2026-02-03 06:14:53.335680
SMMR,23.27,23.27,23.28,2539600.0,2333300.0,0,0,0,0,0,0,0,0,0,0,0,0,175,2026-02-03 06:14:53.335680
ATMN,26.4,26.15,26.4,2019600.0,1953000.0,0,0,0,0,0,0,0,0,0,0,0,0,175,2026-02-03 06:14:53.335680
WNTR,26.01,26.01,26.07,2208800.0,2141800.0,0,0,0,0,0,0,0,0,0,0,0,0,175,2026-02-03 06:14:53.335680
SPNG,26.08,25.96,26.06,2230400.0,2170600.0,0,0,0,0,0,0,0,0,0,0,0,0,176,2026-02-03 06:14:54.392342
SMMR,23.28,23.08,23.28,2538600.0,2333300.0,0,0,0,0,0,0,0,0,0,0,0,0,176,2026-02-03 06:14:54.392342
ATMN,26.14,26.14,26.4,2059600.0,1953000.0,0,0,0,0,0,0,0,0,0,0,0,0,176,2026-02-03 06:14:54.392342
WNTR,26.07,26.01,26.07,2182600.0,2141800.0,0,0,0,0,0,0,0,0,0,0,0,0,176,2026-02-03 06:14:54.392342
SPNG,26.06,26.36,26.4,2211400.0,2156400.0,0,0,0,0,0,0,0,0,0,0,0,0,177,2026-02-03 06:14:55.420594
SMMR,23.28,23.08,23.28,2546100.0,2333300.0,0,0,0,0,0,0,0,0,0,0,0,0,177,2026-02-03 06:14:55.420594
ATMN,26.22,26.14,26.22,2059600.0,1957600.0,0,0,0,0,0,0,0,0,0,0,0,0,177,2026-02-03 06:14:55.420594
WNTR,26.07,26.05,26.07,2163900.0,2133600.0,0,0,0,0,0,0,0,0,0,0,0,0,177,2026-02-03 06:14:55.420594
SPNG,25.96,25.96,26.4,2207900.0,2149700.0,0,0,0,0,0,0,0,0,0,0,0,0,178,2026-02-03 06:14:56.448659
SMMR,23.29,23.23,23.29,2507900.0,2329600.0,0,0,0,0,0,0,0,0,0,0,0,0,178,2026-02-03 06:14:56.448659
ATMN,26.36,26.14,26.16,2059600.0,1981500.0,0,0,0,0,0,0,0,0,0,0,0,0,178,2026-02-03 06:14:56.448659
WNTR,26.01,26.04,26.07,2172600.0,2135500.0,0,0,0,0,0,0,0,0,0,0,0,0,178,2026-02-03 06:14:56.448659
SPNG,25.94,25.94,26.4,2232500.0,2149700.0,0,0,0,0,0,0,0,0,0,0,0,0,179,2026-02-03 06:14:57.489821
SMMR,23.08,23.15,23.29,2501500.0,2364100.0,0,0,0,0,0,0,0,0,0,0,0,0,179,2026-02-03 06:14:57.489821
ATMN,26.41,26.14,26.41,2059600.0,1943400.0,0,0,0,0,0,0,0,0,0,0,0,0,179,2026-02-03 06:14:57.489821
WNTR,26.11,26.06,26.11,2157900.0,2111100.0,0,0,0,0,0,0,0,0,0,0,0,0,179,2026-02-03 06:14:57.489821
SPNG,25.94,25.0,25.43,1015600.0,827200.0,0,0,0,0,0,0,0,0,0,0,0,0,180,2026-02-03 06:14:58.558687
SMMR,24.75,23.7,24.32,606800.0,678800.0,0,0,0,0,0,0,0,0,0,0,0,0,180,2026-02-03 06:14:58.558687
ATMN,26.41,24.62,25.55,904600.0,748300.0,0,0,0,0,0,0,0,0,0,0,0,0,180,2026-02-03 06:14:58.558687
WNTR,26.11,24.63,25.2,924700.0,829800.0,0,0,0,0,0,0,0,0,0,0,0,0,180,2026-02-03 06:14:58.558687
SPNG,25.94,25.0,25.12,1015600.0,1170400.0,0,0,0,0,0,0,0,0,0,0,0,0,181,2026-02-03 06:14:59.582328
SMMR,24.32,24.35,24.49,1181300.0,897700.0,0,0,0,0,0,0,0,0,0,0,0,0,181,2026-02-03 06:14:59.582328
ATMN,26.41,24.62,24.82,904600.0,1146100.0,0,0,0,0,0,0,0,0,0,0,0,0,181,2026-02-03 06:14:59.582328
WNTR,26.11,24.63,24.72,924700.0,1177800.0,0,0,0,0,0,0,0,0,0,0,0,0,181,2026-02-03 06:14:59.582328
SPNG,25.12,25.0,25.12,1058600.0,1337500.0,0,0,0,0,0,0,0,0,0,0,0,0,182,2026-02-03 06:15:00.607416
SMMR,24.32,24.42,24.49,1533800.0,897700.0,0,0,0,0,0,0,0,0,0,0,0,0,182,2026-02-03 06:15:00.607416
ATMN,24.82,24.85,24.86,1021800.0,1336600.0,0,0,0,0,0,0,0,0,0,0,0,0,182,2026-02-03 06:15:00.607416
WNTR,24.63,24.14,24.25,936600.0,1487900.0,0,0,0,0,0,0,0,0,0,0,0,0,182,2026-02-03 06:15:00.607416
SPNG,25.19,25.0,25.19,1058600.0,1442100.0,0,0,0,0,0,0,0,0,0,0,0,0,183,2026-02-03 06:15:01.631984
SMMR,24.7,24.54,24.7,1774000.0,844800.0,0,0,0,0,0,0,0,0,0,0,0,0,183,2026-02-03 06:15:01.631984
ATMN,24.62,24.62,24.66,920500.0,1441600.0,0,0,0,0,0,0,0,0,0,0,0,0,183,2026-02-03 06:15:01.631984
WNTR,24.14,24.05,24.11,1098300.0,1692500.0,0,0,0,0,0,0,0,0,0,0,0,0,183,2026-02-03 06:15:01.631984
SPNG,24.97,23.24,24.77,1180100.0,1692800.0,0,0,0,0,0,0,0,0,0,0,0,0,184,2026-02-03 06:15:02.663109
SMMR,24.84,24.54,24.75,1774000.0,1034000.0,0,0,0,0,0,0,0,0,0,0,0,0,184,2026-02-03 06:15:02.663109
ATMN,24.86,24.62,24.86,920500.0,1542700.0,0,0,0,0,0,0,0,0,0,0,0,0,184,2026-02-03 06:15:02.663109
WNTR,24.14,24.05,24.11,1359100.0,1821600.0,0,0,0,0,0,0,0,0,0,0,0,0,184,2026-02-03 06:15:02.663109
SPNG,24.97,23.76,24.77,1408600.0,1692800.0,0,0,0,0,0,0,0,0,0,0,0,0,185,2026-02-03 06:15:03.193145
SMMR,24.75,24.79,24.87,1874500.0,1052900.0,0,0,0,0,0,0,0,0,0,0,0,0,185,2026-02-03 06:15:03.193145
ATMN,24.86,24.62,24.86,1035900.0,1643600.0,0,0,0,0,0,0,0,0,0,0,0,0,185,2026-02-03 06:15:03.193145
WNTR,24.15,24.05,24.07,1359100.0,1949900.0,0,0,0,0,0,0,0,0,0,0,0,0,185,2026-02-03 06:15:03.193145
SPNG,25.34,24.91,25.34,1650300.0,1462500.0,0,0,0,0,0,0,0,0,0,0,0,0,186,2026-02-03 06:15:04.218478
SMMR,24.79,24.65,24.74,1990300.0,1164200.0,0,0,0,0,0,0,0,0,0,0,0,0,186,2026-02-03 06:15:04.218478
ATMN,24.69,24.79,24.86,1219400.0,1643600.0,0,0,0,0,0,0,0,0,0,0,0,0,186,2026-02-03 06:15:04.218478
WNTR,24.05,23.96,24.04,1508100.0,2067700.0,0,0,0,0,0,0,0,0,0,0,0,0,186,2026-02-03 06:15:04.218478
SPNG,25.02,25.02,25.2,1756800.0,1580600.0,0,0,0,0,0,0,0,0,0,0,0,0,187,2026-02-03 06:15:05.244111
SMMR,24.87,24.9,24.91,2120400.0,1058200.0,0,0,0,0,0,0,0,0,0,0,0,0,187,2026-02-03 06:15:05.244111
ATMN,24.69,24.79,24.86,1219400.0,1984700.0,0,0,0,0,0,0,0,0,0,0,0,0,187,2026-02-03 06:15:05.244111
WNTR,24.05,23.98,24.04,1854900.0,2067700.0,0,0,0,0,0,0,0,0,0,0,0,0,187,2026-02-03 06:15:05.244111
SPNG,25.34,25.09,25.34,1866200.0,1692300.0,0,0,0,0,0,0,0,0,0,0,0,0,188,2026-02-03 06:15:06.270071
SMMR,24.65,24.54,24.59,2103700.0,1176900.0,0,0,0,0,0,0,0,0,0,0,0,0,188,2026-02-03 06:15:06.270071
ATMN,24.86,24.62,24.86,1224100.0,1984700.0,0,0,0,0,0,0,0,0,0,0,0,0,188,2026-02-03 06:15:06.270071
WNTR,23.95,23.95,24.04,1740300.0,2067700.0,0,0,0,0,0,0,0,0,0,0,0,0,188,2026-02-03 06:15:06.270071
SPNG,25.34,25.09,25.34,1866200.0,2027500.0,0,0,0,0,0,0,0,0,0,0,0,0,189,2026-02-03 06:15:07.293295
SMMR,24.91,24.58,24.91,2341000.0,1058200.0,0,0,0,0,0,0,0,0,0,0,0,0,189,2026-02-03 06:15:07.293295
ATMN,24.64,24.62,24.64,1224100.0,2045000.0,0,0,0,0,0,0,0,0,0,0,0,0,189,2026-02-03 06:15:07.293295
WNTR,24.07,24.09,24.16,1969300.0,2046500.0,0,0,0,0,0,0,0,0,0,0,0,0,189,2026-02-03 06:15:07.293295
SPNG,25.09,25.02,25.06,1756800.0,2235600.0,0,0,0,0,0,0,0,0,0,0,0,0,190,2026-02-03 06:15:08.320494
SMMR,24.91,24.61,24.68,2281800.0,1182900.0,0,0,0,0,0,0,0,0,0,0,0,0,190,2026-02-03 06:15:08.320494
ATMN,24.64,24.83,24.86,1546100.0,2037300.0,0,0,0,0,0,0,0,0,0,0,0,0,190,2026-02-03 06:15:08.320494
WNTR,24.07,24.09,24.16,2081900.0,2234200.0,0,0,0,0,0,0,0,0,0,0,0,0,190,2026-02-03 06:15:08.320494
SPNG,25.09,25.05,25.06,2114100.0,2235600.0,0,0,0,0,0,0,0,0,0,0,0,0,191,2026-02-03 06:15:09.348958
SMMR,24.61,24.61,24.83,2281800.0,1187400.0,0,0,0,0,0,0,0,0,0,0,0,0,191,2026-02-03 06:15:09.348958
ATMN,24.57,24.57,24.79,1350000.0,2041800.0,0,0,0,0,0,0,0,0,0,0,0,0,191,2026-02-03 06:15:09.348958
WNTR,23.95,23.95,24.13,2062600.0,2200000.0,0,0,0,0,0,0,0,0,0,0,0,0,191,2026-02-03 06:15:09.348958
SPNG,25.39,24.91,25.24,2015500.0,2171600.0,0,0,0,0,0,0,0,0,0,0,0,0,192,2026-02-03 06:15:10.377173
SMMR,24.61,24.71,24.83,2298600.0,1286400.0,0,0,0,0,0,0,0,0,0,0,0,0,192,2026-02-03 06:15:10.377173
ATMN,24.57,24.57,24.6,1350000.0,2044500.0,0,0,0,0,0,0,0,0,0,0,0,0,192,2026-02-03 06:15:10.377173
WNTR,24.16,23.95,23.96,2162900.0,2259600.0,0,0,0,0,0,0,0,0,0,0,0,0,192,2026-02-03 06:15:10.377173
SPNG,25.39,24.91,25.24,2155100.0,2227100.0,0,0,0,0,0,0,0,0,0,0,0,0,193,2026-02-03 06:15:11.409478
SMMR,24.71,24.66,24.7,2276500.0,1418500.0,0,0,0,0,0,0,0,0,0,0,0,0,193,2026-02-03 06:15:11.409478
ATMN,24.6,24.79,24.86,1674200.0,2037300.0,0,0,0,0,0,0,0,0,0,0,0,0,193,2026-02-03 06:15:11.409478
WNTR,23.95,23.95,23.96,2307000.0,2285900.0,0,0,0,0,0,0,0,0,0,0,0,0,193,2026-02-03 06:15:11.409478
SPNG,25.24,24.87,25.24,2158000.0,2227100.0,0,0,0,0,0,0,0,0,0,0,0,0,194,2026-02-03 06:15:12.435402
SMMR,24.71,24.68,24.7,2329000.0,1418500.0,0,0,0,0,0,0,0,0,0,0,0,0,194,2026-02-03 06:15:12.435402
ATMN,24.55,24.73,24.81,1562600.0,2021700.0,0,0,0,0,0,0,0,0,0,0,0,0,194,2026-02-03 06:15:12.435402
WNTR,23.96,23.95,23.96,2435200.0,2285900.0,0,0,0,0,0,0,0,0,0,0,0,0,194,2026-02-03 06:15:12.435402
SPNG,25.43,24.87,25.43,2267900.0,2224000.0,0,0,0,0,0,0,0,0,0,0,0,0,195,2026-02-03 06:15:13.470280
SMMR,24.68,24.68,24.7,2306500.0,1418500.0,0,0,0,0,0,0,0,0,0,0,0,0,195,2026-02-03 06:15:13.470280
ATMN,24.54,24.54,24.86,1442300.0,2037300.0,0,0,0,0,0,0,0,0,0,0,0,0,195,2026-02-03 06:15:13.470280
WNTR,24.16,23.95,24.06,2432900.0,2234500.0,0,0,0,0,0,0,0,0,0,0,0,0,195,2026-02-03 06:15:13.470280
SPNG,24.8,24.95,25.43,2431700.0,2224000.0,0,0,0,0,0,0,0,0,0,0,0,0,196,2026-02-03 06:15:14.531009
SMMR,24.83,24.8,24.83,2339900.0,1411800.0,0,0,0,0,0,0,0,0,0,0,0,0,196,2026-02-03 06:15:14.531009
ATMN,24.75,24.54,24.69,1543600.0,2066700.0,0,0,0,0,0,0,0,0,0,0,0,0,196,2026-02-03 06:15:14.531009
WNTR,24.06,24.06,24.16,2461800.0,2247600.0,0,0,0,0,0,0,0,0,0,0,0,0,196,2026-02-03 06:15:14.531009
SPNG,24.68,24.68,25.18,2300700.0,2228400.0,0,0,0,0,0,0,0,0,0,0,0,0,197,2026-02-03 06:15:15.562291
SMMR,24.71,24.72,24.81,2295700.0,1508100.0,0,0,0,0,0,0,0,0,0,0,0,0,197,2026-02-03 06:15:15.562291
ATMN,24.54,24.49,24.53,1532500.0,2068700.0,0,0,0,0,0,0,0,0,0,0,0,0,197,2026-02-03 06:15:15.562291
WNTR,24.06,24.06,24.16,2456100.0,2304200.0,0,0,0,0,0,0,0,0,0,0,0,0,197,2026-02-03 06:15:15.562291
SPNG,25.43,24.68,25.43,2395600.0,2292400.0,0,0,0,0,0,0,0,0,0,0,0,0,198,2026-02-03 06:15:16.604831
SMMR,24.71,24.78,24.79,2301300.0,1508100.0,0,0,0,0,0,0,0,0,0,0,0,0,198,2026-02-03 06:15:16.604831
ATMN,24.49,24.52,24.91,1648300.0,2052300.0,0,0,0,0,0,0,0,0,0,0,0,0,198,2026-02-03 06:15:16.604831
WNTR,23.89,23.89,24.04,2500800.0,2334400.0,0,0,0,0,0,0,0,0,0,0,0,0,198,2026-02-03 06:15:16.604831
SPNG,25.18,24.68,24.98,2496100.0,2287100.0,0,0,0,0,0,0,0,0,0,0,0,0,199,2026-02-03 06:15:17.638556
SMMR,24.81,24.78,24.81,2323400.0,1508100.0,0,0,0,0,0,0,0,0,0,0,0,0,199,2026-02-03 06:15:17.638556
ATMN,24.52,24.8,24.91,1769700.0,2066700.0,0,0,0,0,0,0,0,0,0,0,0,0,199,2026-02-03 06:15:17.638556
WNTR,24.04,23.91,24.04,2506500.0,2334400.0,0,0,0,0,0,0,0,0,0,0,0,0,199,2026-02-03 06:15:17.638556
SPNG,25.44,24.68,25.44,2697900.0,2258400.0,0,0,0,0,0,0,0,0,0,0,0,0,200,2026-02-03 06:15:18.669702
SMMR,24.74,24.74,24.81,2319900.0,1721600.0,0,0,0,0,0,0,0,0,0,0,0,0,200,2026-02-03 06:15:18.669702
ATMN,24.8,24.8,24.84,1769700.0,2057800.0,0,0,0,0,0,0,0,0,0,0,0,0,200,2026-02-03 06:15:18.669702
WNTR,24.04,23.91,24.04,2474200.0,2319700.0,0,0,0,0,0,0,0,0,0,0,0,0,200,2026-02-03 06:15:18.669702
SPNG,25.44,24.68,25.44,2697900.0,2258400.0,0,0,0,0,0,0,0,0,0,0,0,0,201,2026-02-03 06:15:19.695977
SMMR,24.83,24.74,24.83,2319900.0,1725600.0,0,0,0,0,0,0,0,0,0,0,0,0,201,2026-02-03 06:15:19.695977
ATMN,24.26,24.26,24.84,1431200.0,2063400.0,0,0,0,0,0,0,0,0,0,0,0,0,201,2026-02-03 06:15:19.695977
WNTR,23.91,23.91,24.16,2474200.0,2301200.0,0,0,0,0,0,0,0,0,0,0,0,0,201,2026-02-03 06:15:19.695977
SPNG,25.44,24.95,24.97,2612200.0,2286100.0,0,0,0,0,0,0,0,0,0,0,0,0,202,2026-02-03 06:15:20.723834
SMMR,24.87,24.74,24.8,2346300.0,1638700.0,0,0,0,0,0,0,0,0,0,0,0,0,202,2026-02-03 06:15:20.723834
ATMN,24.84,24.82,24.84,1633900.0,2063400.0,0,0,0,0,0,0,0,0,0,0,0,0,202,2026-02-03 06:15:20.723834
WNTR,23.91,23.91,24.02,2481900.0,2308900.0,0,0,0,0,0,0,0,0,0,0,0,0,202,2026-02-03 06:15:20.723834
SPNG,25.47,24.95,25.47,2577500.0,2247300.0,0,0,0,0,0,0,0,0,0,0,0,0,203,2026-02-03 06:15:21.755756
SMMR,24.87,24.74,24.8,2318800.0,1874000.0,0,0,0,0,0,0,0,0,0,0,0,0,203,2026-02-03 06:15:21.755756
ATMN,24.82,24.82,24.89,1728200.0,2053200.0,0,0,0,0,0,0,0,0,0,0,0,0,203,2026-02-03 06:15:21.755756
WNTR,23.89,23.9,24.02,2430100.0,2308900.0,0,0,0,0,0,0,0,0,0,0,0,0,203,2026-02-03 06:15:21.755756
SPNG,25.47,24.95,25.47,2504900.0,2247300.0,0,0,0,0,0,0,0,0,0,0,0,0,204,2026-02-03 06:15:22.279863
SMMR,24.87,24.79,24.8,2295400.0,1874000.0,0,0,0,0,0,0,0,0,0,0,0,0,204,2026-02-03 06:15:22.279863
ATMN,24.66,24.5,24.79,1525500.0,2069500.0,0,0,0,0,0,0,0,0,0,0,0,0,204,2026-02-03 06:15:22.279863
WNTR,24.16,23.91,24.16,2413200.0,2301200.0,0,0,0,0,0,0,0,0,0,0,0,0,204,2026-02-03 06:15:22.279863
SPNG,24.95,24.95,25.47,2436700.0,2277800.0,0,0,0,0,0,0,0,0,0,0,0,0,205,2026-02-03 06:15:23.310989
SMMR,24.78,24.78,24.8,2288900.0,1985100.0,0,0,0,0,0,0,0,0,0,0,0,0,205,2026-02-03 06:15:23.310989
ATMN,24.81,24.71,24.79,1631000.0,2074100.0,0,0,0,0,0,0,0,0,0,0,0,0,205,2026-02-03 06:15:23.310989
WNTR,24.18,23.91,24.18,2413200.0,2298600.0,0,0,0,0,0,0,0,0,0,0,0,0,205,2026-02-03 06:15:23.310989
SPNG,24.9,24.9,25.47,2450800.0,2290900.0,0,0,0,0,0,0,0,0,0,0,0,0,206,2026-02-03 06:15:24.338513
SMMR,24.77,24.77,24.8,2296800.0,2113000.0,0,0,0,0,0,0,0,0,0,0,0,0,206,2026-02-03 06:15:24.338513
ATMN,24.89,24.71,24.89,1850100.0,2053200.0,0,0,0,0,0,0,0,0,0,0,0,0,206,2026-02-03 06:15:24.338513
WNTR,24.18,23.91,24.13,2413200.0,2305000.0,0,0,0,0,0,0,0,0,0,0,0,0,206,2026-02-03 06:15:24.338513
SPNG,25.51,25.23,25.32,2423300.0,2333900.0,0,0,0,0,0,0,0,0,0,0,0,0,207,2026-02-03 06:15:25.363721
SMMR,24.8,24.76,24.78,2320200.0,2214800.0,0,0,0,0,0,0,0,0,0,0,0,0,207,2026-02-03 06:15:25.363721
ATMN,24.66,24.66,24.9,1744600.0,2064500.0,0,0,0,0,0,0,0,0,0,0,0,0,207,2026-02-03 06:15:25.363721
WNTR,23.9,23.9,23.97,2430100.0,2313700.0,0,0,0,0,0,0,0,0,0,0,0,0,207,2026-02-03 06:15:25.363721
SPNG,24.9,24.9,25.32,2405600.0,2333900.0,0,0,0,0,0,0,0,0,0,0,0,0,208,2026-02-03 06:15:26.403353
SMMR,24.76,24.76,24.78,2312300.0,2214800.0,0,0,0,0,0,0,0,0,0,0,0,0,208,2026-02-03 06:15:26.403353
ATMN,24.5,24.5,24.59,1758200.0,2103100.0,0,0,0,0,0,0,0,0,0,0,0,0,208,2026-02-03 06:15:26.403353
WNTR,24.12,23.99,24.12,2445900.0,2316300.0,0,0,0,0,0,0,0,0,0,0,0,0,208,2026-02-03 06:15:26.403353
SPNG,24.9,25.31,25.32,2361400.0,2285700.0,0,0,0,0,0,0,0,0,0,0,0,0,209,2026-02-03 06:15:27.533272
SMMR,24.8,24.72,24.8,2312000.0,2113000.0,0,0,0,0,0,0,0,0,0,0,0,0,209,2026-02-03 06:15:27.533272
ATMN,24.5,24.57,24.59,2056600.0,2103100.0,0,0,0,0,0,0,0,0,0,0,0,0,209,2026-02-03 06:15:27.533272
WNTR,24.13,23.9,24.07,2430100.0,2310800.0,0,0,0,0,0,0,0,0,0,0,0,0,209,2026-02-03 06:15:27.533272
SPNG,24.87,24.87,25.32,2376300.0,2275500.0,0,0,0,0,0,0,0,0,0,0,0,0,210,2026-02-03 06:15:28.560194
SMMR,24.8,24.72,24.73,2316400.0,2219600.0,0,0,0,0,0,0,0,0,0,0,0,0,210,2026-02-03 06:15:28.560194
ATMN,24.59,24.59,24.9,2116100.0,2064500.0,0,0,0,0,0,0,0,0,0,0,0,0,210,2026-02-03 06:15:28.560194
WNTR,24.13,23.9,24.07,2451300.0,2310800.0,0,0,0,0,0,0,0,0,0,0,0,0,210,2026-02-03 06:15:28.560194
SPNG,25.36,25.22,25.36,2347200.0,2264800.0,0,0,0,0,0,0,0,0,0,0,0,0,211,2026-02-03 06:15:29.588087
SMMR,24.8,24.72,24.73,2340500.0,2219600.0,0,0,0,0,0,0,0,0,0,0,0,0,211,2026-02-03 06:15:29.588087
ATMN,24.94,24.76,24.94,2056000.0,2050000.0,0,0,0,0,0,0,0,0,0,0,0,0,211,2026-02-03 06:15:29.588087
WNTR,24.07,23.9,24.01,2451300.0,2353900.0,0,0,0,0,0,0,0,0,0,0,0,0,211,2026-02-03 06:15:29.588087
SPNG,25.26,25.22,25.26,2347200.0,2259200.0,0,0,0,0,0,0,0,0,0,0,0,0,212,2026-02-03 06:15:30.618223
SMMR,24.87,24.72,24.87,2340500.0,1844900.0,0,0,0,0,0,0,0,0,0,0,0,0,212,2026-02-03 06:15:30.618223
ATMN,24.95,24.76,24.89,2056000.0,2110200.0,0,0,0,0,0,0,0,0,0,0,0,0,212,2026-02-03 06:15:30.618223
WNTR,23.99,23.9,23.99,2437700.0,2384400.0,0,0,0,0,0,0,0,0,0,0,0,0,212,2026-02-03 06:15:30.618223
SPNG,25.26,25.22,25.26,2319500.0,2259200.0,0,0,0,0,0,0,0,0,0,0,0,0,213,2026-02-03 06:15:31.650962
SMMR,24.72,24.76,24.8,2360100.0,1982900.0,0,0,0,0,0,0,0,0,0,0,0,0,213,2026-02-03 06:15:31.650962
ATMN,24.81,24.82,24.89,2085300.0,2110200.0,0,0,0,0,0,0,0,0,0,0,0,0,213,2026-02-03 06:15:31.650962
WNTR,24.01,23.9,24.01,2429500.0,2356400.0,0,0,0,0,0,0,0,0,0,0,0,0,213,2026-02-03 06:15:31.650962
SPNG,25.13,25.13,25.26,2287600.0,2259200.0,0,0,0,0,0,0,0,0,0,0,0,0,214,2026-02-03 06:15:32.704029
SMMR,24.76,24.76,24.8,2360100.0,1982900.0,0,0,0,0,0,0,0,0,0,0,0,0,214,2026-02-03 06:15:32.704029
ATMN,24.89,24.82,24.89,2085300.0,2114400.0,0,0,0,0,0,0,0,0,0,0,0,0,214,2026-02-03 06:15:32.704029
WNTR,24.13,23.9,24.11,2429500.0,2354800.0,0,0,0,0,0,0,0,0,0,0,0,0,214,2026-02-03 06:15:32.704029
SPNG,25.51,25.13,25.51,2287600.0,2300100.0,0,0,0,0,0,0,0,0,0,0,0,0,215,2026-02-03 06:15:33.759415
SMMR,24.8,24.81,24.87,2336500.0,1942200.0,0,0,0,0,0,0,0,0,0,0,0,0,215,2026-02-03 06:15:33.759415
ATMN,24.7,24.59,24.7,2063000.0,2101000.0,0,0,0,0,0,0,0,0,0,0,0,0,215,2026-02-03 06:15:33.759415
WNTR,24.13,23.9,24.13,2415200.0,2331300.0,0,0,0,0,0,0,0,0,0,0,0,0,215,2026-02-03 06:15:33.759415
SPNG,24.98,24.98,25.51,2297200.0,2300100.0,0,0,0,0,0,0,0,0,0,0,0,0,216,2026-02-03 06:15:34.808422
SMMR,24.72,24.72,24.87,2331300.0,2201600.0,0,0,0,0,0,0,0,0,0,0,0,0,216,2026-02-03 06:15:34.808422
ATMN,24.57,24.64,24.98,2053600.0,2107700.0,0,0,0,0,0,0,0,0,0,0,0,0,216,2026-02-03 06:15:34.808422
WNTR,24.13,24.08,24.11,2407800.0,2307400.0,0,0,0,0,0,0,0,0,0,0,0,0,216,2026-02-03 06:15:34.808422
SPNG,24.98,25.09,25.51,2339700.0,2276200.0,0,0,0,0,0,0,0,0,0,0,0,0,217,2026-02-03 06:15:35.841980
SMMR,24.89,24.84,24.89,2306100.0,2087400.0,0,0,0,0,0,0,0,0,0,0,0,0,217,2026-02-03 06:15:35.841980
ATMN,24.46,24.46,24.98,2116600.0,2082800.0,0,0,0,0,0,0,0,0,0,0,0,0,217,2026-02-03 06:15:35.841980
WNTR,24.12,24.12,24.13,2437700.0,2334500.0,0,0,0,0,0,0,0,0,0,0,0,0,217,2026-02-03 06:15:35.841980
SPNG,25.09,25.09,25.51,2339700.0,2269100.0,0,0,0,0,0,0,0,0,0,0,0,0,218,2026-02-03 06:15:36.367819
SMMR,24.89,24.84,24.89,2306100.0,2198800.0,0,0,0,0,0,0,0,0,0,0,0,0,218,2026-02-03 06:15:36.367819
ATMN,24.46,24.9,24.98,2097300.0,2082800.0,0,0,0,0,0,0,0,0,0,0,0,0,218,2026-02-03 06:15:36.367819
WNTR,24.08,24.08,24.13,2405700.0,2334500.0,0,0,0,0,0,0,0,0,0,0,0,0,218,2026-02-03 06:15:36.367819
SPNG,24.87,25.19,25.51,2342800.0,2263200.0,0,0,0,0,0,0,0,0,0,0,0,0,219,2026-02-03 06:15:37.392009
SMMR,24.89,24.84,24.89,2326900.0,2234200.0,0,0,0,0,0,0,0,0,0,0,0,0,219,2026-02-03 06:15:37.392009
ATMN,24.64,24.64,24.68,2101600.0,2055700.0,0,0,0,0,0,0,0,0,0,0,0,0,219,2026-02-03 06:15:37.392009
WNTR,24.13,24.08,24.12,2385400.0,2342300.0,0,0,0,0,0,0,0,0,0,0,0,0,219,2026-02-03 06:15:37.392009
SPNG,25.19,24.87,24.98,2352900.0,2260000.0,0,0,0,0,0,0,0,0,0,0,0,0,220,2026-02-03 06:15:38.418771
SMMR,24.9,24.84,24.87,2339700.0,2220200.0,0,0,0,0,0,0,0,0,0,0,0,0,220,2026-02-03 06:15:38.418771
ATMN,24.98,24.93,24.98,2095400.0,2052000.0,0,0,0,0,0,0,0,0,0,0,0,0,220,2026-02-03 06:15:38.418771
WNTR,24.07,24.07,24.12,2376900.0,2342300.0,0,0,0,0,0,0,0,0,0,0,0,0,220,2026-02-03 06:15:38.418771
SPNG,25.52,25.13,25.52,2380000.0,2263000.0,0,0,0,0,0,0,0,0,0,0,0,0,221,2026-02-03 06:15:39.450773
SMMR,24.9,24.86,24.9,2323700.0,2198300.0,0,0,0,0,0,0,0,0,0,0,0,0,221,2026-02-03 06:15:39.450773
ATMN,24.93,24.64,24.7,2101600.0,2077300.0,0,0,0,0,0,0,0,0,0,0,0,0,221,2026-02-03 06:15:39.450773
WNTR,24.07,24.09,24.1,2370800.0,2341900.0,0,0,0,0,0,0,0,0,0,0,0,0,221,2026-02-03 06:15:39.450773
SPNG,25.24,25.13,25.16,2380000.0,2259100.0,0,0,0,0,0,0,0,0,0,0,0,0,222,2026-02-03 06:15:40.476487
SMMR,24.86,24.86,24.9,2329900.0,2175300.0,0,0,0,0,0,0,0,0,0,0,0,0,222,2026-02-03 06:15:40.476487
ATMN,24.7,24.89,24.92,2082300.0,2064300.0,0,0,0,0,0,0,0,0,0,0,0,0,222,2026-02-03 06:15:40.476487
WNTR,24.12,24.05,24.12,2363400.0,2342300.0,0,0,0,0,0,0,0,0,0,0,0,0,222,2026-02-03 06:15:40.476487
SPNG,25.54,25.13,25.54,2377900.0,2253400.0,0,0,0,0,0,0,0,0,0,0,0,0,223,2026-02-03 06:15:41.504576
SMMR,24.84,24.84,24.9,2330100.0,2213300.0,0,0,0,0,0,0,0,0,0,0,0,0,223,2026-02-03 06:15:41.504576
ATMN,24.64,24.56,24.63,2112200.0,2088400.0,0,0,0,0,0,0,0,0,0,0,0,0,223,2026-02-03 06:15:41.504576
WNTR,24.17,24.09,24.17,2408100.0,2301000.0,0,0,0,0,0,0,0,0,0,0,0,0,223,2026-02-03 06:15:41.504576
SPNG,25.13,25.13,25.54,2365600.0,2254000.0,0,0,0,0,0,0,0,0,0,0,0,0,224,2026-02-03 06:15:42.540480
SMMR,24.82,24.82,24.9,2350200.0,2186500.0,0,0,0,0,0,0,0,0,0,0,0,0,224,2026-02-03 06:15:42.540480
ATMN,24.99,24.62,24.99,2129800.0,2045400.0,0,0,0,0,0,0,0,0,0,0,0,0,224,2026-02-03 06:15:42.540480
WNTR,24.09,24.09,24.18,2408100.0,2329500.0,0,0,0,0,0,0,0,0,0,0,0,0,224,2026-02-03 06:15:42.540480
SPNG,25.66,25.21,25.66,2339100.0,2231500.0,0,0,0,0,0,0,0,0,0,0,0,0,225,2026-02-03 06:15:43.572267
SMMR,24.8,24.85,24.88,2335400.0,2203400.0,0,0,0,0,0,0,0,0,0,0,0,0,225,2026-02-03 06:15:43.572267
ATMN,24.99,24.68,24.99,2154800.0,2059800.0,0,0,0,0,0,0,0,0,0,0,0,0,225,2026-02-03 06:15:43.572267
WNTR,24.05,24.16,24.18,2408300.0,2324700.0,0,0,0,0,0,0,0,0,0,0,0,0,225,2026-02-03 06:15:43.572267
SPNG,25.19,25.19,25.66,2341700.0,2231500.0,0,0,0,0,0,0,0,0,0,0,0,0,226,2026-02-03 06:15:44.600995
SMMR,24.9,24.8,24.9,2365400.0,2186500.0,0,0,0,0,0,0,0,0,0,0,0,0,226,2026-02-03 06:15:44.600995
ATMN,25.0,24.68,25.0,2154800.0,2058800.0,0,0,0,0,0,0,0,0,0,0,0,0,226,2026-02-03 06:15:44.600995
WNTR,24.18,24.16,24.18,2408300.0,2342500.0,0,0,0,0,0,0,0,0,0,0,0,0,226,2026-02-03 06:15:44.600995
SPNG,25.19,25.19,25.6,2341700.0,2239400.0,0,0,0,0,0,0,0,0,0,0,0,0,227,2026-02-03 06:15:45.627794
SMMR,24.91,24.8,24.91,2398700.0,2146800.0,0,0,0,0,0,0,0,0,0,0,0,0,227,2026-02-03 06:15:45.627794
ATMN,24.88,24.83,24.88,2161700.0,2077100.0,0,0,0,0,0,0,0,0,0,0,0,0,227,2026-02-03 06:15:45.627794
WNTR,24.05,24.05,24.19,2415300.0,2335500.0,0,0,0,0,0,0,0,0,0,0,0,0,227,2026-02-03 06:15:45.627794
SPNG,24.96,25.38,25.6,2347500.0,2239400.0,0,0,0,0,0,0,0,0,0,0,0,0,228,2026-02-03 06:15:46.657834
SMMR,24.8,24.83,24.91,2407800.0,2171200.0,0,0,0,0,0,0,0,0,0,0,0,0,228,2026-02-03 06:15:46.657834
ATMN,24.68,24.85,24.88,2160600.0,2077100.0,0,0,0,0,0,0,0,0,0,0,0,0,228,2026-02-03 06:15:46.657834
WNTR,24.02,24.02,24.19,2403900.0,2334300.0,0,0,0,0,0,0,0,0,0,0,0,0,228,2026-02-03 06:15:46.657834
SPNG,24.94,24.94,25.49,2364200.0,2219000.0,0,0,0,0,0,0,0,0,0,0,0,0,229,2026-02-03 06:15:47.690392
SMMR,24.91,24.83,24.88,2396200.0,2132300.0,0,0,0,0,0,0,0,0,0,0,0,0,229,2026-02-03 06:15:47.690392
ATMN,24.62,24.62,24.88,2129800.0,2083300.0,0,0,0,0,0,0,0,0,0,0,0,0,229,2026-02-03 06:15:47.690392
WNTR,24.02,24.02,24.19,2403900.0,2334300.0,0,0,0,0,0,0,0,0,0,0,0,0,229,2026-02-03 06:15:47.690392
SPNG,25.49,25.59,25.6,2316000.0,2254700.0,0,0,0,0,0,0,0,0,0,0,0,0,230,2026-02-03 06:15:48.721944
SMMR,24.88,24.83,24.88,2385700.0,2132300.0,0,0,0,0,0,0,0,0,0,0,0,0,230,2026-02-03 06:15:48.721944
ATMN,24.56,24.56,24.88,2122400.0,2083300.0,0,0,0,0,0,0,0,0,0,0,0,0,230,2026-02-03 06:15:48.721944
WNTR,24.19,24.21,24.24,2445600.0,2335900.0,0,0,0,0,0,0,0,0,0,0,0,0,230,2026-02-03 06:15:48.721944
SPNG,25.6,25.05,25.6,2335600.0,2264000.0,0,0,0,0,0,0,0,0,0,0,0,0,231,2026-02-03 06:15:49.755889
SMMR,24.83,24.83,24.94,2385700.0,2173500.0,0,0,0,0,0,0,0,0,0,0,0,0,231,2026-02-03 06:15:49.755889
ATMN,24.81,24.6,24.62,2128600.0,2118600.0,0,0,0,0,0,0,0,0,0,0,0,0,231,2026-02-03 06:15:49.755889
WNTR,24.25,24.03,24.25,2433700.0,2353100.0,0,0,0,0,0,0,0,0,0,0,0,0,231,2026-02-03 06:15:49.755889
SPNG,25.19,25.46,25.6,2330400.0,2264000.0,0,0,0,0,0,0,0,0,0,0,0,0,232,2026-02-03 06:15:50.801326
SMMR,24.83,24.83,24.94,2385700.0,2156000.0,0,0,0,0,0,0,0,0,0,0,0,0,232,2026-02-03 06:15:50.801326
ATMN,24.62,24.75,24.87,2183200.0,2086800.0,0,0,0,0,0,0,0,0,0,0,0,0,232,2026-02-03 06:15:50.801326
WNTR,24.25,24.06,24.13,2432700.0,2358400.0,0,0,0,0,0,0,0,0,0,0,0,0,232,2026-02-03 06:15:50.801326
SPNG,25.46,25.05,25.2,2330700.0,2278200.0,0,0,0,0,0,0,0,0,0,0,0,0,233,2026-02-03 06:15:51.841622
SMMR,24.89,24.93,24.94,2416100.0,2156000.0,0,0,0,0,0,0,0,0,0,0,0,0,233,2026-02-03 06:15:51.841622
ATMN,24.62,24.79,24.8,2156500.0,2111900.0,0,0,0,0,0,0,0,0,0,0,0,0,233,2026-02-03 06:15:51.841622
WNTR,23.96,23.96,24.13,2385000.0,2387500.0,0,0,0,0,0,0,0,0,0,0,0,0,233,2026-02-03 06:15:51.841622
SPNG,25.2,25.25,25.53,2337600.0,2274400.0,0,0,0,0,0,0,0,0,0,0,0,0,234,2026-02-03 06:15:52.876261
SMMR,24.95,24.93,24.95,2416100.0,2180200.0,0,0,0,0,0,0,0,0,0,0,0,0,234,2026-02-03 06:15:52.876261
ATMN,24.7,24.7,24.76,2161100.0,2093100.0,0,0,0,0,0,0,0,0,0,0,0,0,234,2026-02-03 06:15:52.876261
WNTR,23.96,23.96,24.13,2372800.0,2387500.0,0,0,0,0,0,0,0,0,0,0,0,0,234,2026-02-03 06:15:52.876261
SPNG,25.25,25.05,25.18,2343200.0,2303000.0,0,0,0,0,0,0,0,0,0,0,0,0,235,2026-02-03 06:15:53.913852
SMMR,24.81,24.9,24.95,2415900.0,2150800.0,0,0,0,0,0,0,0,0,0,0,0,0,235,2026-02-03 06:15:53.913852
ATMN,24.62,24.62,24.8,2159200.0,2119000.0,0,0,0,0,0,0,0,0,0,0,0,0,235,2026-02-03 06:15:53.913852
WNTR,23.96,23.96,23.98,2373000.0,2401500.0,0,0,0,0,0,0,0,0,0,0,0,0,235,2026-02-03 06:15:53.913852
SPNG,25.53,25.05,25.53,2343200.0,2274400.0,0,0,0,0,0,0,0,0,0,0,0,0,236,2026-02-03 06:15:54.941045
SMMR,24.81,24.9,24.95,2415900.0,2215400.0,0,0,0,0,0,0,0,0,0,0,0,0,236,2026-02-03 06:15:54.941045
ATMN,24.87,24.62,24.87,2159200.0,2115700.0,0,0,0,0,0,0,0,0,0,0,0,0,236,2026-02-03 06:15:54.941045
WNTR,23.98,24.16,24.17,2421500.0,2385800.0,0,0,0,0,0,0,0,0,0,0,0,0,236,2026-02-03 06:15:54.941045
SPNG,25.6,25.05,25.38,2343200.0,2288500.0,0,0,0,0,0,0,0,0,0,0,0,0,237,2026-02-03 06:15:55.467471
SMMR,24.9,24.9,24.95,2415900.0,2215400.0,0,0,0,0,0,0,0,0,0,0,0,0,237,2026-02-03 06:15:55.467471
ATMN,24.62,24.6,24.62,2159400.0,2105200.0,0,0,0,0,0,0,0,0,0,0,0,0,237,2026-02-03 06:15:55.467471
WNTR,23.98,24.16,24.17,2387600.0,2363700.0,0,0,0,0,0,0,0,0,0,0,0,0,237,2026-02-03 06:15:55.467471
SPNG,25.38,25.52,25.6,2320800.0,2279300.0,0,0,0,0,0,0,0,0,0,0,0,0,238,2026-02-03 06:15:56.493011
SMMR,24.95,24.9,24.94,2409400.0,2217300.0,0,0,0,0,0,0,0,0,0,0,0,0,238,2026-02-03 06:15:56.493011
ATMN,24.62,24.8,24.87,2166700.0,2115700.0,0,0,0,0,0,0,0,0,0,0,0,0,238,2026-02-03 06:15:56.493011
WNTR,24.1,24.06,24.1,2391000.0,2401400.0,0,0,0,0,0,0,0,0,0,0,0,0,238,2026-02-03 06:15:56.493011
SPNG,25.05,24.94,25.01,2362100.0,2318200.0,0,0,0,0,0,0,0,0,0,0,0,0,239,2026-02-03 06:15:57.519810
SMMR,24.97,24.9,24.97,2409400.0,2218700.0,0,0,0,0,0,0,0,0,0,0,0,0,239,2026-02-03 06:15:57.519810
ATMN,24.52,24.8,24.87,2132200.0,2115700.0,0,0,0,0,0,0,0,0,0,0,0,0,239,2026-02-03 06:15:57.519810
WNTR,24.17,24.06,24.17,2385700.0,2363700.0,0,0,0,0,0,0,0,0,0,0,0,0,239,2026-02-03 06:15:57.519810
SPNG,25.04,25.25,0.0,200000.0,0,0,0,0,0,0,0,0,0,0,0,0,0,240,2026-02-03 06:15:58.556653
SMMR,24.97,25.25,0.0,200000.0,0,0,0,0,0,0,0,0,0,0,0,0,0,240,2026-02-03 06:15:58.556653
ATMN,24.8,26.63,0.0,200000.0,0,0,0,0,0,0,0,0,0,0,0,0,0,240,2026-02-03 06:15:58.556653
WNTR,24.25,23.15,0.0,200000.0,0,0,0,0,0,0,0,0,0,0,0,0,0,240,2026-02-03 06:15:58.556653
SPNG,25.25,25.25,25.46,1032500.0,795300.0,0,0,0,0,0,0,0,0,0,0,0,0,241,2026-02-03 06:15:59.587198
SMMR,25.25,25.25,25.34,883800.0,1028100.0,0,0,0,0,0,0,0,0,0,0,0,0,241,2026-02-03 06:15:59.587198
ATMN,26.63,25.93,26.37,1094600.0,747500.0,0,0,0,0,0,0,0,0,0,0,0,0,241,2026-02-03 06:15:59.587198
WNTR,24.25,23.16,23.26,1183400.0,1218000.0,0,0,0,0,0,0,0,0,0,0,0,0,241,2026-02-03 06:15:59.587198
SPNG,25.22,25.22,25.46,1085700.0,984700.0,0,0,0,0,0,0,0,0,0,0,0,0,242,2026-02-03 06:16:00.624704
SMMR,25.17,25.24,25.34,1117300.0,1126700.0,0,0,0,0,0,0,0,0,0,0,0,0,242,2026-02-03 06:16:00.624704
ATMN,26.37,26.2,26.37,1414100.0,747500.0,0,0,0,0,0,0,0,0,0,0,0,0,242,2026-02-03 06:16:00.624704
WNTR,24.25,23.16,23.17,1183400.0,1586600.0,0,0,0,0,0,0,0,0,0,0,0,0,242,2026-02-03 06:16:00.624704
SPNG,25.02,25.14,25.46,1201400.0,1102800.0,0,0,0,0,0,0,0,0,0,0,0,0,243,2026-02-03 06:16:01.657846
SMMR,25.24,25.24,25.26,1139700.0,1225400.0,0,0,0,0,0,0,0,0,0,0,0,0,243,2026-02-03 06:16:01.657846
ATMN,26.37,26.44,26.62,1698100.0,722900.0,0,0,0,0,0,0,0,0,0,0,0,0,243,2026-02-03 06:16:01.657846
WNTR,23.15,23.15,23.17,1197400.0,1715000.0,0,0,0,0,0,0,0,0,0,0,0,0,243,2026-02-03 06:16:01.657846
SPNG,25.02,25.02,25.57,1095900.0,1133000.0,0,0,0,0,0,0,0,0,0,0,0,0,244,2026-02-03 06:16:02.687871
SMMR,25.26,25.24,25.26,1409100.0,1225400.0,0,0,0,0,0,0,0,0,0,0,0,0,244,2026-02-03 06:16:02.687871
ATMN,26.35,26.35,26.73,1772100.0,703100.0,0,0,0,0,0,0,0,0,0,0,0,0,244,2026-02-03 06:16:02.687871
WNTR,23.15,23.15,23.17,1207500.0,1842300.0,0,0,0,0,0,0,0,0,0,0,0,0,244,2026-02-03 06:16:02.687871
SPNG,24.51,25.02,25.57,1193100.0,1309200.0,0,0,0,0,0,0,0,0,0,0,0,0,245,2026-02-03 06:16:03.719542
SMMR,25.09,24.85,24.95,1030900.0,1481700.0,0,0,0,0,0,0,0,0,0,0,0,0,245,2026-02-03 06:16:03.719542
ATMN,27.62,26.35,26.93,1887600.0,877300.0,0,0,0,0,0,0,0,0,0,0,0,0,245,2026-02-03 06:16:03.719542
WNTR,23.15,23.15,23.17,1107500.0,2191000.0,0,0,0,0,0,0,0,0,0,0,0,0,245,2026-02-03 06:16:03.719542
SPNG,25.02,24.94,25.01,1337400.0,1423400.0,0,0,0,0,0,0,0,0,0,0,0,0,246,2026-02-03 06:16:04.746029
SMMR,24.95,25.12,25.19,1386300.0,1342800.0,0,0,0,0,0,0,0,0,0,0,0,0,246,2026-02-03 06:16:04.746029
ATMN,27.09,26.35,26.97,1887600.0,989800.0,0,0,0,0,0,0,0,0,0,0,0,0,246,2026-02-03 06:16:04.746029
WNTR,23.15,22.82,23.09,1092900.0,2405900.0,0,0,0,0,0,0,0,0,0,0,0,0,246,2026-02-03 06:16:04.746029
SPNG,24.94,24.94,25.36,1337400.0,1409900.0,0,0,0,0,0,0,0,0,0,0,0,0,247,2026-02-03 06:16:05.772493
SMMR,25.3,25.22,25.23,1511200.0,1256600.0,0,0,0,0,0,0,0,0,0,0,0,0,247,2026-02-03 06:16:05.772493
ATMN,26.56,26.57,26.97,2116600.0,989800.0,0,0,0,0,0,0,0,0,0,0,0,0,247,2026-02-03 06:16:05.772493
WNTR,23.18,22.89,23.18,1199600.0,2301900.0,0,0,0,0,0,0,0,0,0,0,0,0,247,2026-02-03 06:16:05.772493
SPNG,25.57,25.65,25.66,1454200.0,1371300.0,0,0,0,0,0,0,0,0,0,0,0,0,248,2026-02-03 06:16:06.799652
SMMR,25.31,25.22,25.31,1631300.0,1344900.0,0,0,0,0,0,0,0,0,0,0,0,0,248,2026-02-03 06:16:06.799652
ATMN,26.42,26.42,26.55,2101500.0,1202100.0,0,0,0,0,0,0,0,0,0,0,0,0,248,2026-02-03 06:16:06.799652
WNTR,23.18,22.91,23.0,1323700.0,2419100.0,0,0,0,0,0,0,0,0,0,0,0,0,248,2026-02-03 06:16:06.799652
SPNG,24.81,24.51,24.65,1094800.0,1633600.0,0,0,0,0,0,0,0,0,0,0,0,0,249,2026-02-03 06:16:07.844059
SMMR,25.22,25.22,25.31,1631300.0,1584300.0,0,0,0,0,0,0,0,0,0,0,0,0,249,2026-02-03 06:16:07.844059
ATMN,26.42,26.42,26.55,2084700.0,1202100.0,0,0,0,0,0,0,0,0,0,0,0,0,249,2026-02-03 06:16:07.844059
WNTR,22.99,22.99,23.0,1463200.0,2469600.0,0,0,0,0,0,0,0,0,0,0,0,0,249,2026-02-03 06:16:07.844059
SPNG,24.51,25.65,25.66,1308500.0,1496400.0,0,0,0,0,0,0,0,0,0,0,0,0,250,2026-02-03 06:16:08.901772
SMMR,25.2,25.2,25.29,1506400.0,1816100.0,0,0,0,0,0,0,0,0,0,0,0,0,250,2026-02-03 06:16:08.901772
ATMN,26.42,26.42,26.55,1995200.0,1202100.0,0,0,0,0,0,0,0,0,0,0,0,0,250,2026-02-03 06:16:08.901772
WNTR,23.0,22.99,23.0,1569700.0,2484100.0,0,0,0,0,0,0,0,0,0,0,0,0,250,2026-02-03 06:16:08.901772
SPNG,25.65,24.65,25.48,1345400.0,1698900.0,0,0,0,0,0,0,0,0,0,0,0,0,251,2026-02-03 06:16:09.953632
SMMR,25.31,25.16,25.31,1373100.0,1704400.0,0,0,0,0,0,0,0,0,0,0,0,0,251,2026-02-03 06:16:09.953632
ATMN,26.28,26.28,26.74,2023100.0,1101700.0,0,0,0,0,0,0,0,0,0,0,0,0,251,2026-02-03 06:16:09.953632
WNTR,23.04,22.99,23.0,1569700.0,2437100.0,0,0,0,0,0,0,0,0,0,0,0,0,251,2026-02-03 06:16:09.953632
SPNG,24.74,24.8,25.66,1481400.0,1690800.0,0,0,0,0,0,0,0,0,0,0,0,0,252,2026-02-03 06:16:11.030255
SMMR,25.22,24.92,25.22,1278800.0,1948400.0,0,0,0,0,0,0,0,0,0,0,0,0,252,2026-02-03 06:16:11.030255
ATMN,26.28,26.47,26.5,1982000.0,1299800.0,0,0,0,0,0,0,0,0,0,0,0,0,252,2026-02-03 06:16:11.030255
WNTR,23.02,22.99,23.02,1812500.0,2458800.0,0,0,0,0,0,0,0,0,0,0,0,0,252,2026-02-03 06:16:11.030255
SPNG,24.74,25.44,25.46,1578500.0,1817700.0,0,0,0,0,0,0,0,0,0,0,0,0,253,2026-02-03 06:16:11.565038
SMMR,25.22,25.22,25.31,1539500.0,1817100.0,0,0,0,0,0,0,0,0,0,0,0,0,253,2026-02-03 06:16:11.565038
ATMN,26.74,26.47,26.74,1982000.0,1101700.0,0,0,0,0,0,0,0,0,0,0,0,0,253,2026-02-03 06:16:11.565038
WNTR,22.89,22.89,23.02,1447900.0,2458800.0,0,0,0,0,0,0,0,0,0,0,0,0,253,2026-02-03 06:16:11.565038
SPNG,24.8,24.8,25.46,1481400.0,2028900.0,0,0,0,0,0,0,0,0,0,0,0,0,254,2026-02-03 06:16:12.594554
SMMR,25.22,25.22,25.3,1539500.0,2155600.0,0,0,0,0,0,0,0,0,0,0,0,0,254,2026-02-03 06:16:12.594554
ATMN,26.74,26.47,26.74,1983800.0,1101700.0,0,0,0,0,0,0,0,0,0,0,0,0,254,2026-02-03 06:16:12.594554
WNTR,22.89,23.01,23.02,1707400.0,2462000.0,0,0,0,0,0,0,0,0,0,0,0,0,254,2026-02-03 06:16:12.594554
SPNG,25.66,24.8,25.03,1610600.0,2021000.0,0,0,0,0,0,0,0,0,0,0,0,0,255,2026-02-03 06:16:13.621095
SMMR,25.1,25.1,25.19,1411400.0,2289900.0,0,0,0,0,0,0,0,0,0,0,0,0,255,2026-02-03 06:16:13.621095
ATMN,26.7,26.7,26.74,1952500.0,1101700.0,0,0,0,0,0,0,0,0,0,0,0,0,255,2026-02-03 06:16:13.621095
WNTR,22.89,22.89,23.02,1592000.0,2487200.0,0,0,0,0,0,0,0,0,0,0,0,0,255,2026-02-03 06:16:13.621095
SPNG,25.03,25.17,25.38,1745400.0,2024000.0,0,0,0,0,0,0,0,0,0,0,0,0,256,2026-02-03 06:16:14.649133
SMMR,25.19,25.1,25.19,1535200.0,2296300.0,0,0,0,0,0,0,0,0,0,0,0,0,256,2026-02-03 06:16:14.649133
ATMN,26.67,26.43,26.67,1986300.0,1310400.0,0,0,0,0,0,0,0,0,0,0,0,0,256,2026-02-03 06:16:14.649133
WNTR,23.04,22.97,23.04,1699400.0,2472600.0,0,0,0,0,0,0,0,0,0,0,0,0,256,2026-02-03 06:16:14.649133
SPNG,24.8,24.8,25.38,1725100.0,2024000.0,0,0,0,0,0,0,0,0,0,0,0,0,257,2026-02-03 06:16:15.678494
SMMR,25.2,25.05,25.2,1535100.0,2268100.0,0,0,0,0,0,0,0,0,0,0,0,0,257,2026-02-03 06:16:15.678494
ATMN,26.5,26.43,26.5,1986300.0,1322200.0,0,0,0,0,0,0,0,0,0,0,0,0,257,2026-02-03 06:16:15.678494
WNTR,23.06,22.89,22.94,1592000.0,2430700.0,0,0,0,0,0,0,0,0,0,0,0,0,257,2026-02-03 06:16:15.678494
SPNG,24.8,25.09,25.38,1944600.0,2074400.0,0,0,0,0,0,0,0,0,0,0,0,0,258,2026-02-03 06:16:16.706683
SMMR,25.11,25.27,25.3,1658900.0,2295700.0,0,0,0,0,0,0,0,0,0,0,0,0,258,2026-02-03 06:16:16.706683
ATMN,26.74,26.85,26.97,1978400.0,1185000.0,0,0,0,0,0,0,0,0,0,0,0,0,258,2026-02-03 06:16:16.706683
WNTR,22.92,22.89,22.92,1715300.0,2455400.0,0,0,0,0,0,0,0,0,0,0,0,0,258,2026-02-03 06:16:16.706683
SPNG,24.8,25.19,25.38,2146400.0,2129500.0,0,0,0,0,0,0,0,0,0,0,0,0,259,2026-02-03 06:16:17.730848
SMMR,25.3,25.13,25.3,1638700.0,2295700.0,0,0,0,0,0,0,0,0,0,0,0,0,259,2026-02-03 06:16:17.730848
ATMN,26.48,26.48,26.75,1991800.0,1294200.0,0,0,0,0,0,0,0,0,0,0,0,0,259,2026-02-03 06:16:17.730848
WNTR,22.94,22.89,22.94,1820700.0,2436800.0,0,0,0,0,0,0,0,0,0,0,0,0,259,2026-02-03 06:16:17.730848
SPNG,25.34,25.34,25.38,2261800.0,2130900.0,0,0,0,0,0,0,0,0,0,0,0,0,260,2026-02-03 06:16:18.756452
SMMR,25.34,25.25,25.33,1750500.0,2269400.0,0,0,0,0,0,0,0,0,0,0,0,0,260,2026-02-03 06:16:18.756452
ATMN,26.71,26.73,26.97,1977300.0,1185000.0,0,0,0,0,0,0,0,0,0,0,0,0,260,2026-02-03 06:16:18.756452
WNTR,23.06,22.89,23.01,1820700.0,2427300.0,0,0,0,0,0,0,0,0,0,0,0,0,260,2026-02-03 06:16:18.756452
SPNG,25.09,25.09,25.38,2049600.0,2116100.0,0,0,0,0,0,0,0,0,0,0,0,0,261,2026-02-03 06:16:19.788318
SMMR,25.24,25.25,25.33,1629900.0,2269400.0,0,0,0,0,0,0,0,0,0,0,0,0,261,2026-02-03 06:16:19.788318
ATMN,26.73,26.64,26.71,1981700.0,1500700.0,0,0,0,0,0,0,0,0,0,0,0,0,261,2026-02-03 06:16:19.788318
WNTR,23.01,22.89,23.01,1970100.0,2427300.0,0,0,0,0,0,0,0,0,0,0,0,0,261,2026-02-03 06:16:19.788318
SPNG,25.36,25.08,25.36,1923800.0,2141800.0,0,0,0,0,0,0,0,0,0,0,0,0,262,2026-02-03 06:16:20.814969
SMMR,25.24,25.25,25.33,1748300.0,2285300.0,0,0,0,0,0,0,0,0,0,0,0,0,262,2026-02-03 06:16:20.814969
ATMN,26.64,26.64,26.96,1981700.0,1492800.0,0,0,0,0,0,0,0,0,0,0,0,0,262,2026-02-03 06:16:20.814969
WNTR,22.82,22.82,23.01,1756900.0,2416300.0,0,0,0,0,0,0,0,0,0,0,0,0,262,2026-02-03 06:16:20.814969
SPNG,25.36,25.28,25.36,2047700.0,2119300.0,0,0,0,0,0,0,0,0,0,0,0,0,263,2026-02-03 06:16:21.839647
SMMR,25.2,25.2,25.27,1653500.0,2282100.0,0,0,0,0,0,0,0,0,0,0,0,0,263,2026-02-03 06:16:21.839647
ATMN,26.64,26.64,26.69,1981700.0,1922100.0,0,0,0,0,0,0,0,0,0,0,0,0,263,2026-02-03 06:16:21.839647
WNTR,22.79,22.79,23.01,1746500.0,2416300.0,0,0,0,0,0,0,0,0,0,0,0,0,263,2026-02-03 06:16:21.839647
SPNG,24.91,24.91,25.37,1830100.0,2135900.0,0,0,0,0,0,0,0,0,0,0,0,0,264,2026-02-03 06:16:22.864810
SMMR,25.2,25.22,25.27,1878700.0,2273200.0,0,0,0,0,0,0,0,0,0,0,0,0,264,2026-02-03 06:16:22.864810
ATMN,26.64,26.64,26.69,1981700.0,1930200.0,0,0,0,0,0,0,0,0,0,0,0,0,264,2026-02-03 06:16:22.864810
WNTR,22.97,22.79,22.92,1746500.0,2441200.0,0,0,0,0,0,0,0,0,0,0,0,0,264,2026-02-03 06:16:22.864810
SPNG,25.23,25.23,25.58,1924900.0,2116400.0,0,0,0,0,0,0,0,0,0,0,0,0,265,2026-02-03 06:16:23.891438
SMMR,25.2,25.22,25.27,1878700.0,2262200.0,0,0,0,0,0,0,0,0,0,0,0,0,265,2026-02-03 06:16:23.891438
ATMN,26.81,26.64,26.66,1981700.0,1966700.0,0,0,0,0,0,0,0,0,0,0,0,0,265,2026-02-03 06:16:23.891438
WNTR,23.0,22.92,23.0,1847700.0,2415500.0,0,0,0,0,0,0,0,0,0,0,0,0,265,2026-02-03 06:16:23.891438
SPNG,24.87,25.14,25.58,1836200.0,2093400.0,0,0,0,0,0,0,0,0,0,0,0,0,266,2026-02-03 06:16:24.937460
SMMR,25.2,25.2,25.25,1751400.0,2294100.0,0,0,0,0,0,0,0,0,0,0,0,0,266,2026-02-03 06:16:24.937460
ATMN,26.81,26.64,26.66,1981700.0,1960300.0,0,0,0,0,0,0,0,0,0,0,0,0,266,2026-02-03 06:16:24.937460
WNTR,23.0,23.05,23.07,2005300.0,2430300.0,0,0,0,0,0,0,0,0,0,0,0,0,266,2026-02-03 06:16:24.937460
SPNG,25.48,25.14,25.48,1966900.0,2119200.0,0,0,0,0,0,0,0,0,0,0,0,0,267,2026-02-03 06:16:25.999758
SMMR,25.06,25.08,25.15,1803800.0,2270100.0,0,0,0,0,0,0,0,0,0,0,0,0,267,2026-02-03 06:16:25.999758
ATMN,26.81,26.65,26.66,2003200.0,1987700.0,0,0,0,0,0,0,0,0,0,0,0,0,267,2026-02-03 06:16:25.999758
WNTR,23.05,22.97,23.0,2013100.0,2392800.0,0,0,0,0,0,0,0,0,0,0,0,0,267,2026-02-03 06:16:25.999758
SPNG,25.51,25.14,25.51,2103700.0,2109600.0,0,0,0,0,0,0,0,0,0,0,0,0,268,2026-02-03 06:16:27.045053
SMMR,25.15,25.15,25.17,1930100.0,2272300.0,0,0,0,0,0,0,0,0,0,0,0,0,268,2026-02-03 06:16:27.045053
ATMN,26.66,26.65,26.66,2015900.0,1987700.0,0,0,0,0,0,0,0,0,0,0,0,0,268,2026-02-03 06:16:27.045053
WNTR,22.97,22.97,23.0,2126500.0,2398300.0,0,0,0,0,0,0,0,0,0,0,0,0,268,2026-02-03 06:16:27.045053
SPNG,25.51,25.14,25.48,2330400.0,2144500.0,0,0,0,0,0,0,0,0,0,0,0,0,269,2026-02-03 06:16:28.079383
SMMR,25.05,25.05,25.06,1668300.0,2279400.0,0,0,0,0,0,0,0,0,0,0,0,0,269,2026-02-03 06:16:28.079383
ATMN,26.71,26.65,26.71,2051700.0,1970400.0,0,0,0,0,0,0,0,0,0,0,0,0,269,2026-02-03 06:16:28.079383
WNTR,23.0,22.98,23.0,2272400.0,2424500.0,0,0,0,0,0,0,0,0,0,0,0,0,269,2026-02-03 06:16:28.079383
SPNG,25.51,25.43,25.48,2562300.0,2144500.0,0,0,0,0,0,0,0,0,0,0,0,0,270,2026-02-03 06:16:29.111061
SMMR,25.01,25.01,25.06,1660600.0,2302300.0,0,0,0,0,0,0,0,0,0,0,0,0,270,2026-02-03 06:16:29.111061
ATMN,26.88,26.65,26.88,2051700.0,1958600.0,0,0,0,0,0,0,0,0,0,0,0,0,270,2026-02-03 06:16:29.111061
WNTR,23.1,22.98,23.1,2388700.0,2427000.0,0,0,0,0,0,0,0,0,0,0,0,0,270,2026-02-03 06:16:29.111061
SPNG,25.51,25.43,25.48,2562300.0,2172500.0,0,0,0,0,0,0,0,0,0,0,0,0,271,2026-02-03 06:16:29.648317
SMMR,25.06,25.0,25.06,1527400.0,2302300.0,0,0,0,0,0,0,0,0,0,0,0,0,271,2026-02-03 06:16:29.648317
ATMN,26.88,26.65,26.88,2051700.0,1987500.0,0,0,0,0,0,0,0,0,0,0,0,0,271,2026-02-03 06:16:29.648317
WNTR,22.9,22.9,23.05,2116300.0,2426400.0,0,0,0,0,0,0,0,0,0,0,0,0,271,2026-02-03 06:16:29.648317
SPNG,25.43,25.14,25.23,2428900.0,2153500.0,0,0,0,0,0,0,0,0,0,0,0,0,272,2026-02-03 06:16:30.687103
SMMR,24.92,24.92,25.06,1522200.0,2299200.0,0,0,0,0,0,0,0,0,0,0,0,0,272,2026-02-03 06:16:30.687103
ATMN,26.94,26.64,26.94,2031800.0,1983000.0,0,0,0,0,0,0,0,0,0,0,0,0,272,2026-02-03 06:16:30.687103
WNTR,22.86,22.86,23.05,1960000.0,2386600.0,0,0,0,0,0,0,0,0,0,0,0,0,272,2026-02-03 06:16:30.687103
SPNG,25.23,25.41,25.48,2516100.0,2173200.0,0,0,0,0,0,0,0,0,0,0,0,0,273,2026-02-03 06:16:31.714717
SMMR,24.92,25.03,25.06,1894600.0,2299200.0,0,0,0,0,0,0,0,0,0,0,0,0,273,2026-02-03 06:16:31.714717
ATMN,26.96,26.64,26.74,2032600.0,1984400.0,0,0,0,0,0,0,0,0,0,0,0,0,273,2026-02-03 06:16:31.714717
WNTR,22.86,22.86,22.95,2215600.0,2377700.0,0,0,0,0,0,0,0,0,0,0,0,0,273,2026-02-03 06:16:31.714717
SPNG,25.48,25.41,25.48,2516100.0,2222700.0,0,0,0,0,0,0,0,0,0,0,0,0,274,2026-02-03 06:16:32.747202
SMMR,24.92,25.03,25.06,2120000.0,2345000.0,0,0,0,0,0,0,0,0,0,0,0,0,274,2026-02-03 06:16:32.747202
ATMN,26.64,26.64,26.74,2027400.0,1985200.0,0,0,0,0,0,0,0,0,0,0,0,0,274,2026-02-03 06:16:32.747202
WNTR,22.8,22.8,22.95,2350400.0,2377700.0,0,0,0,0,0,0,0,0,0,0,0,0,274,2026-02-03 06:16:32.747202
SPNG,25.54,25.14,25.54,2547900.0,2181800.0,0,0,0,0,0,0,0,0,0,0,0,0,275,2026-02-03 06:16:33.774335
SMMR,25.12,25.03,25.06,2120000.0,2326000.0,0,0,0,0,0,0,0,0,0,0,0,0,275,2026-02-03 06:16:33.774335
ATMN,26.62,26.62,26.73,1997700.0,1967300.0,0,0,0,0,0,0,0,0,0,0,0,0,275,2026-02-03 06:16:33.774335
WNTR,22.8,22.89,22.95,2501800.0,2377700.0,0,0,0,0,0,0,0,0,0,0,0,0,275,2026-02-03 06:16:33.774335
SPNG,25.54,25.14,25.28,2456100.0,2193300.0,0,0,0,0,0,0,0,0,0,0,0,0,276,2026-02-03 06:16:34.806332
SMMR,25.12,25.03,25.06,2329300.0,2312700.0,0,0,0,0,0,0,0,0,0,0,0,0,276,2026-02-03 06:16:34.806332
ATMN,26.55,26.55,26.73,1998700.0,1991900.0,0,0,0,0,0,0,0,0,0,0,0,0,276,2026-02-03 06:16:34.806332
WNTR,22.8,22.89,22.95,2481000.0,2377700.0,0,0,0,0,0,0,0,0,0,0,0,0,276,2026-02-03 06:16:34.806332
SPNG,25.1,25.1,25.24,2498200.0,2213100.0,0,0,0,0,0,0,0,0,0,0,0,0,277,2026-02-03 06:16:35.840232
SMMR,25.11,25.03,25.11,2344300.0,2325600.0,0,0,0,0,0,0,0,0,0,0,0,0,277,2026-02-03 06:16:35.840232
ATMN,26.93,26.55,26.6,1998700.0,2037300.0,0,0,0,0,0,0,0,0,0,0,0,0,277,2026-02-03 06:16:35.840232
WNTR,22.8,22.89,22.95,2427900.0,2377700.0,0,0,0,0,0,0,0,0,0,0,0,0,277,2026-02-03 06:16:35.840232
SPNG,25.1,25.1,25.24,2445600.0,2213100.0,0,0,0,0,0,0,0,0,0,0,0,0,278,2026-02-03 06:16:36.864043
SMMR,25.12,25.06,25.12,2324700.0,2330800.0,0,0,0,0,0,0,0,0,0,0,0,0,278,2026-02-03 06:16:36.864043
ATMN,26.6,26.58,26.6,2040800.0,2037300.0,0,0,0,0,0,0,0,0,0,0,0,0,278,2026-02-03 06:16:36.864043
WNTR,23.05,23.03,23.05,2442000.0,2357600.0,0,0,0,0,0,0,0,0,0,0,0,0,278,2026-02-03 06:16:36.864043
SPNG,25.24,25.22,25.24,2395800.0,2213100.0,0,0,0,0,0,0,0,0,0,0,0,0,279,2026-02-03 06:16:37.892342
SMMR,25.12,25.08,25.12,2371100.0,2330800.0,0,0,0,0,0,0,0,0,0,0,0,0,279,2026-02-03 06:16:37.892342
ATMN,26.88,26.91,26.93,2020000.0,2006800.0,0,0,0,0,0,0,0,0,0,0,0,0,279,2026-02-03 06:16:37.892342
WNTR,23.09,23.05,23.09,2453200.0,2342700.0,0,0,0,0,0,0,0,0,0,0,0,0,279,2026-02-03 06:16:37.892342
SPNG,25.54,25.22,25.54,2395800.0,2175700.0,0,0,0,0,0,0,0,0,0,0,0,0,280,2026-02-03 06:16:38.918530
SMMR,25.15,25.08,25.1,2371100.0,2352300.0,0,0,0,0,0,0,0,0,0,0,0,0,280,2026-02-03 06:16:38.918530
ATMN,26.91,26.76,26.81,2038500.0,2006500.0,0,0,0,0,0,0,0,0,0,0,0,0,280,2026-02-03 06:16:38.918530
WNTR,23.06,23.05,23.06,2453200.0,2345800.0,0,0,0,0,0,0,0,0,0,0,0,0,280,2026-02-03 06:16:38.918530
SPNG,24.94,24.94,25.46,2455100.0,2157200.0,0,0,0,0,0,0,0,0,0,0,0,0,281,2026-02-03 06:16:39.945452
SMMR,25.1,25.11,25.15,2397800.0,2328300.0,0,0,0,0,0,0,0,0,0,0,0,0,281,2026-02-03 06:16:39.945452
ATMN,26.76,26.76,26.81,2038500.0,1983300.0,0,0,0,0,0,0,0,0,0,0,0,0,281,2026-02-03 06:16:39.945452
WNTR,23.03,23.03,23.06,2442000.0,2351700.0,0,0,0,0,0,0,0,0,0,0,0,0,281,2026-02-03 06:16:39.945452
SPNG,24.94,25.32,25.46,2422200.0,2157200.0,0,0,0,0,0,0,0,0,0,0,0,0,282,2026-02-03 06:16:40.980684
SMMR,25.17,25.11,25.17,2407600.0,2291600.0,0,0,0,0,0,0,0,0,0,0,0,0,282,2026-02-03 06:16:40.980684
ATMN,26.58,26.58,26.61,2040800.0,1953800.0,0,0,0,0,0,0,0,0,0,0,0,0,282,2026-02-03 06:16:40.980684
WNTR,23.1,22.89,23.1,2427900.0,2352200.0,0,0,0,0,0,0,0,0,0,0,0,0,282,2026-02-03 06:16:40.980684
SPNG,24.9,24.98,25.46,2444600.0,2144400.0,0,0,0,0,0,0,0,0,0,0,0,0,283,2026-02-03 06:16:42.031412
SMMR,25.11,25.08,25.1,2405000.0,2279500.0,0,0,0,0,0,0,0,0,0,0,0,0,283,2026-02-03 06:16:42.031412
ATMN,26.81,26.58,26.77,2045300.0,2008700.0,0,0,0,0,0,0,0,0,0,0,0,0,283,2026-02-03 06:16:42.031412
WNTR,23.1,22.9,23.1,2421400.0,2367300.0,0,0,0,0,0,0,0,0,0,0,0,0,283,2026-02-03 06:16:42.031412
SPNG,25.46,24.98,25.46,2422900.0,2144400.0,0,0,0,0,0,0,0,0,0,0,0,0,284,2026-02-03 06:16:43.088277
SMMR,25.14,25.08,25.14,2405000.0,2289100.0,0,0,0,0,0,0,0,0,0,0,0,0,284,2026-02-03 06:16:43.088277
ATMN,26.58,26.58,26.81,2024900.0,1986700.0,0,0,0,0,0,0,0,0,0,0,0,0,284,2026-02-03 06:16:43.088277
WNTR,23.1,22.9,23.1,2421400.0,2344800.0,0,0,0,0,0,0,0,0,0,0,0,0,284,2026-02-03 06:16:43.088277
SPNG,25.18,24.98,25.01,2422900.0,2181700.0,0,0,0,0,0,0,0,0,0,0,0,0,285,2026-02-03 06:16:44.151527
SMMR,25.14,25.16,25.19,2405600.0,2292200.0,0,0,0,0,0,0,0,0,0,0,0,0,285,2026-02-03 06:16:44.151527
ATMN,26.58,26.58,26.81,1995100.0,1976500.0,0,0,0,0,0,0,0,0,0,0,0,0,285,2026-02-03 06:16:44.151527
WNTR,23.11,22.89,23.11,2429600.0,2332600.0,0,0,0,0,0,0,0,0,0,0,0,0,285,2026-02-03 06:16:44.151527
SPNG,25.24,25.27,25.46,2454100.0,2144400.0,0,0,0,0,0,0,0,0,0,0,0,0,286,2026-02-03 06:16:45.193645
SMMR,25.21,25.16,25.21,2408500.0,2291900.0,0,0,0,0,0,0,0,0,0,0,0,0,286,2026-02-03 06:16:45.193645
ATMN,26.81,26.85,26.92,2001300.0,1967700.0,0,0,0,0,0,0,0,0,0,0,0,0,286,2026-02-03 06:16:45.193645
WNTR,23.08,23.08,23.11,2448200.0,2332600.0,0,0,0,0,0,0,0,0,0,0,0,0,286,2026-02-03 06:16:45.193645
SPNG,25.27,24.98,25.08,2457600.0,2181800.0,0,0,0,0,0,0,0,0,0,0,0,0,287,2026-02-03 06:16:46.232534
SMMR,25.25,25.16,25.25,2389100.0,2291500.0,0,0,0,0,0,0,0,0,0,0,0,0,287,2026-02-03 06:16:46.232534
ATMN,26.93,26.88,26.93,2011100.0,1990800.0,0,0,0,0,0,0,0,0,0,0,0,0,287,2026-02-03 06:16:46.232534
WNTR,22.93,22.93,23.11,2470500.0,2332600.0,0,0,0,0,0,0,0,0,0,0,0,0,287,2026-02-03 06:16:46.232534
SPNG,25.08,25.22,25.46,2445900.0,2169900.0,0,0,0,0,0,0,0,0,0,0,0,0,288,2026-02-03 06:16:46.764646
SMMR,25.25,25.23,25.24,2364800.0,2278500.0,0,0,0,0,0,0,0,0,0,0,0,0,288,2026-02-03 06:16:46.764646
ATMN,26.93,26.88,26.93,2011100.0,1989500.0,0,0,0,0,0,0,0,0,0,0,0,0,288,2026-02-03 06:16:46.764646
WNTR,22.93,22.93,23.11,2465300.0,2332600.0,0,0,0,0,0,0,0,0,0,0,0,0,288,2026-02-03 06:16:46.764646
SPNG,25.49,25.22,25.49,2411300.0,2185200.0,0,0,0,0,0,0,0,0,0,0,0,0,289,2026-02-03 06:16:47.795307
SMMR,25.25,25.23,25.24,2352400.0,2259600.0,0,0,0,0,0,0,0,0,0,0,0,0,289,2026-02-03 06:16:47.795307
ATMN,26.48,26.46,26.48,1953500.0,1975000.0,0,0,0,0,0,0,0,0,0,0,0,0,289,2026-02-03 06:16:47.795307
WNTR,22.87,22.95,23.11,2469400.0,2332600.0,0,0,0,0,0,0,0,0,0,0,0,0,289,2026-02-03 06:16:47.795307
SPNG,24.98,25.46,25.49,2419300.0,2185200.0,0,0,0,0,0,0,0,0,0,0,0,0,290,2026-02-03 06:16:48.824808
SMMR,25.25,25.23,25.24,2330700.0,2271500.0,0,0,0,0,0,0,0,0,0,0,0,0,290,2026-02-03 06:16:48.824808
ATMN,26.93,26.58,26.93,1965800.0,1989500.0,0,0,0,0,0,0,0,0,0,0,0,0,290,2026-02-03 06:16:48.824808
WNTR,22.87,23.01,23.04,2452400.0,2381600.0,0,0,0,0,0,0,0,0,0,0,0,0,290,2026-02-03 06:16:48.824808
SPNG,24.97,24.97,25.49,2412700.0,2185200.0,0,0,0,0,0,0,0,0,0,0,0,0,291,2026-02-03 06:16:49.851141
SMMR,25.26,25.23,25.26,2291500.0,2272300.0,0,0,0,0,0,0,0,0,0,0,0,0,291,2026-02-03 06:16:49.851141
ATMN,26.93,26.74,26.75,1966800.0,1996000.0,0,0,0,0,0,0,0,0,0,0,0,0,291,2026-02-03 06:16:49.851141
WNTR,22.96,22.99,23.04,2485500.0,2381600.0,0,0,0,0,0,0,0,0,0,0,0,0,291,2026-02-03 06:16:49.851141
SPNG,25.55,24.97,25.55,2412700.0,2167400.0,0,0,0,0,0,0,0,0,0,0,0,0,292,2026-02-03 06:16:50.878389
SMMR,25.28,25.19,25.28,2321500.0,2304800.0,0,0,0,0,0,0,0,0,0,0,0,0,292,2026-02-03 06:16:50.878389
ATMN,26.58,26.58,26.75,1965800.0,1971800.0,0,0,0,0,0,0,0,0,0,0,0,0,292,2026-02-03 06:16:50.878389
WNTR,23.04,23.09,23.11,2451000.0,2342700.0,0,0,0,0,0,0,0,0,0,0,0,0,292,2026-02-03 06:16:50.878389
SPNG,25.55,25.23,25.36,2386500.0,2177200.0,0,0,0,0,0,0,0,0,0,0,0,0,293,2026-02-03 06:16:51.906220
SMMR,25.16,25.16,25.28,2320900.0,2304800.0,0,0,0,0,0,0,0,0,0,0,0,0,293,2026-02-03 06:16:51.906220
ATMN,26.46,26.46,26.75,1974200.0,1971800.0,0,0,0,0,0,0,0,0,0,0,0,0,293,2026-02-03 06:16:51.906220
WNTR,22.99,22.99,23.02,2450000.0,2385700.0,0,0,0,0,0,0,0,0,0,0,0,0,293,2026-02-03 06:16:51.906220
SPNG,25.36,25.23,25.36,2355300.0,2177200.0,0,0,0,0,0,0,0,0,0,0,0,0,294,2026-02-03 06:16:52.934446
SMMR,25.29,25.16,25.26,2320900.0,2332600.0,0,0,0,0,0,0,0,0,0,0,0,0,294,2026-02-03 06:16:52.934446
ATMN,26.78,26.46,26.78,1974200.0,1977600.0,0,0,0,0,0,0,0,0,0,0,0,0,294,2026-02-03 06:16:52.934446
WNTR,22.99,22.99,23.02,2449100.0,2416200.0,0,0,0,0,0,0,0,0,0,0,0,0,294,2026-02-03 06:16:52.934446
SPNG,25.62,25.23,25.62,2355300.0,2169200.0,0,0,0,0,0,0,0,0,0,0,0,0,295,2026-02-03 06:16:53.969479
SMMR,25.29,25.16,25.29,2320900.0,2347000.0,0,0,0,0,0,0,0,0,0,0,0,0,295,2026-02-03 06:16:53.969479
ATMN,26.93,26.9,26.93,1961600.0,1964600.0,0,0,0,0,0,0,0,0,0,0,0,0,295,2026-02-03 06:16:53.969479
WNTR,23.01,23.01,23.02,2454600.0,2416200.0,0,0,0,0,0,0,0,0,0,0,0,0,295,2026-02-03 06:16:53.969479
SPNG,25.21,25.46,25.62,2349500.0,2169200.0,0,0,0,0,0,0,0,0,0,0,0,0,296,2026-02-03 06:16:55.002866
SMMR,25.14,25.14,25.29,2342400.0,2343700.0,0,0,0,0,0,0,0,0,0,0,0,0,296,2026-02-03 06:16:55.002866
ATMN,26.9,26.9,26.93,1961600.0,1943500.0,0,0,0,0,0,0,0,0,0,0,0,0,296,2026-02-03 06:16:55.002866
WNTR,22.98,22.98,23.06,2429500.0,2400000.0,0,0,0,0,0,0,0,0,0,0,0,0,296,2026-02-03 06:16:55.002866
SPNG,25.46,25.13,25.4,2360900.0,2190700.0,0,0,0,0,0,0,0,0,0,0,0,0,297,2026-02-03 06:16:56.032180
SMMR,25.14,25.14,25.29,2323400.0,2343700.0,0,0,0,0,0,0,0,0,0,0,0,0,297,2026-02-03 06:16:56.032180
ATMN,26.9,26.6,26.68,1974000.0,1912700.0,0,0,0,0,0,0,0,0,0,0,0,0,297,2026-02-03 06:16:56.032180
WNTR,23.11,22.99,23.11,2434000.0,2376800.0,0,0,0,0,0,0,0,0,0,0,0,0,297,2026-02-03 06:16:56.032180
SPNG,25.64,25.13,25.64,2360900.0,2159400.0,0,0,0,0,0,0,0,0,0,0,0,0,298,2026-02-03 06:16:57.060168
SMMR,25.28,25.28,25.29,2299400.0,2349800.0,0,0,0,0,0,0,0,0,0,0,0,0,298,2026-02-03 06:16:57.060168
ATMN,26.68,26.61,26.68,1947400.0,1912700.0,0,0,0,0,0,0,0,0,0,0,0,0,298,2026-02-03 06:16:57.060168
WNTR,23.11,22.99,23.11,2435500.0,2366500.0,0,0,0,0,0,0,0,0,0,0,0,0,298,2026-02-03 06:16:57.060168
SPNG,25.13,25.13,25.66,2360900.0,2190500.0,0,0,0,0,0,0,0,0,0,0,0,0,299,2026-02-03 06:16:58.098234
SMMR,25.3,25.28,25.3,2298800.0,2324000.0,0,0,0,0,0,0,0,0,0,0,0,0,299,2026-02-03 06:16:58.098234
ATMN,26.68,26.85,26.86,1906500.0,1939400.0,0,0,0,0,0,0,0,0,0,0,0,0,299,2026-02-03 06:16:58.098234
WNTR,22.99,22.99,23.11,2435500.0,2400200.0,0,0,0,0,0,0,0,0,0,0,0,0,299,2026-02-03 06:16:58.098234
