ticker,last_price,bid_price,ask_price,SELL_ANON,BUY_ANON,tick,timestamp
TGX,0.0,0.0,0.0,0,0,0,2026-02-04 12:33:39.726141
PHR,0.0,0.0,0.0,0,0,0,2026-02-04 12:33:39.726141
BYL,0.0,0.0,0.0,0,0,0,2026-02-04 12:33:39.726141
CLD,0.0,0.0,0.0,0,0,0,2026-02-04 12:33:39.726141
GGD,0.0,0.0,0.0,0,0,0,2026-02-04 12:33:39.726141
PNR,0.0,0.0,0.0,0,0,0,2026-02-04 12:33:39.726141
FSR,0.0,0.0,0.0,0,0,0,2026-02-04 12:33:39.726141
ATB,0.0,0.0,0.0,0,0,0,2026-02-04 12:33:39.726141
SPK,0.0,0.0,0.0,0,0,0,2026-02-04 12:33:39.726141
EEC,0.0,0.0,0.0,0,0,0,2026-02-04 12:33:39.726141
TGX,43.69,0.0,0.0,50000000.0,50000000.0,1,2026-02-04 12:33:40.779063,1.0,1.0,1.0,,Welcome to the RITC 2026 Merger Arbitrage Case - practice server,Good Luck!
PHR,47.5,0.0,0.0,50000000.0,50000000.0,1,2026-02-04 12:33:40.779063,,,,,,
BYL,43.46,0.0,0.0,50000000.0,50000000.0,1,2026-02-04 12:33:40.779063,,,,,,
CLD,79.3,0.0,0.0,50000000.0,50000000.0,1,2026-02-04 12:33:40.779063,,,,,,
GGD,31.58,0.0,0.0,50000000.0,50000000.0,1,2026-02-04 12:33:40.779063,,,,,,
PNR,59.8,0.0,0.0,50000000.0,50000000.0,1,2026-02-04 12:33:40.779063,,,,,,
FSR,30.47,0.0,0.0,50000000.0,50000000.0,1,2026-02-04 12:33:40.779063,,,,,,
ATB,62.2,0.0,0.0,50000000.0,50000000.0,1,2026-02-04 12:33:40.779063,,,,,,
SPK,52.77,0.0,0.0,50000000.0,50000000.0,1,2026-02-04 12:33:40.779063,,,,,,
EEC,48.0,0.0,0.0,50000000.0,50000000.0,1,2026-02-04 12:33:40.779063,,,,,,
TGX,43.68,43.67,43.69,50000000.0,50000000.0,2,2026-02-04 12:33:41.822285
PHR,47.23,47.22,47.24,50000000.0,50000000.0,2,2026-02-04 12:33:41.822285
BYL,43.17,43.16,43.18,50000000.0,50000000.0,2,2026-02-04 12:33:41.822285
CLD,78.68,78.67,78.69,50000000.0,50000000.0,2,2026-02-04 12:33:41.822285
GGD,31.57,31.56,31.58,50000000.0,50000000.0,2,2026-02-04 12:33:41.822285
PNR,59.62,59.61,59.63,50000000.0,50000000.0,2,2026-02-04 12:33:41.822285
FSR,30.46,30.45,30.47,50000000.0,50000000.0,2,2026-02-04 12:33:41.822285
ATB,62.44,62.43,62.45,50000000.0,50000000.0,2,2026-02-04 12:33:41.822285
SPK,53.04,53.03,53.05,50000000.0,50000000.0,2,2026-02-04 12:33:41.822285
EEC,48.54,48.53,48.55,50000000.0,50000000.0,2,2026-02-04 12:33:41.822285
TGX,43.73,43.72,43.74,50000000.0,50000000.0,3,2026-02-04 12:33:42.867295
PHR,46.84,46.83,46.85,50000000.0,50000000.0,3,2026-02-04 12:33:42.867295
BYL,43.06,43.05,43.07,50000000.0,50000000.0,3,2026-02-04 12:33:42.867295
CLD,78.57,78.56,78.58,50000000.0,50000000.0,3,2026-02-04 12:33:42.867295
GGD,31.59,31.58,31.6,50000000.0,50000000.0,3,2026-02-04 12:33:42.867295
PNR,59.64,59.63,59.65,50000000.0,50000000.0,3,2026-02-04 12:33:42.867295
FSR,30.48,30.47,30.49,50000000.0,50000000.0,3,2026-02-04 12:33:42.867295
ATB,62.28,62.27,62.29,50000000.0,50000000.0,3,2026-02-04 12:33:42.867295
SPK,53.08,53.07,53.09,50000000.0,50000000.0,3,2026-02-04 12:33:42.867295
EEC,48.64,48.63,48.65,50000000.0,50000000.0,3,2026-02-04 12:33:42.867295
TGX,43.76,43.75,43.77,50000000.0,50000000.0,4,2026-02-04 12:33:43.914362
PHR,46.57,46.56,46.58,50000000.0,50000000.0,4,2026-02-04 12:33:43.914362
BYL,42.65,42.64,42.66,50000000.0,50000000.0,4,2026-02-04 12:33:43.914362
CLD,77.7,77.69,77.71,50000000.0,50000000.0,4,2026-02-04 12:33:43.914362
GGD,31.61,31.6,31.62,50000000.0,50000000.0,4,2026-02-04 12:33:43.914362
PNR,59.7,59.69,59.71,50000000.0,50000000.0,4,2026-02-04 12:33:43.914362
FSR,30.45,30.44,30.46,50000000.0,50000000.0,4,2026-02-04 12:33:43.914362
ATB,61.47,61.46,61.48,50000000.0,50000000.0,4,2026-02-04 12:33:43.914362
SPK,52.98,52.97,52.99,50000000.0,50000000.0,4,2026-02-04 12:33:43.914362
EEC,48.43,48.42,48.44,50000000.0,50000000.0,4,2026-02-04 12:33:43.914362
TGX,43.74,43.73,43.75,50000000.0,50000000.0,5,2026-02-04 12:33:44.952789
PHR,46.56,46.55,46.57,50000000.0,50000000.0,5,2026-02-04 12:33:44.952789
BYL,42.72,42.71,42.73,50000000.0,50000000.0,5,2026-02-04 12:33:44.952789
CLD,77.91,77.9,77.92,50000000.0,50000000.0,5,2026-02-04 12:33:44.952789
GGD,31.6,31.59,31.61,50000000.0,50000000.0,5,2026-02-04 12:33:44.952789
PNR,59.71,59.7,59.72,50000000.0,50000000.0,5,2026-02-04 12:33:44.952789
FSR,30.47,30.46,30.48,50000000.0,50000000.0,5,2026-02-04 12:33:44.952789
ATB,61.37,61.36,61.38,50000000.0,50000000.0,5,2026-02-04 12:33:44.952789
SPK,52.98,52.97,52.99,50000000.0,50000000.0,5,2026-02-04 12:33:44.952789
EEC,48.37,48.36,48.38,50000000.0,50000000.0,5,2026-02-04 12:33:44.952789
TGX,43.7,43.69,43.71,50000000.0,50000000.0,6,2026-02-04 12:33:45.992763
PHR,46.8,46.79,46.81,50000000.0,50000000.0,6,2026-02-04 12:33:45.992763
BYL,42.82,42.81,42.83,50000000.0,50000000.0,6,2026-02-04 12:33:45.992763
CLD,78.17,78.16,78.18,50000000.0,50000000.0,6,2026-02-04 12:33:45.992763
GGD,31.59,31.58,31.6,50000000.0,50000000.0,6,2026-02-04 12:33:45.992763
PNR,60.0,59.99,60.01,50000000.0,50000000.0,6,2026-02-04 12:33:45.992763
FSR,30.44,30.43,30.45,50000000.0,50000000.0,6,2026-02-04 12:33:45.992763
ATB,60.82,60.81,60.83,50000000.0,50000000.0,6,2026-02-04 12:33:45.992763
SPK,52.66,52.65,52.67,50000000.0,50000000.0,6,2026-02-04 12:33:45.992763
EEC,47.87,47.86,47.88,50000000.0,50000000.0,6,2026-02-04 12:33:45.992763
TGX,43.73,43.72,43.74,50000000.0,50000000.0,7,2026-02-04 12:33:47.025630
PHR,46.92,46.91,46.93,50000000.0,50000000.0,7,2026-02-04 12:33:47.025630
BYL,42.37,42.36,42.38,50000000.0,50000000.0,7,2026-02-04 12:33:47.025630
CLD,76.95,76.94,76.96,50000000.0,50000000.0,7,2026-02-04 12:33:47.025630
GGD,31.51,31.5,31.52,50000000.0,50000000.0,7,2026-02-04 12:33:47.025630
PNR,59.72,59.71,59.73,50000000.0,50000000.0,7,2026-02-04 12:33:47.025630
FSR,30.49,30.48,30.5,50000000.0,50000000.0,7,2026-02-04 12:33:47.025630
ATB,60.35,60.34,60.36,50000000.0,50000000.0,7,2026-02-04 12:33:47.025630
SPK,52.88,52.87,52.89,50000000.0,50000000.0,7,2026-02-04 12:33:47.025630
EEC,48.24,48.23,48.25,50000000.0,50000000.0,7,2026-02-04 12:33:47.025630
TGX,43.77,43.76,43.78,50000000.0,50000000.0,8,2026-02-04 12:33:48.056316
PHR,47.01,47.0,47.02,50000000.0,50000000.0,8,2026-02-04 12:33:48.056316
BYL,42.25,42.24,42.26,50000000.0,50000000.0,8,2026-02-04 12:33:48.056316
CLD,76.57,76.56,76.58,50000000.0,50000000.0,8,2026-02-04 12:33:48.056316
GGD,31.51,31.5,31.52,50000000.0,50000000.0,8,2026-02-04 12:33:48.056316
PNR,59.61,59.6,59.62,50000000.0,50000000.0,8,2026-02-04 12:33:48.056316
FSR,30.54,30.53,30.55,50000000.0,50000000.0,8,2026-02-04 12:33:48.056316
ATB,61.28,61.27,61.29,50000000.0,50000000.0,8,2026-02-04 12:33:48.056316
SPK,53.35,53.34,53.36,50000000.0,50000000.0,8,2026-02-04 12:33:48.056316
EEC,49.15,49.14,49.16,50000000.0,50000000.0,8,2026-02-04 12:33:48.056316
TGX,43.89,43.88,43.9,50000000.0,50000000.0,9,2026-02-04 12:33:49.091513
PHR,46.85,46.84,46.86,50000000.0,50000000.0,9,2026-02-04 12:33:49.091513
BYL,41.94,41.93,41.95,50000000.0,50000000.0,9,2026-02-04 12:33:49.091513
CLD,75.77,75.76,75.78,50000000.0,50000000.0,9,2026-02-04 12:33:49.091513
GGD,31.48,31.47,31.49,50000000.0,50000000.0,9,2026-02-04 12:33:49.091513
PNR,59.53,59.52,59.54,50000000.0,50000000.0,9,2026-02-04 12:33:49.091513
FSR,30.47,30.46,30.48,50000000.0,50000000.0,9,2026-02-04 12:33:49.091513
ATB,60.95,60.94,60.96,50000000.0,50000000.0,9,2026-02-04 12:33:49.091513
SPK,53.5,53.49,53.51,50000000.0,50000000.0,9,2026-02-04 12:33:49.091513
EEC,49.38,49.37,49.39,50000000.0,50000000.0,9,2026-02-04 12:33:49.091513
TGX,44.05,44.04,44.06,50000000.0,50000000.0,10,2026-02-04 12:33:49.626292
PHR,47.4,47.39,47.41,50000000.0,50000000.0,10,2026-02-04 12:33:49.626292
BYL,42.0,41.99,42.01,50000000.0,50000000.0,10,2026-02-04 12:33:49.626292
CLD,75.86,75.85,75.87,50000000.0,50000000.0,10,2026-02-04 12:33:49.626292
GGD,31.5,31.49,31.51,50000000.0,50000000.0,10,2026-02-04 12:33:49.626292
PNR,59.58,59.57,59.59,50000000.0,50000000.0,10,2026-02-04 12:33:49.626292
FSR,30.43,30.42,30.44,50000000.0,50000000.0,10,2026-02-04 12:33:49.626292
ATB,60.8,60.79,60.81,50000000.0,50000000.0,10,2026-02-04 12:33:49.626292
SPK,53.39,53.38,53.4,50000000.0,50000000.0,10,2026-02-04 12:33:49.626292
EEC,49.21,49.2,49.22,50000000.0,50000000.0,10,2026-02-04 12:33:49.626292
TGX,44.04,44.03,44.05,50000000.0,50000000.0,11,2026-02-04 12:33:50.794706
PHR,47.2,47.19,47.21,50000000.0,50000000.0,11,2026-02-04 12:33:50.794706
BYL,41.7,41.69,41.71,50000000.0,50000000.0,11,2026-02-04 12:33:50.794706
CLD,75.05,75.04,75.06,50000000.0,50000000.0,11,2026-02-04 12:33:50.794706
GGD,31.47,31.46,31.48,50000000.0,50000000.0,11,2026-02-04 12:33:50.794706
PNR,59.48,59.47,59.49,50000000.0,50000000.0,11,2026-02-04 12:33:50.794706
FSR,30.45,30.44,30.46,50000000.0,50000000.0,11,2026-02-04 12:33:50.794706
ATB,61.03,61.02,61.04,50000000.0,50000000.0,11,2026-02-04 12:33:50.794706
SPK,53.43,53.42,53.44,50000000.0,50000000.0,11,2026-02-04 12:33:50.794706
EEC,49.34,49.33,49.35,50000000.0,50000000.0,11,2026-02-04 12:33:50.794706
TGX,44.06,44.05,44.07,50000000.0,50000000.0,12,2026-02-04 12:33:51.829835
PHR,46.76,46.75,46.77,50000000.0,50000000.0,12,2026-02-04 12:33:51.829835
BYL,41.47,41.46,41.48,50000000.0,50000000.0,12,2026-02-04 12:33:51.829835
CLD,74.64,74.63,74.65,50000000.0,50000000.0,12,2026-02-04 12:33:51.829835
GGD,31.51,31.5,31.52,50000000.0,50000000.0,12,2026-02-04 12:33:51.829835
PNR,59.45,59.44,59.46,50000000.0,50000000.0,12,2026-02-04 12:33:51.829835
FSR,30.45,30.44,30.46,50000000.0,50000000.0,12,2026-02-04 12:33:51.829835
ATB,60.41,60.4,60.42,50000000.0,50000000.0,12,2026-02-04 12:33:51.829835
SPK,53.39,53.38,53.4,50000000.0,50000000.0,12,2026-02-04 12:33:51.829835
EEC,49.35,49.34,49.36,50000000.0,50000000.0,12,2026-02-04 12:33:51.829835
TGX,44.09,44.08,44.1,50000000.0,50000000.0,13,2026-02-04 12:33:52.861084
PHR,46.49,46.48,46.5,50000000.0,50000000.0,13,2026-02-04 12:33:52.861084
BYL,41.34,41.33,41.35,50000000.0,50000000.0,13,2026-02-04 12:33:52.861084
CLD,74.38,74.37,74.39,50000000.0,50000000.0,13,2026-02-04 12:33:52.861084
GGD,31.43,31.42,31.44,50000000.0,50000000.0,13,2026-02-04 12:33:52.861084
PNR,59.34,59.33,59.35,50000000.0,50000000.0,13,2026-02-04 12:33:52.861084
FSR,30.4,30.39,30.41,50000000.0,50000000.0,13,2026-02-04 12:33:52.861084
ATB,60.43,60.42,60.44,50000000.0,50000000.0,13,2026-02-04 12:33:52.861084
SPK,53.28,53.27,53.29,50000000.0,50000000.0,13,2026-02-04 12:33:52.861084
EEC,49.13,49.12,49.14,50000000.0,50000000.0,13,2026-02-04 12:33:52.861084
TGX,44.09,44.08,44.1,50000000.0,50000000.0,14,2026-02-04 12:33:53.889196
PHR,46.17,46.16,46.18,50000000.0,50000000.0,14,2026-02-04 12:33:53.889196
BYL,41.5,41.49,41.51,50000000.0,50000000.0,14,2026-02-04 12:33:53.889196
CLD,74.82,74.81,74.83,50000000.0,50000000.0,14,2026-02-04 12:33:53.889196
GGD,31.45,31.44,31.46,50000000.0,50000000.0,14,2026-02-04 12:33:53.889196
PNR,59.09,59.08,59.1,50000000.0,50000000.0,14,2026-02-04 12:33:53.889196
FSR,30.35,30.34,30.36,50000000.0,50000000.0,14,2026-02-04 12:33:53.889196
ATB,61.2,61.19,61.21,50000000.0,50000000.0,14,2026-02-04 12:33:53.889196
SPK,53.38,53.37,53.39,50000000.0,50000000.0,14,2026-02-04 12:33:53.889196
EEC,49.33,49.32,49.34,50000000.0,50000000.0,14,2026-02-04 12:33:53.889196
TGX,44.08,44.07,44.09,50000000.0,50000000.0,15,2026-02-04 12:33:54.924533
PHR,46.02,46.01,46.03,50000000.0,50000000.0,15,2026-02-04 12:33:54.924533
BYL,41.94,41.93,41.95,50000000.0,50000000.0,15,2026-02-04 12:33:54.924533
CLD,75.84,75.83,75.85,50000000.0,50000000.0,15,2026-02-04 12:33:54.924533
GGD,31.48,31.47,31.49,50000000.0,50000000.0,15,2026-02-04 12:33:54.924533
PNR,59.1,59.09,59.11,50000000.0,50000000.0,15,2026-02-04 12:33:54.924533
FSR,30.33,30.32,30.34,50000000.0,50000000.0,15,2026-02-04 12:33:54.924533
ATB,60.85,60.84,60.86,50000000.0,50000000.0,15,2026-02-04 12:33:54.924533
SPK,53.45,53.44,53.46,50000000.0,50000000.0,15,2026-02-04 12:33:54.924533
EEC,49.47,49.46,49.48,50000000.0,50000000.0,15,2026-02-04 12:33:54.924533
TGX,44.02,44.01,44.03,50000000.0,50000000.0,16,2026-02-04 12:33:55.959876
PHR,46.05,46.04,46.06,50000000.0,50000000.0,16,2026-02-04 12:33:55.959876
BYL,41.5,41.49,41.51,50000000.0,50000000.0,16,2026-02-04 12:33:55.959876
CLD,74.8,74.79,74.81,50000000.0,50000000.0,16,2026-02-04 12:33:55.959876
GGD,31.41,31.4,31.42,50000000.0,50000000.0,16,2026-02-04 12:33:55.959876
PNR,58.97,58.96,58.98,50000000.0,50000000.0,16,2026-02-04 12:33:55.959876
FSR,30.37,30.36,30.38,50000000.0,50000000.0,16,2026-02-04 12:33:55.959876
ATB,60.64,60.63,60.65,50000000.0,50000000.0,16,2026-02-04 12:33:55.959876
SPK,53.68,53.67,53.69,50000000.0,50000000.0,16,2026-02-04 12:33:55.959876
EEC,49.88,49.87,49.89,50000000.0,50000000.0,16,2026-02-04 12:33:55.959876
TGX,43.99,43.98,44.0,50000000.0,50000000.0,17,2026-02-04 12:33:56.999613
PHR,46.05,46.04,46.06,50000000.0,50000000.0,17,2026-02-04 12:33:56.999613
BYL,41.74,41.73,41.75,50000000.0,50000000.0,17,2026-02-04 12:33:56.999613
CLD,75.43,75.42,75.44,50000000.0,50000000.0,17,2026-02-04 12:33:56.999613
GGD,31.46,31.45,31.47,50000000.0,50000000.0,17,2026-02-04 12:33:56.999613
PNR,59.11,59.1,59.12,50000000.0,50000000.0,17,2026-02-04 12:33:56.999613
FSR,30.39,30.38,30.4,50000000.0,50000000.0,17,2026-02-04 12:33:56.999613
ATB,60.61,60.6,60.62,50000000.0,50000000.0,17,2026-02-04 12:33:56.999613
SPK,53.39,53.38,53.4,50000000.0,50000000.0,17,2026-02-04 12:33:56.999613
EEC,49.35,49.34,49.36,50000000.0,50000000.0,17,2026-02-04 12:33:56.999613
TGX,44.03,44.02,44.04,50000000.0,50000000.0,18,2026-02-04 12:33:58.037237
PHR,46.36,46.35,46.37,50000000.0,50000000.0,18,2026-02-04 12:33:58.037237
BYL,41.87,41.86,41.88,50000000.0,50000000.0,18,2026-02-04 12:33:58.037237
CLD,75.88,75.87,75.89,50000000.0,50000000.0,18,2026-02-04 12:33:58.037237
GGD,31.51,31.5,31.52,50000000.0,50000000.0,18,2026-02-04 12:33:58.037237
PNR,59.34,59.33,59.35,50000000.0,50000000.0,18,2026-02-04 12:33:58.037237
FSR,30.39,30.38,30.4,50000000.0,50000000.0,18,2026-02-04 12:33:58.037237
ATB,60.91,60.9,60.92,50000000.0,50000000.0,18,2026-02-04 12:33:58.037237
SPK,53.74,53.73,53.75,50000000.0,50000000.0,18,2026-02-04 12:33:58.037237
EEC,50.0,49.99,50.01,50000000.0,50000000.0,18,2026-02-04 12:33:58.037237
TGX,44.09,44.08,44.1,50000000.0,50000000.0,19,2026-02-04 12:33:59.070163
PHR,46.5,46.49,46.51,50000000.0,50000000.0,19,2026-02-04 12:33:59.070163
BYL,41.76,41.75,41.77,50000000.0,50000000.0,19,2026-02-04 12:33:59.070163
CLD,75.79,75.78,75.8,50000000.0,50000000.0,19,2026-02-04 12:33:59.070163
GGD,31.58,31.57,31.59,50000000.0,50000000.0,19,2026-02-04 12:33:59.070163
PNR,59.52,59.51,59.53,50000000.0,50000000.0,19,2026-02-04 12:33:59.070163
FSR,30.38,30.37,30.39,50000000.0,50000000.0,19,2026-02-04 12:33:59.070163
ATB,61.38,61.37,61.39,50000000.0,50000000.0,19,2026-02-04 12:33:59.070163
SPK,54.03,54.02,54.04,50000000.0,50000000.0,19,2026-02-04 12:33:59.070163
EEC,50.58,50.57,50.59,50000000.0,50000000.0,19,2026-02-04 12:33:59.070163
TGX,44.09,44.08,44.1,50000000.0,50000000.0,20,2026-02-04 12:34:00.101338,3.0,1.0,19.0,D4-FSR/ATB,Capital Plan Approved by Fed,Federal Reserve approves updated capital plan demonstrating adequate buffers above minimums.
PHR,46.28,46.27,46.29,50000000.0,50000000.0,20,2026-02-04 12:34:00.101338,2.0,1.0,19.0,D3-GGD/PNR,Supplemental Environmental Review,Agencies request supplemental environmental impact analysis for certain pipeline corridors.
BYL,42.03,42.02,42.04,50000000.0,50000000.0,20,2026-02-04 12:34:00.101338,,,,,,
CLD,76.42,76.41,76.43,50000000.0,50000000.0,20,2026-02-04 12:34:00.101338,,,,,,
GGD,31.58,31.57,31.59,50000000.0,50000000.0,20,2026-02-04 12:34:00.101338,,,,,,
PNR,59.47,59.46,59.48,50000000.0,50000000.0,20,2026-02-04 12:34:00.101338,,,,,,
FSR,30.42,30.41,30.43,50000000.0,50000000.0,20,2026-02-04 12:34:00.101338,,,,,,
ATB,60.97,60.96,60.98,50000000.0,50000000.0,20,2026-02-04 12:34:00.101338,,,,,,
SPK,53.93,53.92,53.94,50000000.0,50000000.0,20,2026-02-04 12:34:00.101338,,,,,,
EEC,50.43,50.42,50.44,50000000.0,50000000.0,20,2026-02-04 12:34:00.101338,,,,,,
TGX,44.05,44.04,44.06,50000000.0,50000000.0,21,2026-02-04 12:34:01.140266
PHR,46.16,46.15,46.17,50000000.0,50000000.0,21,2026-02-04 12:34:01.140266
BYL,42.05,42.04,42.06,50000000.0,50000000.0,21,2026-02-04 12:34:01.140266
CLD,76.4,76.39,76.41,50000000.0,50000000.0,21,2026-02-04 12:34:01.140266
GGD,31.59,31.58,31.6,50000000.0,50000000.0,21,2026-02-04 12:34:01.140266
PNR,59.51,59.5,59.52,50000000.0,50000000.0,21,2026-02-04 12:34:01.140266
FSR,30.44,30.43,30.45,50000000.0,50000000.0,21,2026-02-04 12:34:01.140266
ATB,60.87,60.86,60.88,50000000.0,50000000.0,21,2026-02-04 12:34:01.140266
SPK,54.17,54.16,54.18,50000000.0,50000000.0,21,2026-02-04 12:34:01.140266
EEC,50.91,50.9,50.92,50000000.0,50000000.0,21,2026-02-04 12:34:01.140266
TGX,44.11,44.1,44.12,50000000.0,50000000.0,22,2026-02-04 12:34:01.673442
PHR,46.19,46.18,46.2,50000000.0,50000000.0,22,2026-02-04 12:34:01.673442
BYL,42.03,42.02,42.04,50000000.0,50000000.0,22,2026-02-04 12:34:01.673442
CLD,76.25,76.24,76.26,50000000.0,50000000.0,22,2026-02-04 12:34:01.673442
GGD,31.51,31.5,31.52,50000000.0,50000000.0,22,2026-02-04 12:34:01.673442
PNR,59.52,59.51,59.53,50000000.0,50000000.0,22,2026-02-04 12:34:01.673442
FSR,30.39,30.38,30.4,50000000.0,50000000.0,22,2026-02-04 12:34:01.673442
ATB,60.18,60.17,60.19,50000000.0,50000000.0,22,2026-02-04 12:34:01.673442
SPK,53.88,53.87,53.89,50000000.0,50000000.0,22,2026-02-04 12:34:01.673442
EEC,50.3,50.29,50.31,50000000.0,50000000.0,22,2026-02-04 12:34:01.673442
TGX,44.12,44.11,44.13,50000000.0,50000000.0,23,2026-02-04 12:34:02.710910,4.0,1.0,22.0,D3-GGD/PNR,Asset Sale Proceeds Exceed Target,"Non-core asset divestitures generate $1.1B, exceeding target and reducing incremental financing needs."
PHR,46.32,46.31,46.33,50000000.0,50000000.0,23,2026-02-04 12:34:02.710910,,,,,,
BYL,42.59,42.58,42.6,50000000.0,50000000.0,23,2026-02-04 12:34:02.710910,,,,,,
CLD,77.62,77.61,77.63,50000000.0,50000000.0,23,2026-02-04 12:34:02.710910,,,,,,
GGD,31.53,31.52,31.54,50000000.0,50000000.0,23,2026-02-04 12:34:02.710910,,,,,,
PNR,59.53,59.52,59.54,50000000.0,50000000.0,23,2026-02-04 12:34:02.710910,,,,,,
FSR,30.49,30.48,30.5,50000000.0,50000000.0,23,2026-02-04 12:34:02.710910,,,,,,
ATB,60.24,60.23,60.25,50000000.0,50000000.0,23,2026-02-04 12:34:02.710910,,,,,,
SPK,54.02,54.01,54.03,50000000.0,50000000.0,23,2026-02-04 12:34:02.710910,,,,,,
EEC,50.56,50.55,50.57,50000000.0,50000000.0,23,2026-02-04 12:34:02.710910,,,,,,
TGX,44.08,44.07,44.09,50000000.0,50000000.0,24,2026-02-04 12:34:03.758459,5.0,1.0,23.0,D5-SPK/EEC,Strategic Investor Takes Stake,Sovereign wealth fund announces 8% stake in EastEnergy supporting stock price.
PHR,46.31,46.3,46.32,50000000.0,50000000.0,24,2026-02-04 12:34:03.758459,,,,,,
BYL,42.66,42.65,42.67,50000000.0,50000000.0,24,2026-02-04 12:34:03.758459,,,,,,
CLD,77.8,77.79,77.81,50000000.0,50000000.0,24,2026-02-04 12:34:03.758459,,,,,,
GGD,31.54,31.53,31.55,50000000.0,50000000.0,24,2026-02-04 12:34:03.758459,,,,,,
PNR,59.26,59.25,59.27,50000000.0,50000000.0,24,2026-02-04 12:34:03.758459,,,,,,
FSR,30.46,30.45,30.47,50000000.0,50000000.0,24,2026-02-04 12:34:03.758459,,,,,,
ATB,60.27,60.26,60.28,50000000.0,50000000.0,24,2026-02-04 12:34:03.758459,,,,,,
SPK,53.97,53.96,53.98,50000000.0,50000000.0,24,2026-02-04 12:34:03.758459,,,,,,
EEC,50.44,50.43,50.45,50000000.0,50000000.0,24,2026-02-04 12:34:03.758459,,,,,,
TGX,44.07,44.06,44.08,50000000.0,50000000.0,25,2026-02-04 12:34:04.789802,6.0,1.0,24.0,D1-TGX/PHR,Third-Party Regulatory Analysis Published,"An independent regulatory research firm has published a detailed analysis of the Targenix/Pharmaco transaction's competitive implications in the oncology therapeutics market. The report reaches mixed conclusions, identifying potential consumer benefits from operational synergies alongside concerns about reduced competitive alternatives. The analysis has been circulated among regulatory staff, though its influence on the formal review remains uncertain."
PHR,46.56,46.55,46.57,50000000.0,50000000.0,25,2026-02-04 12:34:04.789802,,,,,,
BYL,42.55,42.54,42.56,50000000.0,50000000.0,25,2026-02-04 12:34:04.789802,,,,,,
CLD,77.45,77.44,77.46,50000000.0,50000000.0,25,2026-02-04 12:34:04.789802,,,,,,
GGD,31.48,31.47,31.49,50000000.0,50000000.0,25,2026-02-04 12:34:04.789802,,,,,,
PNR,59.23,59.22,59.24,50000000.0,50000000.0,25,2026-02-04 12:34:04.789802,,,,,,
FSR,30.39,30.38,30.4,50000000.0,50000000.0,25,2026-02-04 12:34:04.789802,,,,,,
ATB,60.17,60.16,60.18,50000000.0,50000000.0,25,2026-02-04 12:34:04.789802,,,,,,
SPK,54.05,54.04,54.06,50000000.0,50000000.0,25,2026-02-04 12:34:04.789802,,,,,,
EEC,50.45,50.44,50.46,50000000.0,50000000.0,25,2026-02-04 12:34:04.789802,,,,,,
TGX,44.11,44.1,44.12,50000000.0,50000000.0,26,2026-02-04 12:34:05.833769
PHR,46.56,46.55,46.57,50000000.0,50000000.0,26,2026-02-04 12:34:05.833769
BYL,42.14,42.13,42.15,50000000.0,50000000.0,26,2026-02-04 12:34:05.833769
CLD,76.54,76.53,76.55,50000000.0,50000000.0,26,2026-02-04 12:34:05.833769
GGD,31.48,31.47,31.49,50000000.0,50000000.0,26,2026-02-04 12:34:05.833769
PNR,59.22,59.21,59.23,50000000.0,50000000.0,26,2026-02-04 12:34:05.833769
FSR,30.41,30.4,30.42,50000000.0,50000000.0,26,2026-02-04 12:34:05.833769
ATB,60.21,60.2,60.22,50000000.0,50000000.0,26,2026-02-04 12:34:05.833769
SPK,54.23,54.22,54.24,50000000.0,50000000.0,26,2026-02-04 12:34:05.833769
EEC,50.85,50.84,50.86,50000000.0,50000000.0,26,2026-02-04 12:34:05.833769
TGX,44.02,44.01,44.03,50000000.0,50000000.0,27,2026-02-04 12:34:06.872007,9.0,1.0,26.0,D5-SPK/EEC,Counsel Provides Updated Risk Factor Disclosure,Legal counsel for SolarPeak has filed an amended proxy statement containing updated risk factor disclosures related to the pending EastEnergy transaction. The amendments include both newly identified risks and downward revisions to previously disclosed risk factors. Proxy specialists note that such amendments can reflect routine legal diligence or may signal evolving conditions that counsel believes warrant additional shareholder attention.
PHR,46.9,46.89,46.91,50000000.0,50000000.0,27,2026-02-04 12:34:06.872007,8.0,1.0,26.0,D4-FSR/ATB,DOJ Antitrust Clearance Granted,Justice Department issues clearance after review of deposit market concentration analysis.
BYL,42.2,42.19,42.21,50000000.0,50000000.0,27,2026-02-04 12:34:06.872007,7.0,1.0,26.0,D1-TGX/PHR,Targenix Shareholder Meeting Scheduled,Targenix formally schedules a special shareholder meeting for 45 days from today to vote on the transaction. Proxy materials to be mailed shortly.
CLD,76.58,76.57,76.59,50000000.0,50000000.0,27,2026-02-04 12:34:06.872007,,,,,,
GGD,31.48,31.47,31.49,50000000.0,50000000.0,27,2026-02-04 12:34:06.872007,,,,,,
PNR,59.12,59.11,59.13,50000000.0,50000000.0,27,2026-02-04 12:34:06.872007,,,,,,
FSR,30.45,30.44,30.46,50000000.0,50000000.0,27,2026-02-04 12:34:06.872007,,,,,,
ATB,60.44,60.43,60.45,50000000.0,50000000.0,27,2026-02-04 12:34:06.872007,,,,,,
SPK,54.21,54.2,54.22,50000000.0,50000000.0,27,2026-02-04 12:34:06.872007,,,,,,
EEC,50.71,50.7,50.72,50000000.0,50000000.0,27,2026-02-04 12:34:06.872007,,,,,,
TGX,43.96,43.95,43.97,50000000.0,50000000.0,28,2026-02-04 12:34:07.905109,10.0,1.0,27.0,D4-FSR/ATB,Merger Agreement Executed,Definitive agreement signed with expected closing in 12-18 months pending regulatory approvals.
PHR,46.84,46.83,46.85,50000000.0,50000000.0,28,2026-02-04 12:34:07.905109,,,,,,
BYL,42.43,42.42,42.44,50000000.0,50000000.0,28,2026-02-04 12:34:07.905109,,,,,,
CLD,77.12,77.11,77.13,50000000.0,50000000.0,28,2026-02-04 12:34:07.905109,,,,,,
GGD,31.45,31.44,31.46,50000000.0,50000000.0,28,2026-02-04 12:34:07.905109,,,,,,
PNR,59.01,59.0,59.02,50000000.0,50000000.0,28,2026-02-04 12:34:07.905109,,,,,,
FSR,30.47,30.46,30.48,50000000.0,50000000.0,28,2026-02-04 12:34:07.905109,,,,,,
ATB,60.53,60.52,60.54,50000000.0,50000000.0,28,2026-02-04 12:34:07.905109,,,,,,
SPK,54.09,54.08,54.1,50000000.0,50000000.0,28,2026-02-04 12:34:07.905109,,,,,,
EEC,50.4,50.39,50.41,50000000.0,50000000.0,28,2026-02-04 12:34:07.905109,,,,,,
TGX,43.98,43.97,43.99,50000000.0,50000000.0,29,2026-02-04 12:34:08.940387
PHR,47.56,47.55,47.57,50000000.0,50000000.0,29,2026-02-04 12:34:08.940387
BYL,42.21,42.2,42.22,50000000.0,50000000.0,29,2026-02-04 12:34:08.940387
CLD,76.59,76.58,76.6,50000000.0,50000000.0,29,2026-02-04 12:34:08.940387
GGD,31.54,31.53,31.55,50000000.0,50000000.0,29,2026-02-04 12:34:08.940387
PNR,58.93,58.92,58.94,50000000.0,50000000.0,29,2026-02-04 12:34:08.940387
FSR,30.52,30.51,30.53,50000000.0,50000000.0,29,2026-02-04 12:34:08.940387
ATB,59.82,59.81,59.83,50000000.0,50000000.0,29,2026-02-04 12:34:08.940387
SPK,53.92,53.91,53.93,50000000.0,50000000.0,29,2026-02-04 12:34:08.940387
EEC,50.07,50.06,50.08,50000000.0,50000000.0,29,2026-02-04 12:34:08.940387
TGX,43.95,43.94,43.96,50000000.0,50000000.0,30,2026-02-04 12:34:09.974429
PHR,47.52,47.51,47.53,50000000.0,50000000.0,30,2026-02-04 12:34:09.974429
BYL,42.18,42.17,42.19,50000000.0,50000000.0,30,2026-02-04 12:34:09.974429
CLD,76.38,76.37,76.39,50000000.0,50000000.0,30,2026-02-04 12:34:09.974429
GGD,31.44,31.43,31.45,50000000.0,50000000.0,30,2026-02-04 12:34:09.974429
PNR,58.84,58.83,58.85,50000000.0,50000000.0,30,2026-02-04 12:34:09.974429
FSR,30.55,30.54,30.56,50000000.0,50000000.0,30,2026-02-04 12:34:09.974429
ATB,59.68,59.67,59.69,50000000.0,50000000.0,30,2026-02-04 12:34:09.974429
SPK,53.97,53.96,53.98,50000000.0,50000000.0,30,2026-02-04 12:34:09.974429
EEC,50.01,50.0,50.02,50000000.0,50000000.0,30,2026-02-04 12:34:09.974429
TGX,43.99,43.98,44.0,50000000.0,50000000.0,31,2026-02-04 12:34:11.006309,11.0,1.0,30.0,D1-TGX/PHR,Chinese SAMR Extends Review Period,"China's State Administration for Market Regulation has extended its review for a third time, now requesting detailed market share data across all Asia-Pacific regions."
PHR,47.18,47.17,47.19,50000000.0,50000000.0,31,2026-02-04 12:34:11.006309,,,,,,
BYL,42.11,42.1,42.12,50000000.0,50000000.0,31,2026-02-04 12:34:11.006309,,,,,,
CLD,76.16,76.15,76.17,50000000.0,50000000.0,31,2026-02-04 12:34:11.006309,,,,,,
GGD,31.45,31.44,31.46,50000000.0,50000000.0,31,2026-02-04 12:34:11.006309,,,,,,
PNR,58.84,58.83,58.85,50000000.0,50000000.0,31,2026-02-04 12:34:11.006309,,,,,,
FSR,30.52,30.51,30.53,50000000.0,50000000.0,31,2026-02-04 12:34:11.006309,,,,,,
ATB,59.84,59.83,59.85,50000000.0,50000000.0,31,2026-02-04 12:34:11.006309,,,,,,
SPK,54.1,54.09,54.11,50000000.0,50000000.0,31,2026-02-04 12:34:11.006309,,,,,,
EEC,50.18,50.17,50.19,50000000.0,50000000.0,31,2026-02-04 12:34:11.006309,,,,,,
TGX,44.02,44.01,44.03,50000000.0,50000000.0,32,2026-02-04 12:34:12.039724
PHR,47.51,47.5,47.52,50000000.0,50000000.0,32,2026-02-04 12:34:12.039724
BYL,42.14,42.13,42.15,50000000.0,50000000.0,32,2026-02-04 12:34:12.039724
CLD,76.36,76.35,76.37,50000000.0,50000000.0,32,2026-02-04 12:34:12.039724
GGD,31.54,31.53,31.55,50000000.0,50000000.0,32,2026-02-04 12:34:12.039724
PNR,59.19,59.18,59.2,50000000.0,50000000.0,32,2026-02-04 12:34:12.039724
FSR,30.53,30.52,30.54,50000000.0,50000000.0,32,2026-02-04 12:34:12.039724
ATB,59.87,59.86,59.88,50000000.0,50000000.0,32,2026-02-04 12:34:12.039724
SPK,53.96,53.95,53.97,50000000.0,50000000.0,32,2026-02-04 12:34:12.039724
EEC,49.92,49.91,49.93,50000000.0,50000000.0,32,2026-02-04 12:34:12.039724
TGX,44.02,44.01,44.03,50000000.0,50000000.0,33,2026-02-04 12:34:13.077789
PHR,47.48,47.47,47.49,50000000.0,50000000.0,33,2026-02-04 12:34:13.077789
BYL,42.05,42.04,42.06,50000000.0,50000000.0,33,2026-02-04 12:34:13.077789
CLD,76.26,76.25,76.27,50000000.0,50000000.0,33,2026-02-04 12:34:13.077789
GGD,31.48,31.47,31.49,50000000.0,50000000.0,33,2026-02-04 12:34:13.077789
PNR,59.26,59.25,59.27,50000000.0,50000000.0,33,2026-02-04 12:34:13.077789
FSR,30.46,30.45,30.47,50000000.0,50000000.0,33,2026-02-04 12:34:13.077789
ATB,59.66,59.65,59.67,50000000.0,50000000.0,33,2026-02-04 12:34:13.077789
SPK,54.05,54.04,54.06,50000000.0,50000000.0,33,2026-02-04 12:34:13.077789
EEC,50.13,50.12,50.14,50000000.0,50000000.0,33,2026-02-04 12:34:13.077789
TGX,43.96,43.95,43.97,50000000.0,50000000.0,34,2026-02-04 12:34:14.107666
PHR,47.69,47.68,47.7,50000000.0,50000000.0,34,2026-02-04 12:34:14.107666
BYL,41.74,41.73,41.75,50000000.0,50000000.0,34,2026-02-04 12:34:14.107666
CLD,75.5,75.49,75.51,50000000.0,50000000.0,34,2026-02-04 12:34:14.107666
GGD,31.52,31.51,31.53,50000000.0,50000000.0,34,2026-02-04 12:34:14.107666
PNR,59.52,59.51,59.53,50000000.0,50000000.0,34,2026-02-04 12:34:14.107666
FSR,30.49,30.48,30.5,50000000.0,50000000.0,34,2026-02-04 12:34:14.107666
ATB,59.57,59.56,59.58,50000000.0,50000000.0,34,2026-02-04 12:34:14.107666
SPK,54.07,54.06,54.08,50000000.0,50000000.0,34,2026-02-04 12:34:14.107666
EEC,50.14,50.13,50.15,50000000.0,50000000.0,34,2026-02-04 12:34:14.107666
TGX,43.92,43.91,43.93,50000000.0,50000000.0,35,2026-02-04 12:34:15.145995
PHR,47.86,47.85,47.87,50000000.0,50000000.0,35,2026-02-04 12:34:15.145995
BYL,41.64,41.63,41.65,50000000.0,50000000.0,35,2026-02-04 12:34:15.145995
CLD,75.26,75.25,75.27,50000000.0,50000000.0,35,2026-02-04 12:34:15.145995
GGD,31.51,31.5,31.52,50000000.0,50000000.0,35,2026-02-04 12:34:15.145995
PNR,59.26,59.25,59.27,50000000.0,50000000.0,35,2026-02-04 12:34:15.145995
FSR,30.43,30.42,30.44,50000000.0,50000000.0,35,2026-02-04 12:34:15.145995
ATB,60.1,60.09,60.11,50000000.0,50000000.0,35,2026-02-04 12:34:15.145995
SPK,54.18,54.17,54.19,50000000.0,50000000.0,35,2026-02-04 12:34:15.145995
EEC,50.23,50.22,50.24,50000000.0,50000000.0,35,2026-02-04 12:34:15.145995
TGX,43.9,43.89,43.91,50000000.0,50000000.0,36,2026-02-04 12:34:16.184679
PHR,47.77,47.76,47.78,50000000.0,50000000.0,36,2026-02-04 12:34:16.184679
BYL,41.6,41.59,41.61,50000000.0,50000000.0,36,2026-02-04 12:34:16.184679
CLD,75.33,75.32,75.34,50000000.0,50000000.0,36,2026-02-04 12:34:16.184679
GGD,31.51,31.5,31.52,50000000.0,50000000.0,36,2026-02-04 12:34:16.184679
PNR,59.71,59.7,59.72,50000000.0,50000000.0,36,2026-02-04 12:34:16.184679
FSR,30.43,30.42,30.44,50000000.0,50000000.0,36,2026-02-04 12:34:16.184679
ATB,59.46,59.45,59.47,50000000.0,50000000.0,36,2026-02-04 12:34:16.184679
SPK,54.13,54.12,54.14,50000000.0,50000000.0,36,2026-02-04 12:34:16.184679
EEC,50.17,50.16,50.18,50000000.0,50000000.0,36,2026-02-04 12:34:16.184679
TGX,43.83,43.82,43.84,50000000.0,50000000.0,37,2026-02-04 12:34:17.220516
PHR,48.16,48.15,48.17,50000000.0,50000000.0,37,2026-02-04 12:34:17.220516
BYL,41.52,41.51,41.53,50000000.0,50000000.0,37,2026-02-04 12:34:17.220516
CLD,75.24,75.23,75.25,50000000.0,50000000.0,37,2026-02-04 12:34:17.220516
GGD,31.56,31.55,31.57,50000000.0,50000000.0,37,2026-02-04 12:34:17.220516
PNR,59.88,59.87,59.89,50000000.0,50000000.0,37,2026-02-04 12:34:17.220516
FSR,30.4,30.39,30.41,50000000.0,50000000.0,37,2026-02-04 12:34:17.220516
ATB,59.62,59.61,59.63,50000000.0,50000000.0,37,2026-02-04 12:34:17.220516
SPK,54.08,54.07,54.09,50000000.0,50000000.0,37,2026-02-04 12:34:17.220516
EEC,50.03,50.02,50.04,50000000.0,50000000.0,37,2026-02-04 12:34:17.220516
TGX,43.79,43.78,43.8,50000000.0,50000000.0,38,2026-02-04 12:34:17.750989
PHR,47.89,47.88,47.9,50000000.0,50000000.0,38,2026-02-04 12:34:17.750989
BYL,41.55,41.54,41.56,50000000.0,50000000.0,38,2026-02-04 12:34:17.750989
CLD,75.23,75.22,75.24,50000000.0,50000000.0,38,2026-02-04 12:34:17.750989
GGD,31.56,31.55,31.57,50000000.0,50000000.0,38,2026-02-04 12:34:17.750989
PNR,60.0,59.99,60.01,50000000.0,50000000.0,38,2026-02-04 12:34:17.750989
FSR,31.01,31.0,31.02,50000000.0,50000000.0,38,2026-02-04 12:34:17.750989
ATB,59.37,59.36,59.38,50000000.0,50000000.0,38,2026-02-04 12:34:17.750989
SPK,54.07,54.06,54.08,50000000.0,50000000.0,38,2026-02-04 12:34:17.750989
EEC,50.03,50.02,50.04,50000000.0,50000000.0,38,2026-02-04 12:34:17.750989
TGX,43.75,43.74,43.76,50000000.0,50000000.0,39,2026-02-04 12:34:18.780285
PHR,48.09,48.08,48.1,50000000.0,50000000.0,39,2026-02-04 12:34:18.780285
BYL,41.53,41.52,41.54,50000000.0,50000000.0,39,2026-02-04 12:34:18.780285
CLD,75.19,75.18,75.2,50000000.0,50000000.0,39,2026-02-04 12:34:18.780285
GGD,31.61,31.6,31.62,50000000.0,50000000.0,39,2026-02-04 12:34:18.780285
PNR,60.19,60.18,60.2,50000000.0,50000000.0,39,2026-02-04 12:34:18.780285
FSR,30.94,30.93,30.95,50000000.0,50000000.0,39,2026-02-04 12:34:18.780285
ATB,59.18,59.17,59.19,50000000.0,50000000.0,39,2026-02-04 12:34:18.780285
SPK,54.31,54.3,54.32,50000000.0,50000000.0,39,2026-02-04 12:34:18.780285
EEC,50.46,50.45,50.47,50000000.0,50000000.0,39,2026-02-04 12:34:18.780285
TGX,43.7,43.69,43.71,50000000.0,50000000.0,40,2026-02-04 12:34:19.814729
PHR,48.2,48.19,48.21,50000000.0,50000000.0,40,2026-02-04 12:34:19.814729
BYL,41.02,41.01,41.03,50000000.0,50000000.0,40,2026-02-04 12:34:19.814729
CLD,74.11,74.1,74.12,50000000.0,50000000.0,40,2026-02-04 12:34:19.814729
GGD,31.53,31.52,31.54,50000000.0,50000000.0,40,2026-02-04 12:34:19.814729
PNR,60.25,60.24,60.26,50000000.0,50000000.0,40,2026-02-04 12:34:19.814729
FSR,30.97,30.96,30.98,50000000.0,50000000.0,40,2026-02-04 12:34:19.814729
ATB,59.82,59.81,59.83,50000000.0,50000000.0,40,2026-02-04 12:34:19.814729
SPK,54.1,54.09,54.11,50000000.0,50000000.0,40,2026-02-04 12:34:19.814729
EEC,50.07,50.06,50.08,50000000.0,50000000.0,40,2026-02-04 12:34:19.814729
TGX,43.75,43.74,43.76,50000000.0,50000000.0,41,2026-02-04 12:34:20.846618
PHR,48.3,48.29,48.31,50000000.0,50000000.0,41,2026-02-04 12:34:20.846618
BYL,40.97,40.96,40.98,50000000.0,50000000.0,41,2026-02-04 12:34:20.846618
CLD,74.08,74.07,74.09,50000000.0,50000000.0,41,2026-02-04 12:34:20.846618
GGD,31.46,31.45,31.47,50000000.0,50000000.0,41,2026-02-04 12:34:20.846618
PNR,60.09,60.08,60.1,50000000.0,50000000.0,41,2026-02-04 12:34:20.846618
FSR,30.99,30.98,31.0,50000000.0,50000000.0,41,2026-02-04 12:34:20.846618
ATB,59.71,59.7,59.72,50000000.0,50000000.0,41,2026-02-04 12:34:20.846618
SPK,54.39,54.38,54.4,50000000.0,50000000.0,41,2026-02-04 12:34:20.846618
EEC,49.9,49.89,49.91,50000000.0,50000000.0,41,2026-02-04 12:34:20.846618
TGX,43.71,43.7,43.72,50000000.0,50000000.0,42,2026-02-04 12:34:21.875656
PHR,48.41,48.4,48.42,50000000.0,50000000.0,42,2026-02-04 12:34:21.875656
BYL,40.86,40.85,40.87,50000000.0,50000000.0,42,2026-02-04 12:34:21.875656
CLD,73.79,73.78,73.8,50000000.0,50000000.0,42,2026-02-04 12:34:21.875656
GGD,32.41,32.4,32.42,50000000.0,50000000.0,42,2026-02-04 12:34:21.875656
PNR,60.15,60.14,60.16,50000000.0,50000000.0,42,2026-02-04 12:34:21.875656
FSR,31.02,31.01,31.03,50000000.0,50000000.0,42,2026-02-04 12:34:21.875656
ATB,59.5,59.49,59.51,50000000.0,50000000.0,42,2026-02-04 12:34:21.875656
SPK,54.82,54.81,54.83,50000000.0,50000000.0,42,2026-02-04 12:34:21.875656
EEC,50.01,50.0,50.02,50000000.0,50000000.0,42,2026-02-04 12:34:21.875656
TGX,43.71,43.7,43.72,50000000.0,50000000.0,43,2026-02-04 12:34:22.911486
PHR,48.19,48.18,48.2,50000000.0,50000000.0,43,2026-02-04 12:34:22.911486
BYL,40.92,40.91,40.93,50000000.0,50000000.0,43,2026-02-04 12:34:22.911486
CLD,73.91,73.9,73.92,50000000.0,50000000.0,43,2026-02-04 12:34:22.911486
GGD,33.29,33.28,33.3,50000000.0,50000000.0,43,2026-02-04 12:34:22.911486
PNR,60.27,60.26,60.28,50000000.0,50000000.0,43,2026-02-04 12:34:22.911486
FSR,31.06,31.05,31.07,50000000.0,50000000.0,43,2026-02-04 12:34:22.911486
ATB,59.4,59.39,59.41,50000000.0,50000000.0,43,2026-02-04 12:34:22.911486
SPK,55.24,55.23,55.25,50000000.0,50000000.0,43,2026-02-04 12:34:22.911486
EEC,50.19,50.18,50.2,50000000.0,50000000.0,43,2026-02-04 12:34:22.911486
TGX,44.31,44.3,44.32,50000000.0,50000000.0,44,2026-02-04 12:34:23.951964
PHR,48.13,48.12,48.14,50000000.0,50000000.0,44,2026-02-04 12:34:23.951964
BYL,40.87,40.86,40.88,50000000.0,50000000.0,44,2026-02-04 12:34:23.951964
CLD,73.66,73.65,73.67,50000000.0,50000000.0,44,2026-02-04 12:34:23.951964
GGD,33.27,33.26,33.28,50000000.0,50000000.0,44,2026-02-04 12:34:23.951964
PNR,60.05,60.04,60.06,50000000.0,50000000.0,44,2026-02-04 12:34:23.951964
FSR,31.75,31.74,31.76,50000000.0,50000000.0,44,2026-02-04 12:34:23.951964
ATB,59.63,59.62,59.64,50000000.0,50000000.0,44,2026-02-04 12:34:23.951964
SPK,55.49,55.48,55.5,50000000.0,50000000.0,44,2026-02-04 12:34:23.951964
EEC,50.58,50.57,50.59,50000000.0,50000000.0,44,2026-02-04 12:34:23.951964
TGX,44.33,44.32,44.34,50000000.0,50000000.0,45,2026-02-04 12:34:24.996929
PHR,48.01,48.0,48.02,50000000.0,50000000.0,45,2026-02-04 12:34:24.996929
BYL,40.74,40.73,40.75,50000000.0,50000000.0,45,2026-02-04 12:34:24.996929
CLD,73.26,73.25,73.27,50000000.0,50000000.0,45,2026-02-04 12:34:24.996929
GGD,33.22,33.21,33.23,50000000.0,50000000.0,45,2026-02-04 12:34:24.996929
PNR,60.0,59.99,60.01,50000000.0,50000000.0,45,2026-02-04 12:34:24.996929
FSR,32.35,32.34,32.36,50000000.0,50000000.0,45,2026-02-04 12:34:24.996929
ATB,59.57,59.56,59.58,50000000.0,50000000.0,45,2026-02-04 12:34:24.996929
SPK,56.0,55.99,56.01,50000000.0,50000000.0,45,2026-02-04 12:34:24.996929
EEC,51.31,51.3,51.32,50000000.0,50000000.0,45,2026-02-04 12:34:24.996929
TGX,44.3,44.29,44.31,50000000.0,50000000.0,46,2026-02-04 12:34:26.041166
PHR,47.87,47.86,47.88,50000000.0,50000000.0,46,2026-02-04 12:34:26.041166
BYL,40.23,40.22,40.24,50000000.0,50000000.0,46,2026-02-04 12:34:26.041166
CLD,71.95,71.94,71.96,50000000.0,50000000.0,46,2026-02-04 12:34:26.041166
GGD,33.24,33.23,33.25,50000000.0,50000000.0,46,2026-02-04 12:34:26.041166
PNR,60.18,60.17,60.19,50000000.0,50000000.0,46,2026-02-04 12:34:26.041166
FSR,32.4,32.39,32.41,50000000.0,50000000.0,46,2026-02-04 12:34:26.041166
ATB,60.05,60.04,60.06,50000000.0,50000000.0,46,2026-02-04 12:34:26.041166
SPK,56.66,56.65,56.67,50000000.0,50000000.0,46,2026-02-04 12:34:26.041166
EEC,51.59,51.58,51.6,50000000.0,50000000.0,46,2026-02-04 12:34:26.041166
TGX,43.17,43.16,43.18,50000000.0,50000000.0,47,2026-02-04 12:34:27.069742
PHR,47.94,47.93,47.95,50000000.0,50000000.0,47,2026-02-04 12:34:27.069742
BYL,40.09,40.08,40.1,50000000.0,50000000.0,47,2026-02-04 12:34:27.069742
CLD,71.76,71.75,71.77,50000000.0,50000000.0,47,2026-02-04 12:34:27.069742
GGD,33.2,33.19,33.21,50000000.0,50000000.0,47,2026-02-04 12:34:27.069742
PNR,59.86,59.85,59.87,50000000.0,50000000.0,47,2026-02-04 12:34:27.069742
FSR,32.37,32.36,32.38,50000000.0,50000000.0,47,2026-02-04 12:34:27.069742
ATB,60.0,59.99,60.01,50000000.0,50000000.0,47,2026-02-04 12:34:27.069742
SPK,56.87,56.86,56.88,50000000.0,50000000.0,47,2026-02-04 12:34:27.069742
EEC,51.85,51.84,51.86,50000000.0,50000000.0,47,2026-02-04 12:34:27.069742
TGX,43.19,43.18,43.2,50000000.0,50000000.0,48,2026-02-04 12:34:28.101035
PHR,47.94,47.93,47.95,50000000.0,50000000.0,48,2026-02-04 12:34:28.101035
BYL,40.15,40.14,40.16,50000000.0,50000000.0,48,2026-02-04 12:34:28.101035
CLD,71.98,71.97,71.99,50000000.0,50000000.0,48,2026-02-04 12:34:28.101035
GGD,33.19,33.18,33.2,50000000.0,50000000.0,48,2026-02-04 12:34:28.101035
PNR,59.99,59.98,60.0,50000000.0,50000000.0,48,2026-02-04 12:34:28.101035
FSR,32.37,32.36,32.38,50000000.0,50000000.0,48,2026-02-04 12:34:28.101035
ATB,60.18,60.17,60.19,50000000.0,50000000.0,48,2026-02-04 12:34:28.101035
SPK,56.72,56.71,56.73,50000000.0,50000000.0,48,2026-02-04 12:34:28.101035
EEC,51.63,51.62,51.64,50000000.0,50000000.0,48,2026-02-04 12:34:28.101035
TGX,43.17,43.16,43.18,50000000.0,50000000.0,49,2026-02-04 12:34:29.137686
PHR,48.15,48.14,48.16,50000000.0,50000000.0,49,2026-02-04 12:34:29.137686
BYL,40.04,40.03,40.05,50000000.0,50000000.0,49,2026-02-04 12:34:29.137686
CLD,71.63,71.62,71.64,50000000.0,50000000.0,49,2026-02-04 12:34:29.137686
GGD,33.09,33.08,33.1,50000000.0,50000000.0,49,2026-02-04 12:34:29.137686
PNR,59.61,59.6,59.62,50000000.0,50000000.0,49,2026-02-04 12:34:29.137686
FSR,32.69,32.68,32.7,50000000.0,50000000.0,49,2026-02-04 12:34:29.137686
ATB,60.42,60.41,60.43,50000000.0,50000000.0,49,2026-02-04 12:34:29.137686
SPK,56.71,56.7,56.72,50000000.0,50000000.0,49,2026-02-04 12:34:29.137686
EEC,51.62,51.61,51.63,50000000.0,50000000.0,49,2026-02-04 12:34:29.137686
TGX,43.19,43.18,43.2,50000000.0,50000000.0,50,2026-02-04 12:34:30.188788
PHR,48.44,48.43,48.45,50000000.0,50000000.0,50,2026-02-04 12:34:30.188788
BYL,39.97,39.96,39.98,50000000.0,50000000.0,50,2026-02-04 12:34:30.188788
CLD,71.42,71.41,71.43,50000000.0,50000000.0,50,2026-02-04 12:34:30.188788
GGD,33.11,33.1,33.12,50000000.0,50000000.0,50,2026-02-04 12:34:30.188788
PNR,59.89,59.88,59.9,50000000.0,50000000.0,50,2026-02-04 12:34:30.188788
FSR,34.43,34.42,34.44,50000000.0,50000000.0,50,2026-02-04 12:34:30.188788
ATB,60.43,60.42,60.44,50000000.0,50000000.0,50,2026-02-04 12:34:30.188788
SPK,56.84,56.83,56.85,50000000.0,50000000.0,50,2026-02-04 12:34:30.188788
EEC,51.84,51.83,51.85,50000000.0,50000000.0,50,2026-02-04 12:34:30.188788
TGX,43.18,43.17,43.19,50000000.0,50000000.0,51,2026-02-04 12:34:31.231165
PHR,48.32,48.31,48.33,50000000.0,50000000.0,51,2026-02-04 12:34:31.231165
BYL,40.16,40.15,40.17,50000000.0,50000000.0,51,2026-02-04 12:34:31.231165
CLD,71.95,71.94,71.96,50000000.0,50000000.0,51,2026-02-04 12:34:31.231165
GGD,33.1,33.09,33.11,50000000.0,50000000.0,51,2026-02-04 12:34:31.231165
PNR,59.78,59.77,59.79,50000000.0,50000000.0,51,2026-02-04 12:34:31.231165
FSR,34.39,34.38,34.4,50000000.0,50000000.0,51,2026-02-04 12:34:31.231165
ATB,60.15,60.14,60.16,50000000.0,50000000.0,51,2026-02-04 12:34:31.231165
SPK,56.85,56.84,56.86,50000000.0,50000000.0,51,2026-02-04 12:34:31.231165
EEC,51.89,51.88,51.9,50000000.0,50000000.0,51,2026-02-04 12:34:31.231165
TGX,43.75,43.74,43.76,50000000.0,50000000.0,52,2026-02-04 12:34:32.266849
PHR,48.37,48.36,48.38,50000000.0,50000000.0,52,2026-02-04 12:34:32.266849
BYL,40.17,40.16,40.18,50000000.0,50000000.0,52,2026-02-04 12:34:32.266849
CLD,71.93,71.92,71.94,50000000.0,50000000.0,52,2026-02-04 12:34:32.266849
GGD,33.13,33.12,33.14,50000000.0,50000000.0,52,2026-02-04 12:34:32.266849
PNR,60.01,60.0,60.02,50000000.0,50000000.0,52,2026-02-04 12:34:32.266849
FSR,34.34,34.33,34.35,50000000.0,50000000.0,52,2026-02-04 12:34:32.266849
ATB,60.23,60.22,60.24,50000000.0,50000000.0,52,2026-02-04 12:34:32.266849
SPK,57.0,56.99,57.01,50000000.0,50000000.0,52,2026-02-04 12:34:32.266849
EEC,52.09,52.08,52.1,50000000.0,50000000.0,52,2026-02-04 12:34:32.266849
TGX,43.7,43.69,43.71,50000000.0,50000000.0,53,2026-02-04 12:34:33.299690
PHR,48.16,48.15,48.17,50000000.0,50000000.0,53,2026-02-04 12:34:33.299690
BYL,40.25,40.24,40.26,50000000.0,50000000.0,53,2026-02-04 12:34:33.299690
CLD,72.23,72.22,72.24,50000000.0,50000000.0,53,2026-02-04 12:34:33.299690
GGD,33.17,33.16,33.18,50000000.0,50000000.0,53,2026-02-04 12:34:33.299690
PNR,60.1,60.09,60.11,50000000.0,50000000.0,53,2026-02-04 12:34:33.299690
FSR,34.44,34.43,34.45,50000000.0,50000000.0,53,2026-02-04 12:34:33.299690
ATB,60.34,60.33,60.35,50000000.0,50000000.0,53,2026-02-04 12:34:33.299690
SPK,56.95,56.94,56.96,50000000.0,50000000.0,53,2026-02-04 12:34:33.299690
EEC,52.06,52.05,52.07,50000000.0,50000000.0,53,2026-02-04 12:34:33.299690
TGX,43.65,43.64,43.66,50000000.0,50000000.0,54,2026-02-04 12:34:33.825812
PHR,48.19,48.18,48.2,50000000.0,50000000.0,54,2026-02-04 12:34:33.825812
BYL,40.18,40.17,40.19,50000000.0,50000000.0,54,2026-02-04 12:34:33.825812
CLD,72.03,72.02,72.04,50000000.0,50000000.0,54,2026-02-04 12:34:33.825812
GGD,33.24,33.23,33.25,50000000.0,50000000.0,54,2026-02-04 12:34:33.825812
PNR,60.34,60.33,60.35,50000000.0,50000000.0,54,2026-02-04 12:34:33.825812
FSR,34.44,34.43,34.45,50000000.0,50000000.0,54,2026-02-04 12:34:33.825812
ATB,60.33,60.32,60.34,50000000.0,50000000.0,54,2026-02-04 12:34:33.825812
SPK,56.54,56.53,56.55,50000000.0,50000000.0,54,2026-02-04 12:34:33.825812
EEC,51.49,51.48,51.5,50000000.0,50000000.0,54,2026-02-04 12:34:33.825812
TGX,42.57,42.56,42.58,50000000.0,50000000.0,55,2026-02-04 12:34:34.861947
PHR,48.56,48.55,48.57,50000000.0,50000000.0,55,2026-02-04 12:34:34.861947
BYL,39.73,39.72,39.74,50000000.0,50000000.0,55,2026-02-04 12:34:34.861947
CLD,70.93,70.92,70.94,50000000.0,50000000.0,55,2026-02-04 12:34:34.861947
GGD,33.26,33.25,33.27,50000000.0,50000000.0,55,2026-02-04 12:34:34.861947
PNR,60.18,60.17,60.19,50000000.0,50000000.0,55,2026-02-04 12:34:34.861947
FSR,34.44,34.43,34.45,50000000.0,50000000.0,55,2026-02-04 12:34:34.861947
ATB,60.48,60.47,60.49,50000000.0,50000000.0,55,2026-02-04 12:34:34.861947
SPK,56.92,56.91,56.93,50000000.0,50000000.0,55,2026-02-04 12:34:34.861947
EEC,51.99,51.98,52.0,50000000.0,50000000.0,55,2026-02-04 12:34:34.861947
TGX,42.59,42.58,42.6,50000000.0,50000000.0,56,2026-02-04 12:34:35.924801
PHR,48.67,48.66,48.68,50000000.0,50000000.0,56,2026-02-04 12:34:35.924801
BYL,39.8,39.79,39.81,50000000.0,50000000.0,56,2026-02-04 12:34:35.924801
CLD,71.16,71.15,71.17,50000000.0,50000000.0,56,2026-02-04 12:34:35.924801
GGD,33.21,33.2,33.22,50000000.0,50000000.0,56,2026-02-04 12:34:35.924801
PNR,60.24,60.23,60.25,50000000.0,50000000.0,56,2026-02-04 12:34:35.924801
FSR,34.48,34.47,34.49,50000000.0,50000000.0,56,2026-02-04 12:34:35.924801
ATB,60.13,60.12,60.14,50000000.0,50000000.0,56,2026-02-04 12:34:35.924801
SPK,57.16,57.15,57.17,50000000.0,50000000.0,56,2026-02-04 12:34:35.924801
EEC,52.31,52.3,52.32,50000000.0,50000000.0,56,2026-02-04 12:34:35.924801
TGX,42.67,42.66,42.68,50000000.0,50000000.0,57,2026-02-04 12:34:36.957788
PHR,48.46,48.45,48.47,50000000.0,50000000.0,57,2026-02-04 12:34:36.957788
BYL,39.87,39.86,39.88,50000000.0,50000000.0,57,2026-02-04 12:34:36.957788
CLD,71.32,71.31,71.33,50000000.0,50000000.0,57,2026-02-04 12:34:36.957788
GGD,33.21,33.2,33.22,50000000.0,50000000.0,57,2026-02-04 12:34:36.957788
PNR,60.27,60.26,60.28,50000000.0,50000000.0,57,2026-02-04 12:34:36.957788
FSR,34.42,34.41,34.43,50000000.0,50000000.0,57,2026-02-04 12:34:36.957788
ATB,59.35,59.34,59.36,50000000.0,50000000.0,57,2026-02-04 12:34:36.957788
SPK,57.0,56.99,57.01,50000000.0,50000000.0,57,2026-02-04 12:34:36.957788
EEC,52.02,52.01,52.03,50000000.0,50000000.0,57,2026-02-04 12:34:36.957788
TGX,42.7,42.69,42.71,50000000.0,50000000.0,58,2026-02-04 12:34:38.014308
PHR,48.49,48.48,48.5,50000000.0,50000000.0,58,2026-02-04 12:34:38.014308
BYL,40.07,40.06,40.08,50000000.0,50000000.0,58,2026-02-04 12:34:38.014308
CLD,71.98,71.97,71.99,50000000.0,50000000.0,58,2026-02-04 12:34:38.014308
GGD,33.23,33.22,33.24,50000000.0,50000000.0,58,2026-02-04 12:34:38.014308
PNR,60.25,60.24,60.26,50000000.0,50000000.0,58,2026-02-04 12:34:38.014308
FSR,34.46,34.45,34.47,50000000.0,50000000.0,58,2026-02-04 12:34:38.014308
ATB,58.59,58.58,58.6,50000000.0,50000000.0,58,2026-02-04 12:34:38.014308
SPK,56.7,56.69,56.71,50000000.0,50000000.0,58,2026-02-04 12:34:38.014308
EEC,51.61,51.6,51.62,50000000.0,50000000.0,58,2026-02-04 12:34:38.014308
TGX,42.7,42.69,42.71,50000000.0,50000000.0,59,2026-02-04 12:34:39.054225
PHR,48.68,48.67,48.69,50000000.0,50000000.0,59,2026-02-04 12:34:39.054225
BYL,40.44,40.43,40.45,50000000.0,50000000.0,59,2026-02-04 12:34:39.054225
CLD,72.75,72.74,72.76,50000000.0,50000000.0,59,2026-02-04 12:34:39.054225
GGD,33.3,33.29,33.31,50000000.0,50000000.0,59,2026-02-04 12:34:39.054225
PNR,60.74,60.73,60.75,50000000.0,50000000.0,59,2026-02-04 12:34:39.054225
FSR,34.44,34.43,34.45,50000000.0,50000000.0,59,2026-02-04 12:34:39.054225
ATB,58.49,58.48,58.5,50000000.0,50000000.0,59,2026-02-04 12:34:39.054225
SPK,56.72,56.71,56.73,50000000.0,50000000.0,59,2026-02-04 12:34:39.054225
EEC,51.58,51.57,51.59,50000000.0,50000000.0,59,2026-02-04 12:34:39.054225
TGX,42.58,42.57,42.59,50000000.0,50000000.0,60,2026-02-04 12:34:40.104507
PHR,49.14,49.13,49.15,50000000.0,50000000.0,60,2026-02-04 12:34:40.104507
BYL,40.77,40.76,40.78,50000000.0,50000000.0,60,2026-02-04 12:34:40.104507
CLD,73.53,73.52,73.54,50000000.0,50000000.0,60,2026-02-04 12:34:40.104507
GGD,33.27,33.26,33.28,50000000.0,50000000.0,60,2026-02-04 12:34:40.104507
PNR,60.79,60.78,60.8,50000000.0,50000000.0,60,2026-02-04 12:34:40.104507
FSR,34.48,34.47,34.49,50000000.0,50000000.0,60,2026-02-04 12:34:40.104507
ATB,58.84,58.83,58.85,50000000.0,50000000.0,60,2026-02-04 12:34:40.104507
SPK,56.94,56.93,56.95,50000000.0,50000000.0,60,2026-02-04 12:34:40.104507
EEC,51.96,51.95,51.97,50000000.0,50000000.0,60,2026-02-04 12:34:40.104507
TGX,42.57,42.56,42.58,50000000.0,50000000.0,61,2026-02-04 12:34:41.137725
PHR,48.82,48.81,48.83,50000000.0,50000000.0,61,2026-02-04 12:34:41.137725
BYL,40.75,40.74,40.76,50000000.0,50000000.0,61,2026-02-04 12:34:41.137725
CLD,73.42,73.41,73.43,50000000.0,50000000.0,61,2026-02-04 12:34:41.137725
GGD,33.32,33.31,33.33,50000000.0,50000000.0,61,2026-02-04 12:34:41.137725
PNR,61.19,61.18,61.2,50000000.0,50000000.0,61,2026-02-04 12:34:41.137725
FSR,34.44,34.43,34.45,50000000.0,50000000.0,61,2026-02-04 12:34:41.137725
ATB,58.23,58.22,58.24,50000000.0,50000000.0,61,2026-02-04 12:34:41.137725
SPK,56.78,56.77,56.79,50000000.0,50000000.0,61,2026-02-04 12:34:41.137725
EEC,51.65,51.64,51.66,50000000.0,50000000.0,61,2026-02-04 12:34:41.137725
TGX,42.55,42.54,42.56,50000000.0,50000000.0,62,2026-02-04 12:34:42.171658
PHR,48.73,48.72,48.74,50000000.0,50000000.0,62,2026-02-04 12:34:42.171658
BYL,40.44,40.43,40.45,50000000.0,50000000.0,62,2026-02-04 12:34:42.171658
CLD,72.59,72.58,72.6,50000000.0,50000000.0,62,2026-02-04 12:34:42.171658
GGD,33.33,33.32,33.34,50000000.0,50000000.0,62,2026-02-04 12:34:42.171658
PNR,61.13,61.12,61.14,50000000.0,50000000.0,62,2026-02-04 12:34:42.171658
FSR,34.51,34.5,34.52,50000000.0,50000000.0,62,2026-02-04 12:34:42.171658
ATB,56.88,56.87,56.89,50000000.0,50000000.0,62,2026-02-04 12:34:42.171658
SPK,57.08,57.07,57.09,50000000.0,50000000.0,62,2026-02-04 12:34:42.171658
EEC,52.15,52.14,52.16,50000000.0,50000000.0,62,2026-02-04 12:34:42.171658
TGX,42.63,42.62,42.64,50000000.0,50000000.0,63,2026-02-04 12:34:43.211297
PHR,48.75,48.74,48.76,50000000.0,50000000.0,63,2026-02-04 12:34:43.211297
BYL,40.41,40.4,40.42,50000000.0,50000000.0,63,2026-02-04 12:34:43.211297
CLD,72.52,72.51,72.53,50000000.0,50000000.0,63,2026-02-04 12:34:43.211297
GGD,33.33,33.32,33.34,50000000.0,50000000.0,63,2026-02-04 12:34:43.211297
PNR,61.48,61.47,61.49,50000000.0,50000000.0,63,2026-02-04 12:34:43.211297
FSR,34.46,34.45,34.47,50000000.0,50000000.0,63,2026-02-04 12:34:43.211297
ATB,57.07,57.06,57.08,50000000.0,50000000.0,63,2026-02-04 12:34:43.211297
SPK,57.11,57.1,57.12,50000000.0,50000000.0,63,2026-02-04 12:34:43.211297
EEC,52.16,52.15,52.17,50000000.0,50000000.0,63,2026-02-04 12:34:43.211297
TGX,42.63,42.62,42.64,50000000.0,50000000.0,64,2026-02-04 12:34:44.247149
PHR,48.99,48.98,49.0,50000000.0,50000000.0,64,2026-02-04 12:34:44.247149
BYL,40.56,40.55,40.57,50000000.0,50000000.0,64,2026-02-04 12:34:44.247149
CLD,72.79,72.78,72.8,50000000.0,50000000.0,64,2026-02-04 12:34:44.247149
GGD,33.33,33.32,33.34,50000000.0,50000000.0,64,2026-02-04 12:34:44.247149
PNR,61.26,61.25,61.27,50000000.0,50000000.0,64,2026-02-04 12:34:44.247149
FSR,34.44,34.43,34.45,50000000.0,50000000.0,64,2026-02-04 12:34:44.247149
ATB,57.52,57.51,57.53,50000000.0,50000000.0,64,2026-02-04 12:34:44.247149
SPK,57.35,57.34,57.36,50000000.0,50000000.0,64,2026-02-04 12:34:44.247149
EEC,52.51,52.5,52.52,50000000.0,50000000.0,64,2026-02-04 12:34:44.247149
TGX,42.62,42.61,42.63,50000000.0,50000000.0,65,2026-02-04 12:34:45.281255
PHR,49.28,49.27,49.29,50000000.0,50000000.0,65,2026-02-04 12:34:45.281255
BYL,40.45,40.44,40.46,50000000.0,50000000.0,65,2026-02-04 12:34:45.281255
CLD,72.52,72.51,72.53,50000000.0,50000000.0,65,2026-02-04 12:34:45.281255
GGD,33.31,33.3,33.32,50000000.0,50000000.0,65,2026-02-04 12:34:45.281255
PNR,61.24,61.23,61.25,50000000.0,50000000.0,65,2026-02-04 12:34:45.281255
FSR,34.56,34.55,34.57,50000000.0,50000000.0,65,2026-02-04 12:34:45.281255
ATB,57.44,57.43,57.45,50000000.0,50000000.0,65,2026-02-04 12:34:45.281255
SPK,57.58,57.57,57.59,50000000.0,50000000.0,65,2026-02-04 12:34:45.281255
EEC,52.83,52.82,52.84,50000000.0,50000000.0,65,2026-02-04 12:34:45.281255
TGX,42.71,42.7,42.72,50000000.0,50000000.0,66,2026-02-04 12:34:46.321515
PHR,49.16,49.15,49.17,50000000.0,50000000.0,66,2026-02-04 12:34:46.321515
BYL,40.72,40.71,40.73,50000000.0,50000000.0,66,2026-02-04 12:34:46.321515
CLD,73.09,73.08,73.1,50000000.0,50000000.0,66,2026-02-04 12:34:46.321515
GGD,33.29,33.28,33.3,50000000.0,50000000.0,66,2026-02-04 12:34:46.321515
PNR,60.91,60.9,60.92,50000000.0,50000000.0,66,2026-02-04 12:34:46.321515
FSR,34.49,34.48,34.5,50000000.0,50000000.0,66,2026-02-04 12:34:46.321515
ATB,57.52,57.51,57.53,50000000.0,50000000.0,66,2026-02-04 12:34:46.321515
SPK,57.14,57.13,57.15,50000000.0,50000000.0,66,2026-02-04 12:34:46.321515
EEC,52.15,52.14,52.16,50000000.0,50000000.0,66,2026-02-04 12:34:46.321515
TGX,42.77,42.76,42.78,50000000.0,50000000.0,67,2026-02-04 12:34:47.351493
PHR,48.77,48.76,48.78,50000000.0,50000000.0,67,2026-02-04 12:34:47.351493
BYL,40.58,40.57,40.59,50000000.0,50000000.0,67,2026-02-04 12:34:47.351493
CLD,72.82,72.81,72.83,50000000.0,50000000.0,67,2026-02-04 12:34:47.351493
GGD,33.25,33.24,33.26,50000000.0,50000000.0,67,2026-02-04 12:34:47.351493
PNR,60.63,60.62,60.64,50000000.0,50000000.0,67,2026-02-04 12:34:47.351493
FSR,34.45,34.44,34.46,50000000.0,50000000.0,67,2026-02-04 12:34:47.351493
ATB,58.09,58.08,58.1,50000000.0,50000000.0,67,2026-02-04 12:34:47.351493
SPK,57.44,57.43,57.45,50000000.0,50000000.0,67,2026-02-04 12:34:47.351493
EEC,52.64,52.63,52.65,50000000.0,50000000.0,67,2026-02-04 12:34:47.351493
TGX,42.76,42.75,42.77,50000000.0,50000000.0,68,2026-02-04 12:34:48.383846
PHR,48.84,48.83,48.85,50000000.0,50000000.0,68,2026-02-04 12:34:48.383846
BYL,40.75,40.74,40.76,50000000.0,50000000.0,68,2026-02-04 12:34:48.383846
CLD,73.08,73.07,73.09,50000000.0,50000000.0,68,2026-02-04 12:34:48.383846
GGD,33.19,33.18,33.2,50000000.0,50000000.0,68,2026-02-04 12:34:48.383846
PNR,60.67,60.66,60.68,50000000.0,50000000.0,68,2026-02-04 12:34:48.383846
FSR,34.4,34.39,34.41,50000000.0,50000000.0,68,2026-02-04 12:34:48.383846
ATB,57.73,57.72,57.74,50000000.0,50000000.0,68,2026-02-04 12:34:48.383846
SPK,57.45,57.44,57.46,50000000.0,50000000.0,68,2026-02-04 12:34:48.383846
EEC,52.67,52.66,52.68,50000000.0,50000000.0,68,2026-02-04 12:34:48.383846
TGX,42.78,42.77,42.79,50000000.0,50000000.0,69,2026-02-04 12:34:48.909206
PHR,48.95,48.94,48.96,50000000.0,50000000.0,69,2026-02-04 12:34:48.909206
BYL,41.21,41.2,41.22,50000000.0,50000000.0,69,2026-02-04 12:34:48.909206
CLD,73.95,73.94,73.96,50000000.0,50000000.0,69,2026-02-04 12:34:48.909206
GGD,33.15,33.14,33.16,50000000.0,50000000.0,69,2026-02-04 12:34:48.909206
PNR,60.76,60.75,60.77,50000000.0,50000000.0,69,2026-02-04 12:34:48.909206
FSR,34.41,34.4,34.42,50000000.0,50000000.0,69,2026-02-04 12:34:48.909206
ATB,57.89,57.88,57.9,50000000.0,50000000.0,69,2026-02-04 12:34:48.909206
SPK,57.64,57.63,57.65,50000000.0,50000000.0,69,2026-02-04 12:34:48.909206
EEC,52.86,52.85,52.87,50000000.0,50000000.0,69,2026-02-04 12:34:48.909206
TGX,42.77,42.76,42.78,50000000.0,50000000.0,70,2026-02-04 12:34:49.944266
PHR,48.97,48.96,48.98,50000000.0,50000000.0,70,2026-02-04 12:34:49.944266
BYL,41.08,41.07,41.09,50000000.0,50000000.0,70,2026-02-04 12:34:49.944266
CLD,73.76,73.75,73.77,50000000.0,50000000.0,70,2026-02-04 12:34:49.944266
GGD,33.12,33.11,33.13,50000000.0,50000000.0,70,2026-02-04 12:34:49.944266
PNR,60.73,60.72,60.74,50000000.0,50000000.0,70,2026-02-04 12:34:49.944266
FSR,34.45,34.44,34.46,50000000.0,50000000.0,70,2026-02-04 12:34:49.944266
ATB,57.53,57.52,57.54,50000000.0,50000000.0,70,2026-02-04 12:34:49.944266
SPK,57.63,57.62,57.64,50000000.0,50000000.0,70,2026-02-04 12:34:49.944266
EEC,52.9,52.89,52.91,50000000.0,50000000.0,70,2026-02-04 12:34:49.944266
TGX,42.72,42.71,42.73,50000000.0,50000000.0,71,2026-02-04 12:34:50.977941
PHR,49.01,49.0,49.02,50000000.0,50000000.0,71,2026-02-04 12:34:50.977941
BYL,41.1,41.09,41.11,50000000.0,50000000.0,71,2026-02-04 12:34:50.977941
CLD,73.82,73.81,73.83,50000000.0,50000000.0,71,2026-02-04 12:34:50.977941
GGD,33.09,33.08,33.1,50000000.0,50000000.0,71,2026-02-04 12:34:50.977941
PNR,60.79,60.78,60.8,50000000.0,50000000.0,71,2026-02-04 12:34:50.977941
FSR,34.39,34.38,34.4,50000000.0,50000000.0,71,2026-02-04 12:34:50.977941
ATB,57.46,57.45,57.47,50000000.0,50000000.0,71,2026-02-04 12:34:50.977941
SPK,57.53,57.52,57.54,50000000.0,50000000.0,71,2026-02-04 12:34:50.977941
EEC,52.73,52.72,52.74,50000000.0,50000000.0,71,2026-02-04 12:34:50.977941
TGX,42.68,42.67,42.69,50000000.0,50000000.0,72,2026-02-04 12:34:52.022259
PHR,49.51,49.5,49.52,50000000.0,50000000.0,72,2026-02-04 12:34:52.022259
BYL,41.1,41.09,41.11,50000000.0,50000000.0,72,2026-02-04 12:34:52.022259
CLD,73.71,73.7,73.72,50000000.0,50000000.0,72,2026-02-04 12:34:52.022259
GGD,33.18,33.17,33.19,50000000.0,50000000.0,72,2026-02-04 12:34:52.022259
PNR,60.82,60.81,60.83,50000000.0,50000000.0,72,2026-02-04 12:34:52.022259
FSR,34.34,34.33,34.35,50000000.0,50000000.0,72,2026-02-04 12:34:52.022259
ATB,56.75,56.74,56.76,50000000.0,50000000.0,72,2026-02-04 12:34:52.022259
SPK,57.94,57.93,57.95,50000000.0,50000000.0,72,2026-02-04 12:34:52.022259
EEC,53.29,53.28,53.3,50000000.0,50000000.0,72,2026-02-04 12:34:52.022259
TGX,42.73,42.72,42.74,50000000.0,50000000.0,73,2026-02-04 12:34:53.159267
PHR,49.26,49.25,49.27,50000000.0,50000000.0,73,2026-02-04 12:34:53.159267
BYL,41.18,41.17,41.19,50000000.0,50000000.0,73,2026-02-04 12:34:53.159267
CLD,73.86,73.85,73.87,50000000.0,50000000.0,73,2026-02-04 12:34:53.159267
GGD,33.17,33.16,33.18,50000000.0,50000000.0,73,2026-02-04 12:34:53.159267
PNR,60.61,60.6,60.62,50000000.0,50000000.0,73,2026-02-04 12:34:53.159267
FSR,34.3,34.29,34.31,50000000.0,50000000.0,73,2026-02-04 12:34:53.159267
ATB,56.6,56.59,56.61,50000000.0,50000000.0,73,2026-02-04 12:34:53.159267
SPK,57.67,57.66,57.68,50000000.0,50000000.0,73,2026-02-04 12:34:53.159267
EEC,52.88,52.87,52.89,50000000.0,50000000.0,73,2026-02-04 12:34:53.159267
TGX,42.7,42.69,42.71,50000000.0,50000000.0,74,2026-02-04 12:34:54.192224
PHR,48.93,48.92,48.94,50000000.0,50000000.0,74,2026-02-04 12:34:54.192224
BYL,40.8,40.79,40.81,50000000.0,50000000.0,74,2026-02-04 12:34:54.192224
CLD,73.02,73.01,73.03,50000000.0,50000000.0,74,2026-02-04 12:34:54.192224
GGD,33.16,33.15,33.17,50000000.0,50000000.0,74,2026-02-04 12:34:54.192224
PNR,60.33,60.32,60.34,50000000.0,50000000.0,74,2026-02-04 12:34:54.192224
FSR,34.29,34.28,34.3,50000000.0,50000000.0,74,2026-02-04 12:34:54.192224
ATB,56.68,56.67,56.69,50000000.0,50000000.0,74,2026-02-04 12:34:54.192224
SPK,58.2,58.19,58.21,50000000.0,50000000.0,74,2026-02-04 12:34:54.192224
EEC,53.6,53.59,53.61,50000000.0,50000000.0,74,2026-02-04 12:34:54.192224
TGX,42.73,42.72,42.74,50000000.0,50000000.0,75,2026-02-04 12:34:55.234680
PHR,48.51,48.5,48.52,50000000.0,50000000.0,75,2026-02-04 12:34:55.234680
BYL,40.48,40.47,40.49,50000000.0,50000000.0,75,2026-02-04 12:34:55.234680
CLD,72.23,72.22,72.24,50000000.0,50000000.0,75,2026-02-04 12:34:55.234680
GGD,33.21,33.2,33.22,50000000.0,50000000.0,75,2026-02-04 12:34:55.234680
PNR,60.08,60.07,60.09,50000000.0,50000000.0,75,2026-02-04 12:34:55.234680
FSR,34.38,34.37,34.39,50000000.0,50000000.0,75,2026-02-04 12:34:55.234680
ATB,55.98,55.97,55.99,50000000.0,50000000.0,75,2026-02-04 12:34:55.234680
SPK,58.32,58.31,58.33,50000000.0,50000000.0,75,2026-02-04 12:34:55.234680
EEC,53.77,53.76,53.78,50000000.0,50000000.0,75,2026-02-04 12:34:55.234680
TGX,42.71,42.7,42.72,50000000.0,50000000.0,76,2026-02-04 12:34:56.278923
PHR,48.51,48.5,48.52,50000000.0,50000000.0,76,2026-02-04 12:34:56.278923
BYL,40.58,40.57,40.59,50000000.0,50000000.0,76,2026-02-04 12:34:56.278923
CLD,72.45,72.44,72.46,50000000.0,50000000.0,76,2026-02-04 12:34:56.278923
GGD,33.2,33.19,33.21,50000000.0,50000000.0,76,2026-02-04 12:34:56.278923
PNR,59.9,59.89,59.91,50000000.0,50000000.0,76,2026-02-04 12:34:56.278923
FSR,34.45,34.44,34.46,50000000.0,50000000.0,76,2026-02-04 12:34:56.278923
ATB,56.21,56.2,56.22,50000000.0,50000000.0,76,2026-02-04 12:34:56.278923
SPK,58.25,58.24,58.26,50000000.0,50000000.0,76,2026-02-04 12:34:56.278923
EEC,53.69,53.68,53.7,50000000.0,50000000.0,76,2026-02-04 12:34:56.278923
TGX,42.71,42.7,42.72,50000000.0,50000000.0,77,2026-02-04 12:34:57.328432,12.0,1.0,76.0,D3-GGD/PNR,Dividend Suspension Announced,PetroNorth suspends common dividend to preserve cash and accelerate debt paydown post-closing.
PHR,48.79,48.78,48.8,50000000.0,50000000.0,77,2026-02-04 12:34:57.328432,,,,,,
BYL,40.09,40.08,40.1,50000000.0,50000000.0,77,2026-02-04 12:34:57.328432,,,,,,
CLD,71.28,71.27,71.29,50000000.0,50000000.0,77,2026-02-04 12:34:57.328432,,,,,,
GGD,33.23,33.22,33.24,50000000.0,50000000.0,77,2026-02-04 12:34:57.328432,,,,,,
PNR,60.03,60.02,60.04,50000000.0,50000000.0,77,2026-02-04 12:34:57.328432,,,,,,
FSR,34.51,34.5,34.52,50000000.0,50000000.0,77,2026-02-04 12:34:57.328432,,,,,,
ATB,56.06,56.05,56.07,50000000.0,50000000.0,77,2026-02-04 12:34:57.328432,,,,,,
SPK,58.55,58.54,58.56,50000000.0,50000000.0,77,2026-02-04 12:34:57.328432,,,,,,
EEC,54.15,54.14,54.16,50000000.0,50000000.0,77,2026-02-04 12:34:57.328432,,,,,,
TGX,42.69,42.68,42.7,50000000.0,50000000.0,78,2026-02-04 12:34:58.375795
PHR,48.82,48.81,48.83,50000000.0,50000000.0,78,2026-02-04 12:34:58.375795
BYL,39.8,39.79,39.81,50000000.0,50000000.0,78,2026-02-04 12:34:58.375795
CLD,70.6,70.59,70.61,50000000.0,50000000.0,78,2026-02-04 12:34:58.375795
GGD,33.24,33.23,33.25,50000000.0,50000000.0,78,2026-02-04 12:34:58.375795
PNR,60.12,60.11,60.13,50000000.0,50000000.0,78,2026-02-04 12:34:58.375795
FSR,34.55,34.54,34.56,50000000.0,50000000.0,78,2026-02-04 12:34:58.375795
ATB,55.82,55.81,55.83,50000000.0,50000000.0,78,2026-02-04 12:34:58.375795
SPK,58.39,58.38,58.4,50000000.0,50000000.0,78,2026-02-04 12:34:58.375795
EEC,53.97,53.96,53.98,50000000.0,50000000.0,78,2026-02-04 12:34:58.375795
TGX,42.63,42.62,42.64,50000000.0,50000000.0,79,2026-02-04 12:34:59.421681,13.0,1.0,78.0,D5-SPK/EEC,Project Finance Commitment Secured,Major banks commit $2.5B in project finance for combined entity's development pipeline.
PHR,48.72,48.71,48.73,50000000.0,50000000.0,79,2026-02-04 12:34:59.421681,,,,,,
BYL,39.76,39.75,39.77,50000000.0,50000000.0,79,2026-02-04 12:34:59.421681,,,,,,
CLD,70.61,70.6,70.62,50000000.0,50000000.0,79,2026-02-04 12:34:59.421681,,,,,,
GGD,33.23,33.22,33.24,50000000.0,50000000.0,79,2026-02-04 12:34:59.421681,,,,,,
PNR,60.21,60.2,60.22,50000000.0,50000000.0,79,2026-02-04 12:34:59.421681,,,,,,
FSR,34.51,34.5,34.52,50000000.0,50000000.0,79,2026-02-04 12:34:59.421681,,,,,,
ATB,56.0,55.99,56.01,50000000.0,50000000.0,79,2026-02-04 12:34:59.421681,,,,,,
SPK,58.23,58.22,58.24,50000000.0,50000000.0,79,2026-02-04 12:34:59.421681,,,,,,
EEC,53.7,53.69,53.71,50000000.0,50000000.0,79,2026-02-04 12:34:59.421681,,,,,,
TGX,42.66,42.65,42.67,50000000.0,50000000.0,80,2026-02-04 12:34:59.955503
PHR,48.69,48.68,48.7,50000000.0,50000000.0,80,2026-02-04 12:34:59.955503
BYL,39.61,39.6,39.62,50000000.0,50000000.0,80,2026-02-04 12:34:59.955503
CLD,70.26,70.25,70.27,50000000.0,50000000.0,80,2026-02-04 12:34:59.955503
GGD,33.22,33.21,33.23,50000000.0,50000000.0,80,2026-02-04 12:34:59.955503
PNR,60.42,60.41,60.43,50000000.0,50000000.0,80,2026-02-04 12:34:59.955503
FSR,34.59,34.58,34.6,50000000.0,50000000.0,80,2026-02-04 12:34:59.955503
ATB,55.78,55.77,55.79,50000000.0,50000000.0,80,2026-02-04 12:34:59.955503
SPK,58.14,58.13,58.15,50000000.0,50000000.0,80,2026-02-04 12:34:59.955503
EEC,53.59,53.58,53.6,50000000.0,50000000.0,80,2026-02-04 12:34:59.955503
TGX,42.66,42.65,42.67,50000000.0,50000000.0,81,2026-02-04 12:35:00.990949
PHR,48.14,48.13,48.15,50000000.0,50000000.0,81,2026-02-04 12:35:00.990949
BYL,39.79,39.78,39.8,50000000.0,50000000.0,81,2026-02-04 12:35:00.990949
CLD,70.77,70.76,70.78,50000000.0,50000000.0,81,2026-02-04 12:35:00.990949
GGD,33.2,33.19,33.21,50000000.0,50000000.0,81,2026-02-04 12:35:00.990949
PNR,60.36,60.35,60.37,50000000.0,50000000.0,81,2026-02-04 12:35:00.990949
FSR,34.58,34.57,34.59,50000000.0,50000000.0,81,2026-02-04 12:35:00.990949
ATB,55.78,55.77,55.79,50000000.0,50000000.0,81,2026-02-04 12:35:00.990949
SPK,58.24,58.23,58.25,50000000.0,50000000.0,81,2026-02-04 12:35:00.990949
EEC,53.77,53.76,53.78,50000000.0,50000000.0,81,2026-02-04 12:35:00.990949
TGX,42.68,42.67,42.69,50000000.0,50000000.0,82,2026-02-04 12:35:02.031742
PHR,48.52,48.51,48.53,50000000.0,50000000.0,82,2026-02-04 12:35:02.031742
BYL,39.68,39.67,39.69,50000000.0,50000000.0,82,2026-02-04 12:35:02.031742
CLD,70.7,70.69,70.71,50000000.0,50000000.0,82,2026-02-04 12:35:02.031742
GGD,33.2,33.19,33.21,50000000.0,50000000.0,82,2026-02-04 12:35:02.031742
PNR,60.49,60.48,60.5,50000000.0,50000000.0,82,2026-02-04 12:35:02.031742
FSR,34.57,34.56,34.58,50000000.0,50000000.0,82,2026-02-04 12:35:02.031742
ATB,55.09,55.08,55.1,50000000.0,50000000.0,82,2026-02-04 12:35:02.031742
SPK,58.2,58.19,58.21,50000000.0,50000000.0,82,2026-02-04 12:35:02.031742
EEC,53.66,53.65,53.67,50000000.0,50000000.0,82,2026-02-04 12:35:02.031742
TGX,42.73,42.72,42.74,50000000.0,50000000.0,83,2026-02-04 12:35:03.080821
PHR,48.59,48.58,48.6,50000000.0,50000000.0,83,2026-02-04 12:35:03.080821
BYL,39.61,39.6,39.62,50000000.0,50000000.0,83,2026-02-04 12:35:03.080821
CLD,70.33,70.32,70.34,50000000.0,50000000.0,83,2026-02-04 12:35:03.080821
GGD,33.2,33.19,33.21,50000000.0,50000000.0,83,2026-02-04 12:35:03.080821
PNR,60.32,60.31,60.33,50000000.0,50000000.0,83,2026-02-04 12:35:03.080821
FSR,34.54,34.53,34.55,50000000.0,50000000.0,83,2026-02-04 12:35:03.080821
ATB,55.19,55.18,55.2,50000000.0,50000000.0,83,2026-02-04 12:35:03.080821
SPK,57.97,57.96,57.98,50000000.0,50000000.0,83,2026-02-04 12:35:03.080821
EEC,53.38,53.37,53.39,50000000.0,50000000.0,83,2026-02-04 12:35:03.080821
TGX,42.77,42.76,42.78,50000000.0,50000000.0,84,2026-02-04 12:35:04.121602
PHR,48.33,48.32,48.34,50000000.0,50000000.0,84,2026-02-04 12:35:04.121602
BYL,39.7,39.69,39.71,50000000.0,50000000.0,84,2026-02-04 12:35:04.121602
CLD,70.52,70.51,70.53,50000000.0,50000000.0,84,2026-02-04 12:35:04.121602
GGD,33.25,33.24,33.26,50000000.0,50000000.0,84,2026-02-04 12:35:04.121602
PNR,60.51,60.5,60.52,50000000.0,50000000.0,84,2026-02-04 12:35:04.121602
FSR,34.48,34.47,34.49,50000000.0,50000000.0,84,2026-02-04 12:35:04.121602
ATB,55.5,55.49,55.51,50000000.0,50000000.0,84,2026-02-04 12:35:04.121602
SPK,58.07,58.06,58.08,50000000.0,50000000.0,84,2026-02-04 12:35:04.121602
EEC,53.57,53.56,53.58,50000000.0,50000000.0,84,2026-02-04 12:35:04.121602
TGX,42.75,42.74,42.76,50000000.0,50000000.0,85,2026-02-04 12:35:05.166212
PHR,48.45,48.44,48.46,50000000.0,50000000.0,85,2026-02-04 12:35:05.166212
BYL,39.55,39.54,39.56,50000000.0,50000000.0,85,2026-02-04 12:35:05.166212
CLD,70.14,70.13,70.15,50000000.0,50000000.0,85,2026-02-04 12:35:05.166212
GGD,33.22,33.21,33.23,50000000.0,50000000.0,85,2026-02-04 12:35:05.166212
PNR,60.54,60.53,60.55,50000000.0,50000000.0,85,2026-02-04 12:35:05.166212
FSR,34.45,34.44,34.46,50000000.0,50000000.0,85,2026-02-04 12:35:05.166212
ATB,55.47,55.46,55.48,50000000.0,50000000.0,85,2026-02-04 12:35:05.166212
SPK,58.02,58.01,58.03,50000000.0,50000000.0,85,2026-02-04 12:35:05.166212
EEC,53.59,53.58,53.6,50000000.0,50000000.0,85,2026-02-04 12:35:05.166212
TGX,42.74,42.73,42.75,50000000.0,50000000.0,86,2026-02-04 12:35:06.199022
PHR,48.39,48.38,48.4,50000000.0,50000000.0,86,2026-02-04 12:35:06.199022
BYL,39.61,39.6,39.62,50000000.0,50000000.0,86,2026-02-04 12:35:06.199022
CLD,70.26,70.25,70.27,50000000.0,50000000.0,86,2026-02-04 12:35:06.199022
GGD,33.27,33.26,33.28,50000000.0,50000000.0,86,2026-02-04 12:35:06.199022
PNR,60.54,60.53,60.55,50000000.0,50000000.0,86,2026-02-04 12:35:06.199022
FSR,34.4,34.39,34.41,50000000.0,50000000.0,86,2026-02-04 12:35:06.199022
ATB,55.43,55.42,55.44,50000000.0,50000000.0,86,2026-02-04 12:35:06.199022
SPK,58.36,58.35,58.37,50000000.0,50000000.0,86,2026-02-04 12:35:06.199022
EEC,54.11,54.1,54.12,50000000.0,50000000.0,86,2026-02-04 12:35:06.199022
TGX,42.73,42.72,42.74,50000000.0,50000000.0,87,2026-02-04 12:35:07.233379,14.0,1.0,86.0,D4-FSR/ATB,Potential Competing Interest Emerges,Market speculation about potential interest from larger regional bank seeking scale.
PHR,47.96,47.95,47.97,50000000.0,50000000.0,87,2026-02-04 12:35:07.233379,,,,,,
BYL,39.35,39.34,39.36,50000000.0,50000000.0,87,2026-02-04 12:35:07.233379,,,,,,
CLD,69.77,69.76,69.78,50000000.0,50000000.0,87,2026-02-04 12:35:07.233379,,,,,,
GGD,33.24,33.23,33.25,50000000.0,50000000.0,87,2026-02-04 12:35:07.233379,,,,,,
PNR,60.91,60.9,60.92,50000000.0,50000000.0,87,2026-02-04 12:35:07.233379,,,,,,
FSR,34.54,34.53,34.55,50000000.0,50000000.0,87,2026-02-04 12:35:07.233379,,,,,,
ATB,55.53,55.52,55.54,50000000.0,50000000.0,87,2026-02-04 12:35:07.233379,,,,,,
SPK,58.47,58.46,58.48,50000000.0,50000000.0,87,2026-02-04 12:35:07.233379,,,,,,
EEC,54.2,54.19,54.21,50000000.0,50000000.0,87,2026-02-04 12:35:07.233379,,,,,,
TGX,42.81,42.8,42.82,50000000.0,50000000.0,88,2026-02-04 12:35:08.277844
PHR,47.83,47.82,47.84,50000000.0,50000000.0,88,2026-02-04 12:35:08.277844
BYL,39.23,39.22,39.24,50000000.0,50000000.0,88,2026-02-04 12:35:08.277844
CLD,69.5,69.49,69.51,50000000.0,50000000.0,88,2026-02-04 12:35:08.277844
GGD,33.35,33.34,33.36,50000000.0,50000000.0,88,2026-02-04 12:35:08.277844
PNR,61.0,60.99,61.01,50000000.0,50000000.0,88,2026-02-04 12:35:08.277844
FSR,34.6,34.59,34.61,50000000.0,50000000.0,88,2026-02-04 12:35:08.277844
ATB,55.06,55.05,55.07,50000000.0,50000000.0,88,2026-02-04 12:35:08.277844
SPK,58.38,58.37,58.39,50000000.0,50000000.0,88,2026-02-04 12:35:08.277844
EEC,54.13,54.12,54.14,50000000.0,50000000.0,88,2026-02-04 12:35:08.277844
TGX,42.82,42.81,42.83,50000000.0,50000000.0,89,2026-02-04 12:35:09.306471,15.0,1.0,88.0,D1-TGX/PHR,FTC Clears Transaction - Early Termination,"The FTC has granted early termination of the HSR waiting period, indicating no significant competitive concerns at the federal level. One major regulatory hurdle cleared."
PHR,47.72,47.71,47.73,50000000.0,50000000.0,89,2026-02-04 12:35:09.306471,,,,,,
BYL,39.26,39.25,39.27,50000000.0,50000000.0,89,2026-02-04 12:35:09.306471,,,,,,
CLD,69.61,69.6,69.62,50000000.0,50000000.0,89,2026-02-04 12:35:09.306471,,,,,,
GGD,33.38,33.37,33.39,50000000.0,50000000.0,89,2026-02-04 12:35:09.306471,,,,,,
PNR,60.9,60.89,60.91,50000000.0,50000000.0,89,2026-02-04 12:35:09.306471,,,,,,
FSR,34.6,34.59,34.61,50000000.0,50000000.0,89,2026-02-04 12:35:09.306471,,,,,,
ATB,54.14,54.13,54.15,50000000.0,50000000.0,89,2026-02-04 12:35:09.306471,,,,,,
SPK,58.86,58.85,58.87,50000000.0,50000000.0,89,2026-02-04 12:35:09.306471,,,,,,
EEC,54.79,54.78,54.8,50000000.0,50000000.0,89,2026-02-04 12:35:09.306471,,,,,,
TGX,42.81,42.8,42.82,50000000.0,50000000.0,90,2026-02-04 12:35:10.357421
PHR,47.85,47.84,47.86,50000000.0,50000000.0,90,2026-02-04 12:35:10.357421
BYL,38.96,38.95,38.97,50000000.0,50000000.0,90,2026-02-04 12:35:10.357421
CLD,69.1,69.09,69.11,50000000.0,50000000.0,90,2026-02-04 12:35:10.357421
GGD,33.23,33.22,33.24,50000000.0,50000000.0,90,2026-02-04 12:35:10.357421
PNR,60.79,60.78,60.8,50000000.0,50000000.0,90,2026-02-04 12:35:10.357421
FSR,34.54,34.53,34.55,50000000.0,50000000.0,90,2026-02-04 12:35:10.357421
ATB,54.53,54.52,54.54,50000000.0,50000000.0,90,2026-02-04 12:35:10.357421
SPK,59.4,59.39,59.41,50000000.0,50000000.0,90,2026-02-04 12:35:10.357421
EEC,55.54,55.53,55.55,50000000.0,50000000.0,90,2026-02-04 12:35:10.357421
TGX,42.86,42.85,42.87,50000000.0,50000000.0,91,2026-02-04 12:35:11.411850
PHR,48.19,48.18,48.2,50000000.0,50000000.0,91,2026-02-04 12:35:11.411850
BYL,39.15,39.14,39.16,50000000.0,50000000.0,91,2026-02-04 12:35:11.411850
CLD,69.48,69.47,69.49,50000000.0,50000000.0,91,2026-02-04 12:35:11.411850
GGD,33.2,33.19,33.21,50000000.0,50000000.0,91,2026-02-04 12:35:11.411850
PNR,60.71,60.7,60.72,50000000.0,50000000.0,91,2026-02-04 12:35:11.411850
FSR,34.57,34.56,34.58,50000000.0,50000000.0,91,2026-02-04 12:35:11.411850
ATB,54.93,54.92,54.94,50000000.0,50000000.0,91,2026-02-04 12:35:11.411850
SPK,59.18,59.17,59.19,50000000.0,50000000.0,91,2026-02-04 12:35:11.411850
EEC,55.24,55.23,55.25,50000000.0,50000000.0,91,2026-02-04 12:35:11.411850
TGX,42.82,42.81,42.83,50000000.0,50000000.0,92,2026-02-04 12:35:12.450251
PHR,48.17,48.16,48.18,50000000.0,50000000.0,92,2026-02-04 12:35:12.450251
BYL,39.41,39.4,39.42,50000000.0,50000000.0,92,2026-02-04 12:35:12.450251
CLD,70.09,70.08,70.1,50000000.0,50000000.0,92,2026-02-04 12:35:12.450251
GGD,34.06,34.05,34.07,50000000.0,50000000.0,92,2026-02-04 12:35:12.450251
PNR,60.49,60.48,60.5,50000000.0,50000000.0,92,2026-02-04 12:35:12.450251
FSR,34.5,34.49,34.51,50000000.0,50000000.0,92,2026-02-04 12:35:12.450251
ATB,54.83,54.82,54.84,50000000.0,50000000.0,92,2026-02-04 12:35:12.450251
SPK,58.93,58.92,58.94,50000000.0,50000000.0,92,2026-02-04 12:35:12.450251
EEC,54.9,54.89,54.91,50000000.0,50000000.0,92,2026-02-04 12:35:12.450251
TGX,42.81,42.8,42.82,50000000.0,50000000.0,93,2026-02-04 12:35:13.477714
PHR,48.39,48.38,48.4,50000000.0,50000000.0,93,2026-02-04 12:35:13.477714
BYL,39.49,39.48,39.5,50000000.0,50000000.0,93,2026-02-04 12:35:13.477714
CLD,70.34,70.33,70.35,50000000.0,50000000.0,93,2026-02-04 12:35:13.477714
GGD,34.1,34.09,34.11,50000000.0,50000000.0,93,2026-02-04 12:35:13.477714
PNR,60.34,60.33,60.35,50000000.0,50000000.0,93,2026-02-04 12:35:13.477714
FSR,34.56,34.55,34.57,50000000.0,50000000.0,93,2026-02-04 12:35:13.477714
ATB,55.05,55.04,55.06,50000000.0,50000000.0,93,2026-02-04 12:35:13.477714
SPK,58.98,58.97,58.99,50000000.0,50000000.0,93,2026-02-04 12:35:13.477714
EEC,54.96,54.95,54.97,50000000.0,50000000.0,93,2026-02-04 12:35:13.477714
TGX,42.81,42.8,42.82,50000000.0,50000000.0,94,2026-02-04 12:35:14.506500
PHR,48.37,48.36,48.38,50000000.0,50000000.0,94,2026-02-04 12:35:14.506500
BYL,39.45,39.44,39.46,50000000.0,50000000.0,94,2026-02-04 12:35:14.506500
CLD,70.11,70.1,70.12,50000000.0,50000000.0,94,2026-02-04 12:35:14.506500
GGD,34.17,34.16,34.18,50000000.0,50000000.0,94,2026-02-04 12:35:14.506500
PNR,60.45,60.44,60.46,50000000.0,50000000.0,94,2026-02-04 12:35:14.506500
FSR,34.62,34.61,34.63,50000000.0,50000000.0,94,2026-02-04 12:35:14.506500
ATB,55.5,55.49,55.51,50000000.0,50000000.0,94,2026-02-04 12:35:14.506500
SPK,59.37,59.36,59.38,50000000.0,50000000.0,94,2026-02-04 12:35:14.506500
EEC,55.48,55.47,55.49,50000000.0,50000000.0,94,2026-02-04 12:35:14.506500
TGX,42.84,42.83,42.85,50000000.0,50000000.0,95,2026-02-04 12:35:15.039032
PHR,48.22,48.21,48.23,50000000.0,50000000.0,95,2026-02-04 12:35:15.039032
BYL,39.43,39.42,39.44,50000000.0,50000000.0,95,2026-02-04 12:35:15.039032
CLD,70.23,70.22,70.24,50000000.0,50000000.0,95,2026-02-04 12:35:15.039032
GGD,34.07,34.06,34.08,50000000.0,50000000.0,95,2026-02-04 12:35:15.039032
PNR,60.27,60.26,60.28,50000000.0,50000000.0,95,2026-02-04 12:35:15.039032
FSR,34.61,34.6,34.62,50000000.0,50000000.0,95,2026-02-04 12:35:15.039032
ATB,55.65,55.64,55.66,50000000.0,50000000.0,95,2026-02-04 12:35:15.039032
SPK,59.05,59.04,59.06,50000000.0,50000000.0,95,2026-02-04 12:35:15.039032
EEC,55.09,55.08,55.1,50000000.0,50000000.0,95,2026-02-04 12:35:15.039032
TGX,42.93,42.92,42.94,50000000.0,50000000.0,96,2026-02-04 12:35:16.084578
PHR,47.83,47.82,47.84,50000000.0,50000000.0,96,2026-02-04 12:35:16.084578
BYL,39.36,39.35,39.37,50000000.0,50000000.0,96,2026-02-04 12:35:16.084578
CLD,70.14,70.13,70.15,50000000.0,50000000.0,96,2026-02-04 12:35:16.084578
GGD,34.08,34.07,34.09,50000000.0,50000000.0,96,2026-02-04 12:35:16.084578
PNR,60.24,60.23,60.25,50000000.0,50000000.0,96,2026-02-04 12:35:16.084578
FSR,34.59,34.58,34.6,50000000.0,50000000.0,96,2026-02-04 12:35:16.084578
ATB,55.63,55.62,55.64,50000000.0,50000000.0,96,2026-02-04 12:35:16.084578
SPK,59.17,59.16,59.18,50000000.0,50000000.0,96,2026-02-04 12:35:16.084578
EEC,55.34,55.33,55.35,50000000.0,50000000.0,96,2026-02-04 12:35:16.084578
TGX,42.87,42.86,42.88,50000000.0,50000000.0,97,2026-02-04 12:35:17.136275
PHR,47.83,47.82,47.84,50000000.0,50000000.0,97,2026-02-04 12:35:17.136275
BYL,39.33,39.32,39.34,50000000.0,50000000.0,97,2026-02-04 12:35:17.136275
CLD,69.89,69.88,69.9,50000000.0,50000000.0,97,2026-02-04 12:35:17.136275
GGD,34.01,34.0,34.02,50000000.0,50000000.0,97,2026-02-04 12:35:17.136275
PNR,60.33,60.32,60.34,50000000.0,50000000.0,97,2026-02-04 12:35:17.136275
FSR,34.63,34.62,34.64,50000000.0,50000000.0,97,2026-02-04 12:35:17.136275
ATB,55.81,55.8,55.82,50000000.0,50000000.0,97,2026-02-04 12:35:17.136275
SPK,59.33,59.32,59.34,50000000.0,50000000.0,97,2026-02-04 12:35:17.136275
EEC,55.54,55.53,55.55,50000000.0,50000000.0,97,2026-02-04 12:35:17.136275
TGX,42.84,42.83,42.85,50000000.0,50000000.0,98,2026-02-04 12:35:18.192881
PHR,47.83,47.82,47.84,50000000.0,50000000.0,98,2026-02-04 12:35:18.192881
BYL,39.31,39.3,39.32,50000000.0,50000000.0,98,2026-02-04 12:35:18.192881
CLD,69.77,69.76,69.78,50000000.0,50000000.0,98,2026-02-04 12:35:18.192881
GGD,34.06,34.05,34.07,50000000.0,50000000.0,98,2026-02-04 12:35:18.192881
PNR,60.28,60.27,60.29,50000000.0,50000000.0,98,2026-02-04 12:35:18.192881
FSR,34.64,34.63,34.65,50000000.0,50000000.0,98,2026-02-04 12:35:18.192881
ATB,56.08,56.07,56.09,50000000.0,50000000.0,98,2026-02-04 12:35:18.192881
SPK,59.27,59.26,59.28,50000000.0,50000000.0,98,2026-02-04 12:35:18.192881
EEC,55.48,55.47,55.49,50000000.0,50000000.0,98,2026-02-04 12:35:18.192881
TGX,42.78,42.77,42.79,50000000.0,50000000.0,99,2026-02-04 12:35:19.234376
PHR,47.67,47.66,47.68,50000000.0,50000000.0,99,2026-02-04 12:35:19.234376
BYL,39.27,39.26,39.28,50000000.0,50000000.0,99,2026-02-04 12:35:19.234376
CLD,69.49,69.48,69.5,50000000.0,50000000.0,99,2026-02-04 12:35:19.234376
GGD,34.06,34.05,34.07,50000000.0,50000000.0,99,2026-02-04 12:35:19.234376
PNR,60.71,60.7,60.72,50000000.0,50000000.0,99,2026-02-04 12:35:19.234376
FSR,34.58,34.57,34.59,50000000.0,50000000.0,99,2026-02-04 12:35:19.234376
ATB,56.42,56.41,56.43,50000000.0,50000000.0,99,2026-02-04 12:35:19.234376
SPK,59.12,59.11,59.13,50000000.0,50000000.0,99,2026-02-04 12:35:19.234376
EEC,55.17,55.16,55.18,50000000.0,50000000.0,99,2026-02-04 12:35:19.234376
TGX,42.82,42.81,42.83,50000000.0,50000000.0,100,2026-02-04 12:35:20.272329
PHR,47.48,47.47,47.49,50000000.0,50000000.0,100,2026-02-04 12:35:20.272329
BYL,39.3,39.29,39.31,50000000.0,50000000.0,100,2026-02-04 12:35:20.272329
CLD,69.65,69.64,69.66,50000000.0,50000000.0,100,2026-02-04 12:35:20.272329
GGD,33.95,33.94,33.96,50000000.0,50000000.0,100,2026-02-04 12:35:20.272329
PNR,60.62,60.61,60.63,50000000.0,50000000.0,100,2026-02-04 12:35:20.272329
FSR,34.6,34.59,34.61,50000000.0,50000000.0,100,2026-02-04 12:35:20.272329
ATB,56.56,56.55,56.57,50000000.0,50000000.0,100,2026-02-04 12:35:20.272329
SPK,59.57,59.56,59.58,50000000.0,50000000.0,100,2026-02-04 12:35:20.272329
EEC,55.84,55.83,55.85,50000000.0,50000000.0,100,2026-02-04 12:35:20.272329
TGX,42.86,42.85,42.87,50000000.0,50000000.0,101,2026-02-04 12:35:21.307397
PHR,47.55,47.54,47.56,50000000.0,50000000.0,101,2026-02-04 12:35:21.307397
BYL,39.5,39.49,39.51,50000000.0,50000000.0,101,2026-02-04 12:35:21.307397
CLD,70.09,70.08,70.1,50000000.0,50000000.0,101,2026-02-04 12:35:21.307397
GGD,34.07,34.06,34.08,50000000.0,50000000.0,101,2026-02-04 12:35:21.307397
PNR,60.58,60.57,60.59,50000000.0,50000000.0,101,2026-02-04 12:35:21.307397
FSR,34.47,34.46,34.48,50000000.0,50000000.0,101,2026-02-04 12:35:21.307397
ATB,57.66,57.65,57.67,50000000.0,50000000.0,101,2026-02-04 12:35:21.307397
SPK,59.96,59.95,59.97,50000000.0,50000000.0,101,2026-02-04 12:35:21.307397
EEC,56.41,56.4,56.42,50000000.0,50000000.0,101,2026-02-04 12:35:21.307397
TGX,42.8,42.79,42.81,50000000.0,50000000.0,102,2026-02-04 12:35:22.352494
PHR,47.68,47.67,47.69,50000000.0,50000000.0,102,2026-02-04 12:35:22.352494
BYL,39.4,39.39,39.41,50000000.0,50000000.0,102,2026-02-04 12:35:22.352494
CLD,69.78,69.77,69.79,50000000.0,50000000.0,102,2026-02-04 12:35:22.352494
GGD,34.07,34.06,34.08,50000000.0,50000000.0,102,2026-02-04 12:35:22.352494
PNR,60.58,60.57,60.59,50000000.0,50000000.0,102,2026-02-04 12:35:22.352494
FSR,34.54,34.53,34.55,50000000.0,50000000.0,102,2026-02-04 12:35:22.352494
ATB,57.62,57.61,57.63,50000000.0,50000000.0,102,2026-02-04 12:35:22.352494
SPK,59.81,59.8,59.82,50000000.0,50000000.0,102,2026-02-04 12:35:22.352494
EEC,56.27,56.26,56.28,50000000.0,50000000.0,102,2026-02-04 12:35:22.352494
TGX,42.82,42.81,42.83,50000000.0,50000000.0,103,2026-02-04 12:35:23.390144
PHR,47.27,47.26,47.28,50000000.0,50000000.0,103,2026-02-04 12:35:23.390144
BYL,39.72,39.71,39.73,50000000.0,50000000.0,103,2026-02-04 12:35:23.390144
CLD,70.56,70.55,70.57,50000000.0,50000000.0,103,2026-02-04 12:35:23.390144
GGD,34.04,34.03,34.05,50000000.0,50000000.0,103,2026-02-04 12:35:23.390144
PNR,60.35,60.34,60.36,50000000.0,50000000.0,103,2026-02-04 12:35:23.390144
FSR,35.4,35.39,35.41,50000000.0,50000000.0,103,2026-02-04 12:35:23.390144
ATB,57.54,57.53,57.55,50000000.0,50000000.0,103,2026-02-04 12:35:23.390144
SPK,59.96,59.95,59.97,50000000.0,50000000.0,103,2026-02-04 12:35:23.390144
EEC,56.48,56.47,56.49,50000000.0,50000000.0,103,2026-02-04 12:35:23.390144
TGX,42.8,42.79,42.81,50000000.0,50000000.0,104,2026-02-04 12:35:24.435309
PHR,47.67,47.66,47.68,50000000.0,50000000.0,104,2026-02-04 12:35:24.435309
BYL,39.65,39.64,39.66,50000000.0,50000000.0,104,2026-02-04 12:35:24.435309
CLD,70.47,70.46,70.48,50000000.0,50000000.0,104,2026-02-04 12:35:24.435309
GGD,33.99,33.98,34.0,50000000.0,50000000.0,104,2026-02-04 12:35:24.435309
PNR,60.34,60.33,60.35,50000000.0,50000000.0,104,2026-02-04 12:35:24.435309
FSR,35.4,35.39,35.41,50000000.0,50000000.0,104,2026-02-04 12:35:24.435309
ATB,57.69,57.68,57.7,50000000.0,50000000.0,104,2026-02-04 12:35:24.435309
SPK,59.63,59.62,59.64,50000000.0,50000000.0,104,2026-02-04 12:35:24.435309
EEC,56.03,56.02,56.04,50000000.0,50000000.0,104,2026-02-04 12:35:24.435309
TGX,46.46,46.45,46.47,50000000.0,50000000.0,105,2026-02-04 12:35:25.478822
PHR,48.15,48.14,48.16,50000000.0,50000000.0,105,2026-02-04 12:35:25.478822
BYL,39.67,39.66,39.68,50000000.0,50000000.0,105,2026-02-04 12:35:25.478822
CLD,70.55,70.54,70.56,50000000.0,50000000.0,105,2026-02-04 12:35:25.478822
GGD,33.9,33.89,33.91,50000000.0,50000000.0,105,2026-02-04 12:35:25.478822
PNR,60.01,60.0,60.02,50000000.0,50000000.0,105,2026-02-04 12:35:25.478822
FSR,35.4,35.39,35.41,50000000.0,50000000.0,105,2026-02-04 12:35:25.478822
ATB,57.67,57.66,57.68,50000000.0,50000000.0,105,2026-02-04 12:35:25.478822
SPK,60.36,60.35,60.37,50000000.0,50000000.0,105,2026-02-04 12:35:25.478822
EEC,57.1,57.09,57.11,50000000.0,50000000.0,105,2026-02-04 12:35:25.478822
TGX,46.39,46.38,46.4,50000000.0,50000000.0,106,2026-02-04 12:35:26.538571
PHR,47.91,47.9,47.92,50000000.0,50000000.0,106,2026-02-04 12:35:26.538571
BYL,39.53,39.52,39.54,50000000.0,50000000.0,106,2026-02-04 12:35:26.538571
CLD,70.03,70.02,70.04,50000000.0,50000000.0,106,2026-02-04 12:35:26.538571
GGD,33.97,33.96,33.98,50000000.0,50000000.0,106,2026-02-04 12:35:26.538571
PNR,59.93,59.92,59.94,50000000.0,50000000.0,106,2026-02-04 12:35:26.538571
FSR,35.47,35.46,35.48,50000000.0,50000000.0,106,2026-02-04 12:35:26.538571
ATB,57.21,57.2,57.22,50000000.0,50000000.0,106,2026-02-04 12:35:26.538571
SPK,60.49,60.48,60.5,50000000.0,50000000.0,106,2026-02-04 12:35:26.538571
EEC,57.33,57.32,57.34,50000000.0,50000000.0,106,2026-02-04 12:35:26.538571
TGX,46.36,46.35,46.37,50000000.0,50000000.0,107,2026-02-04 12:35:27.582371
PHR,48.12,48.11,48.13,50000000.0,50000000.0,107,2026-02-04 12:35:27.582371
BYL,39.34,39.33,39.35,50000000.0,50000000.0,107,2026-02-04 12:35:27.582371
CLD,69.41,69.4,69.42,50000000.0,50000000.0,107,2026-02-04 12:35:27.582371
GGD,33.96,33.95,33.97,50000000.0,50000000.0,107,2026-02-04 12:35:27.582371
PNR,60.2,60.19,60.21,50000000.0,50000000.0,107,2026-02-04 12:35:27.582371
FSR,35.51,35.5,35.52,50000000.0,50000000.0,107,2026-02-04 12:35:27.582371
ATB,57.08,57.07,57.09,50000000.0,50000000.0,107,2026-02-04 12:35:27.582371
SPK,60.41,60.4,60.42,50000000.0,50000000.0,107,2026-02-04 12:35:27.582371
EEC,57.27,57.26,57.28,50000000.0,50000000.0,107,2026-02-04 12:35:27.582371
TGX,46.33,46.32,46.34,50000000.0,50000000.0,108,2026-02-04 12:35:28.125747
PHR,48.33,48.32,48.34,50000000.0,50000000.0,108,2026-02-04 12:35:28.125747
BYL,39.69,39.68,39.7,50000000.0,50000000.0,108,2026-02-04 12:35:28.125747
CLD,70.15,70.14,70.16,50000000.0,50000000.0,108,2026-02-04 12:35:28.125747
GGD,34.07,34.06,34.08,50000000.0,50000000.0,108,2026-02-04 12:35:28.125747
PNR,60.29,60.28,60.3,50000000.0,50000000.0,108,2026-02-04 12:35:28.125747
FSR,35.57,35.56,35.58,50000000.0,50000000.0,108,2026-02-04 12:35:28.125747
ATB,56.15,56.14,56.16,50000000.0,50000000.0,108,2026-02-04 12:35:28.125747
SPK,60.35,60.34,60.36,50000000.0,50000000.0,108,2026-02-04 12:35:28.125747
EEC,57.19,57.18,57.2,50000000.0,50000000.0,108,2026-02-04 12:35:28.125747
TGX,46.33,46.32,46.34,50000000.0,50000000.0,109,2026-02-04 12:35:29.172336
PHR,48.38,48.37,48.39,50000000.0,50000000.0,109,2026-02-04 12:35:29.172336
BYL,39.53,39.52,39.54,50000000.0,50000000.0,109,2026-02-04 12:35:29.172336
CLD,69.66,69.65,69.67,50000000.0,50000000.0,109,2026-02-04 12:35:29.172336
GGD,34.06,34.05,34.07,50000000.0,50000000.0,109,2026-02-04 12:35:29.172336
PNR,60.15,60.14,60.16,50000000.0,50000000.0,109,2026-02-04 12:35:29.172336
FSR,36.38,36.37,36.39,50000000.0,50000000.0,109,2026-02-04 12:35:29.172336
ATB,56.47,56.46,56.48,50000000.0,50000000.0,109,2026-02-04 12:35:29.172336
SPK,60.16,60.15,60.17,50000000.0,50000000.0,109,2026-02-04 12:35:29.172336
EEC,56.91,56.9,56.92,50000000.0,50000000.0,109,2026-02-04 12:35:29.172336
TGX,46.3,46.29,46.31,50000000.0,50000000.0,110,2026-02-04 12:35:30.226001
PHR,48.41,48.4,48.42,50000000.0,50000000.0,110,2026-02-04 12:35:30.226001
BYL,39.22,39.21,39.23,50000000.0,50000000.0,110,2026-02-04 12:35:30.226001
CLD,68.94,68.93,68.95,50000000.0,50000000.0,110,2026-02-04 12:35:30.226001
GGD,34.13,34.12,34.14,50000000.0,50000000.0,110,2026-02-04 12:35:30.226001
PNR,60.28,60.27,60.29,50000000.0,50000000.0,110,2026-02-04 12:35:30.226001
FSR,36.38,36.37,36.39,50000000.0,50000000.0,110,2026-02-04 12:35:30.226001
ATB,56.38,56.37,56.39,50000000.0,50000000.0,110,2026-02-04 12:35:30.226001
SPK,59.63,59.62,59.64,50000000.0,50000000.0,110,2026-02-04 12:35:30.226001
EEC,56.18,56.17,56.19,50000000.0,50000000.0,110,2026-02-04 12:35:30.226001
TGX,46.3,46.29,46.31,50000000.0,50000000.0,111,2026-02-04 12:35:31.288071
PHR,48.18,48.17,48.19,50000000.0,50000000.0,111,2026-02-04 12:35:31.288071
BYL,39.34,39.33,39.35,50000000.0,50000000.0,111,2026-02-04 12:35:31.288071
CLD,69.13,69.12,69.14,50000000.0,50000000.0,111,2026-02-04 12:35:31.288071
GGD,34.13,34.12,34.14,50000000.0,50000000.0,111,2026-02-04 12:35:31.288071
PNR,60.14,60.13,60.15,50000000.0,50000000.0,111,2026-02-04 12:35:31.288071
FSR,36.36,36.35,36.37,50000000.0,50000000.0,111,2026-02-04 12:35:31.288071
ATB,55.75,55.74,55.76,50000000.0,50000000.0,111,2026-02-04 12:35:31.288071
SPK,59.57,59.56,59.58,50000000.0,50000000.0,111,2026-02-04 12:35:31.288071
EEC,56.12,56.11,56.13,50000000.0,50000000.0,111,2026-02-04 12:35:31.288071
TGX,46.25,46.24,46.26,50000000.0,50000000.0,112,2026-02-04 12:35:32.328665
PHR,48.52,48.51,48.53,50000000.0,50000000.0,112,2026-02-04 12:35:32.328665
BYL,39.4,39.39,39.41,50000000.0,50000000.0,112,2026-02-04 12:35:32.328665
CLD,69.31,69.3,69.32,50000000.0,50000000.0,112,2026-02-04 12:35:32.328665
GGD,34.2,34.19,34.21,50000000.0,50000000.0,112,2026-02-04 12:35:32.328665
PNR,60.68,60.67,60.69,50000000.0,50000000.0,112,2026-02-04 12:35:32.328665
FSR,36.4,36.39,36.41,50000000.0,50000000.0,112,2026-02-04 12:35:32.328665
ATB,55.19,55.18,55.2,50000000.0,50000000.0,112,2026-02-04 12:35:32.328665
SPK,59.28,59.27,59.29,50000000.0,50000000.0,112,2026-02-04 12:35:32.328665
EEC,55.63,55.62,55.64,50000000.0,50000000.0,112,2026-02-04 12:35:32.328665
TGX,46.23,46.22,46.24,50000000.0,50000000.0,113,2026-02-04 12:35:33.369798
PHR,48.36,48.35,48.37,50000000.0,50000000.0,113,2026-02-04 12:35:33.369798
BYL,39.18,39.17,39.19,50000000.0,50000000.0,113,2026-02-04 12:35:33.369798
CLD,68.94,68.93,68.95,50000000.0,50000000.0,113,2026-02-04 12:35:33.369798
GGD,34.25,34.24,34.26,50000000.0,50000000.0,113,2026-02-04 12:35:33.369798
PNR,60.67,60.66,60.68,50000000.0,50000000.0,113,2026-02-04 12:35:33.369798
FSR,36.29,36.28,36.3,50000000.0,50000000.0,113,2026-02-04 12:35:33.369798
ATB,54.4,54.39,54.41,50000000.0,50000000.0,113,2026-02-04 12:35:33.369798
SPK,59.08,59.07,59.09,50000000.0,50000000.0,113,2026-02-04 12:35:33.369798
EEC,55.34,55.33,55.35,50000000.0,50000000.0,113,2026-02-04 12:35:33.369798
TGX,46.27,46.26,46.28,50000000.0,50000000.0,114,2026-02-04 12:35:34.412723
PHR,48.36,48.35,48.37,50000000.0,50000000.0,114,2026-02-04 12:35:34.412723
BYL,39.4,39.39,39.41,50000000.0,50000000.0,114,2026-02-04 12:35:34.412723
CLD,69.58,69.57,69.59,50000000.0,50000000.0,114,2026-02-04 12:35:34.412723
GGD,34.22,34.21,34.23,50000000.0,50000000.0,114,2026-02-04 12:35:34.412723
PNR,60.5,60.49,60.51,50000000.0,50000000.0,114,2026-02-04 12:35:34.412723
FSR,36.24,36.23,36.25,50000000.0,50000000.0,114,2026-02-04 12:35:34.412723
ATB,54.38,54.37,54.39,50000000.0,50000000.0,114,2026-02-04 12:35:34.412723
SPK,59.51,59.5,59.52,50000000.0,50000000.0,114,2026-02-04 12:35:34.412723
EEC,55.97,55.96,55.98,50000000.0,50000000.0,114,2026-02-04 12:35:34.412723
TGX,46.25,46.24,46.26,50000000.0,50000000.0,115,2026-02-04 12:35:35.442779
PHR,48.27,48.26,48.28,50000000.0,50000000.0,115,2026-02-04 12:35:35.442779
BYL,39.15,39.14,39.16,50000000.0,50000000.0,115,2026-02-04 12:35:35.442779
CLD,68.92,68.91,68.93,50000000.0,50000000.0,115,2026-02-04 12:35:35.442779
GGD,34.18,34.17,34.19,50000000.0,50000000.0,115,2026-02-04 12:35:35.442779
PNR,60.67,60.66,60.68,50000000.0,50000000.0,115,2026-02-04 12:35:35.442779
FSR,36.22,36.21,36.23,50000000.0,50000000.0,115,2026-02-04 12:35:35.442779
ATB,54.53,54.52,54.54,50000000.0,50000000.0,115,2026-02-04 12:35:35.442779
SPK,59.19,59.18,59.2,50000000.0,50000000.0,115,2026-02-04 12:35:35.442779
EEC,55.5,55.49,55.51,50000000.0,50000000.0,115,2026-02-04 12:35:35.442779
TGX,46.24,46.23,46.25,50000000.0,50000000.0,116,2026-02-04 12:35:36.486774
PHR,48.11,48.1,48.12,50000000.0,50000000.0,116,2026-02-04 12:35:36.486774
BYL,39.0,38.99,39.01,50000000.0,50000000.0,116,2026-02-04 12:35:36.486774
CLD,68.55,68.54,68.56,50000000.0,50000000.0,116,2026-02-04 12:35:36.486774
GGD,34.21,34.2,34.22,50000000.0,50000000.0,116,2026-02-04 12:35:36.486774
PNR,60.79,60.78,60.8,50000000.0,50000000.0,116,2026-02-04 12:35:36.486774
FSR,36.34,36.33,36.35,50000000.0,50000000.0,116,2026-02-04 12:35:36.486774
ATB,54.94,54.93,54.95,50000000.0,50000000.0,116,2026-02-04 12:35:36.486774
SPK,59.32,59.31,59.33,50000000.0,50000000.0,116,2026-02-04 12:35:36.486774
EEC,55.62,55.61,55.63,50000000.0,50000000.0,116,2026-02-04 12:35:36.486774
TGX,46.18,46.17,46.19,50000000.0,50000000.0,117,2026-02-04 12:35:37.519459
PHR,48.31,48.3,48.32,50000000.0,50000000.0,117,2026-02-04 12:35:37.519459
BYL,39.1,39.09,39.11,50000000.0,50000000.0,117,2026-02-04 12:35:37.519459
CLD,68.65,68.64,68.66,50000000.0,50000000.0,117,2026-02-04 12:35:37.519459
GGD,34.28,34.27,34.29,50000000.0,50000000.0,117,2026-02-04 12:35:37.519459
PNR,60.54,60.53,60.55,50000000.0,50000000.0,117,2026-02-04 12:35:37.519459
FSR,36.45,36.44,36.46,50000000.0,50000000.0,117,2026-02-04 12:35:37.519459
ATB,54.75,54.74,54.76,50000000.0,50000000.0,117,2026-02-04 12:35:37.519459
SPK,59.19,59.18,59.2,50000000.0,50000000.0,117,2026-02-04 12:35:37.519459
EEC,55.49,55.48,55.5,50000000.0,50000000.0,117,2026-02-04 12:35:37.519459
TGX,46.2,46.19,46.21,50000000.0,50000000.0,118,2026-02-04 12:35:38.555659
PHR,48.41,48.4,48.42,50000000.0,50000000.0,118,2026-02-04 12:35:38.555659
BYL,39.09,39.08,39.1,50000000.0,50000000.0,118,2026-02-04 12:35:38.555659
CLD,68.57,68.56,68.58,50000000.0,50000000.0,118,2026-02-04 12:35:38.555659
GGD,34.26,34.25,34.27,50000000.0,50000000.0,118,2026-02-04 12:35:38.555659
PNR,60.83,60.82,60.84,50000000.0,50000000.0,118,2026-02-04 12:35:38.555659
FSR,36.5,36.49,36.51,50000000.0,50000000.0,118,2026-02-04 12:35:38.555659
ATB,55.21,55.2,55.22,50000000.0,50000000.0,118,2026-02-04 12:35:38.555659
SPK,59.08,59.07,59.09,50000000.0,50000000.0,118,2026-02-04 12:35:38.555659
EEC,55.34,55.33,55.35,50000000.0,50000000.0,118,2026-02-04 12:35:38.555659
TGX,46.18,46.17,46.19,50000000.0,50000000.0,119,2026-02-04 12:35:39.604281
PHR,47.98,47.97,47.99,50000000.0,50000000.0,119,2026-02-04 12:35:39.604281
BYL,39.22,39.21,39.23,50000000.0,50000000.0,119,2026-02-04 12:35:39.604281
CLD,68.65,68.64,68.66,50000000.0,50000000.0,119,2026-02-04 12:35:39.604281
GGD,34.26,34.25,34.27,50000000.0,50000000.0,119,2026-02-04 12:35:39.604281
PNR,61.08,61.07,61.09,50000000.0,50000000.0,119,2026-02-04 12:35:39.604281
FSR,36.55,36.54,36.56,50000000.0,50000000.0,119,2026-02-04 12:35:39.604281
ATB,55.44,55.43,55.45,50000000.0,50000000.0,119,2026-02-04 12:35:39.604281
SPK,58.48,58.47,58.49,50000000.0,50000000.0,119,2026-02-04 12:35:39.604281
EEC,54.51,54.5,54.52,50000000.0,50000000.0,119,2026-02-04 12:35:39.604281
TGX,46.2,46.19,46.21,50000000.0,50000000.0,120,2026-02-04 12:35:40.650115
PHR,47.71,47.7,47.72,50000000.0,50000000.0,120,2026-02-04 12:35:40.650115
BYL,39.26,39.25,39.27,50000000.0,50000000.0,120,2026-02-04 12:35:40.650115
CLD,68.89,68.88,68.9,50000000.0,50000000.0,120,2026-02-04 12:35:40.650115
GGD,34.27,34.26,34.28,50000000.0,50000000.0,120,2026-02-04 12:35:40.650115
PNR,61.26,61.25,61.27,50000000.0,50000000.0,120,2026-02-04 12:35:40.650115
FSR,36.54,36.53,36.55,50000000.0,50000000.0,120,2026-02-04 12:35:40.650115
ATB,55.8,55.79,55.81,50000000.0,50000000.0,120,2026-02-04 12:35:40.650115
SPK,58.64,58.63,58.65,50000000.0,50000000.0,120,2026-02-04 12:35:40.650115
EEC,54.72,54.71,54.73,50000000.0,50000000.0,120,2026-02-04 12:35:40.650115
TGX,46.19,46.18,46.2,50000000.0,50000000.0,121,2026-02-04 12:35:41.184188
PHR,47.76,47.75,47.77,50000000.0,50000000.0,121,2026-02-04 12:35:41.184188
BYL,39.32,39.31,39.33,50000000.0,50000000.0,121,2026-02-04 12:35:41.184188
CLD,68.96,68.95,68.97,50000000.0,50000000.0,121,2026-02-04 12:35:41.184188
GGD,34.28,34.27,34.29,50000000.0,50000000.0,121,2026-02-04 12:35:41.184188
PNR,61.41,61.4,61.42,50000000.0,50000000.0,121,2026-02-04 12:35:41.184188
FSR,36.57,36.56,36.58,50000000.0,50000000.0,121,2026-02-04 12:35:41.184188
ATB,55.94,55.93,55.95,50000000.0,50000000.0,121,2026-02-04 12:35:41.184188
SPK,58.7,58.69,58.71,50000000.0,50000000.0,121,2026-02-04 12:35:41.184188
EEC,54.86,54.85,54.87,50000000.0,50000000.0,121,2026-02-04 12:35:41.184188
TGX,46.25,46.24,46.26,50000000.0,50000000.0,122,2026-02-04 12:35:42.229626
PHR,47.84,47.83,47.85,50000000.0,50000000.0,122,2026-02-04 12:35:42.229626
BYL,39.38,39.37,39.39,50000000.0,50000000.0,122,2026-02-04 12:35:42.229626
CLD,69.07,69.06,69.08,50000000.0,50000000.0,122,2026-02-04 12:35:42.229626
GGD,34.3,34.29,34.31,50000000.0,50000000.0,122,2026-02-04 12:35:42.229626
PNR,61.53,61.52,61.54,50000000.0,50000000.0,122,2026-02-04 12:35:42.229626
FSR,36.55,36.54,36.56,50000000.0,50000000.0,122,2026-02-04 12:35:42.229626
ATB,55.28,55.27,55.29,50000000.0,50000000.0,122,2026-02-04 12:35:42.229626
SPK,58.26,58.25,58.27,50000000.0,50000000.0,122,2026-02-04 12:35:42.229626
EEC,54.28,54.27,54.29,50000000.0,50000000.0,122,2026-02-04 12:35:42.229626
TGX,46.28,46.27,46.29,50000000.0,50000000.0,123,2026-02-04 12:35:43.262437
PHR,47.47,47.46,47.48,50000000.0,50000000.0,123,2026-02-04 12:35:43.262437
BYL,39.22,39.21,39.23,50000000.0,50000000.0,123,2026-02-04 12:35:43.262437
CLD,68.72,68.71,68.73,50000000.0,50000000.0,123,2026-02-04 12:35:43.262437
GGD,34.36,34.35,34.37,50000000.0,50000000.0,123,2026-02-04 12:35:43.262437
PNR,61.45,61.44,61.46,50000000.0,50000000.0,123,2026-02-04 12:35:43.262437
FSR,36.47,36.46,36.48,50000000.0,50000000.0,123,2026-02-04 12:35:43.262437
ATB,55.4,55.39,55.41,50000000.0,50000000.0,123,2026-02-04 12:35:43.262437
SPK,58.45,58.44,58.46,50000000.0,50000000.0,123,2026-02-04 12:35:43.262437
EEC,54.57,54.56,54.58,50000000.0,50000000.0,123,2026-02-04 12:35:43.262437
TGX,46.28,46.27,46.29,50000000.0,50000000.0,124,2026-02-04 12:35:44.300430
PHR,47.8,47.79,47.81,50000000.0,50000000.0,124,2026-02-04 12:35:44.300430
BYL,39.23,39.22,39.24,50000000.0,50000000.0,124,2026-02-04 12:35:44.300430
CLD,68.62,68.61,68.63,50000000.0,50000000.0,124,2026-02-04 12:35:44.300430
GGD,34.37,34.36,34.38,50000000.0,50000000.0,124,2026-02-04 12:35:44.300430
PNR,61.42,61.41,61.43,50000000.0,50000000.0,124,2026-02-04 12:35:44.300430
FSR,36.45,36.44,36.46,50000000.0,50000000.0,124,2026-02-04 12:35:44.300430
ATB,56.33,56.32,56.34,50000000.0,50000000.0,124,2026-02-04 12:35:44.300430
SPK,58.41,58.4,58.42,50000000.0,50000000.0,124,2026-02-04 12:35:44.300430
EEC,54.51,54.5,54.52,50000000.0,50000000.0,124,2026-02-04 12:35:44.300430
TGX,46.22,46.21,46.23,50000000.0,50000000.0,125,2026-02-04 12:35:45.346164
PHR,47.56,47.55,47.57,50000000.0,50000000.0,125,2026-02-04 12:35:45.346164
BYL,39.24,39.23,39.25,50000000.0,50000000.0,125,2026-02-04 12:35:45.346164
CLD,68.56,68.55,68.57,50000000.0,50000000.0,125,2026-02-04 12:35:45.346164
GGD,34.41,34.4,34.42,50000000.0,50000000.0,125,2026-02-04 12:35:45.346164
PNR,61.28,61.27,61.29,50000000.0,50000000.0,125,2026-02-04 12:35:45.346164
FSR,36.33,36.32,36.34,50000000.0,50000000.0,125,2026-02-04 12:35:45.346164
ATB,56.14,56.13,56.15,50000000.0,50000000.0,125,2026-02-04 12:35:45.346164
SPK,58.33,58.32,58.34,50000000.0,50000000.0,125,2026-02-04 12:35:45.346164
EEC,54.41,54.4,54.42,50000000.0,50000000.0,125,2026-02-04 12:35:45.346164
TGX,46.17,46.16,46.18,50000000.0,50000000.0,126,2026-02-04 12:35:46.386911
PHR,47.5,47.49,47.51,50000000.0,50000000.0,126,2026-02-04 12:35:46.386911
BYL,39.35,39.34,39.36,50000000.0,50000000.0,126,2026-02-04 12:35:46.386911
CLD,68.75,68.74,68.76,50000000.0,50000000.0,126,2026-02-04 12:35:46.386911
GGD,34.37,34.36,34.38,50000000.0,50000000.0,126,2026-02-04 12:35:46.386911
PNR,61.2,61.19,61.21,50000000.0,50000000.0,126,2026-02-04 12:35:46.386911
FSR,36.29,36.28,36.3,50000000.0,50000000.0,126,2026-02-04 12:35:46.386911
ATB,56.56,56.55,56.57,50000000.0,50000000.0,126,2026-02-04 12:35:46.386911
SPK,58.35,58.34,58.36,50000000.0,50000000.0,126,2026-02-04 12:35:46.386911
EEC,54.37,54.36,54.38,50000000.0,50000000.0,126,2026-02-04 12:35:46.386911
TGX,46.18,46.17,46.19,50000000.0,50000000.0,127,2026-02-04 12:35:47.433333
PHR,47.2,47.19,47.21,50000000.0,50000000.0,127,2026-02-04 12:35:47.433333
BYL,39.43,39.42,39.44,50000000.0,50000000.0,127,2026-02-04 12:35:47.433333
CLD,68.89,68.88,68.9,50000000.0,50000000.0,127,2026-02-04 12:35:47.433333
GGD,34.41,34.4,34.42,50000000.0,50000000.0,127,2026-02-04 12:35:47.433333
PNR,61.39,61.38,61.4,50000000.0,50000000.0,127,2026-02-04 12:35:47.433333
FSR,36.28,36.27,36.29,50000000.0,50000000.0,127,2026-02-04 12:35:47.433333
ATB,56.79,56.78,56.8,50000000.0,50000000.0,127,2026-02-04 12:35:47.433333
SPK,58.55,58.54,58.56,50000000.0,50000000.0,127,2026-02-04 12:35:47.433333
EEC,54.57,54.56,54.58,50000000.0,50000000.0,127,2026-02-04 12:35:47.433333
TGX,46.16,46.15,46.17,50000000.0,50000000.0,128,2026-02-04 12:35:48.473848
PHR,47.47,47.46,47.48,50000000.0,50000000.0,128,2026-02-04 12:35:48.473848
BYL,39.39,39.38,39.4,50000000.0,50000000.0,128,2026-02-04 12:35:48.473848
CLD,68.88,68.87,68.89,50000000.0,50000000.0,128,2026-02-04 12:35:48.473848
GGD,34.39,34.38,34.4,50000000.0,50000000.0,128,2026-02-04 12:35:48.473848
PNR,61.61,61.6,61.62,50000000.0,50000000.0,128,2026-02-04 12:35:48.473848
FSR,36.27,36.26,36.28,50000000.0,50000000.0,128,2026-02-04 12:35:48.473848
ATB,56.22,56.21,56.23,50000000.0,50000000.0,128,2026-02-04 12:35:48.473848
SPK,58.44,58.43,58.45,50000000.0,50000000.0,128,2026-02-04 12:35:48.473848
EEC,54.46,54.45,54.47,50000000.0,50000000.0,128,2026-02-04 12:35:48.473848
TGX,46.18,46.17,46.19,50000000.0,50000000.0,129,2026-02-04 12:35:49.511299
PHR,47.08,47.07,47.09,50000000.0,50000000.0,129,2026-02-04 12:35:49.511299
BYL,39.19,39.18,39.2,50000000.0,50000000.0,129,2026-02-04 12:35:49.511299
CLD,68.53,68.52,68.54,50000000.0,50000000.0,129,2026-02-04 12:35:49.511299
GGD,34.44,34.43,34.45,50000000.0,50000000.0,129,2026-02-04 12:35:49.511299
PNR,61.36,61.35,61.37,50000000.0,50000000.0,129,2026-02-04 12:35:49.511299
FSR,36.27,36.26,36.28,50000000.0,50000000.0,129,2026-02-04 12:35:49.511299
ATB,56.55,56.54,56.56,50000000.0,50000000.0,129,2026-02-04 12:35:49.511299
SPK,58.26,58.25,58.27,50000000.0,50000000.0,129,2026-02-04 12:35:49.511299
EEC,54.19,54.18,54.2,50000000.0,50000000.0,129,2026-02-04 12:35:49.511299
TGX,46.18,46.17,46.19,50000000.0,50000000.0,130,2026-02-04 12:35:50.549559
PHR,46.84,46.83,46.85,50000000.0,50000000.0,130,2026-02-04 12:35:50.549559
BYL,39.08,39.07,39.09,50000000.0,50000000.0,130,2026-02-04 12:35:50.549559
CLD,68.45,68.44,68.46,50000000.0,50000000.0,130,2026-02-04 12:35:50.549559
GGD,34.55,34.54,34.56,50000000.0,50000000.0,130,2026-02-04 12:35:50.549559
PNR,61.42,61.41,61.43,50000000.0,50000000.0,130,2026-02-04 12:35:50.549559
FSR,36.23,36.22,36.24,50000000.0,50000000.0,130,2026-02-04 12:35:50.549559
ATB,56.06,56.05,56.07,50000000.0,50000000.0,130,2026-02-04 12:35:50.549559
SPK,58.39,58.38,58.4,50000000.0,50000000.0,130,2026-02-04 12:35:50.549559
EEC,54.36,54.35,54.37,50000000.0,50000000.0,130,2026-02-04 12:35:50.549559
TGX,46.31,46.3,46.32,50000000.0,50000000.0,131,2026-02-04 12:35:51.589283
PHR,46.75,46.74,46.76,50000000.0,50000000.0,131,2026-02-04 12:35:51.589283
BYL,38.9,38.89,38.91,50000000.0,50000000.0,131,2026-02-04 12:35:51.589283
CLD,67.99,67.98,68.0,50000000.0,50000000.0,131,2026-02-04 12:35:51.589283
GGD,34.5,34.49,34.51,50000000.0,50000000.0,131,2026-02-04 12:35:51.589283
PNR,61.05,61.04,61.06,50000000.0,50000000.0,131,2026-02-04 12:35:51.589283
FSR,36.23,36.22,36.24,50000000.0,50000000.0,131,2026-02-04 12:35:51.589283
ATB,55.98,55.97,55.99,50000000.0,50000000.0,131,2026-02-04 12:35:51.589283
SPK,58.31,58.3,58.32,50000000.0,50000000.0,131,2026-02-04 12:35:51.589283
EEC,54.23,54.22,54.24,50000000.0,50000000.0,131,2026-02-04 12:35:51.589283
TGX,46.36,46.35,46.37,50000000.0,50000000.0,132,2026-02-04 12:35:52.627866,16.0,1.0,131.0,D4-FSR/ATB,Bank Secrecy Act Compliance Review,FinTCEN initiates BSA/AML compliance review of combined institution's anti-money laundering programs.
PHR,46.88,46.87,46.89,50000000.0,50000000.0,132,2026-02-04 12:35:52.627866,,,,,,
BYL,38.64,38.63,38.65,50000000.0,50000000.0,132,2026-02-04 12:35:52.627866,,,,,,
CLD,67.29,67.28,67.3,50000000.0,50000000.0,132,2026-02-04 12:35:52.627866,,,,,,
GGD,34.5,34.49,34.51,50000000.0,50000000.0,132,2026-02-04 12:35:52.627866,,,,,,
PNR,61.08,61.07,61.09,50000000.0,50000000.0,132,2026-02-04 12:35:52.627866,,,,,,
FSR,36.17,36.16,36.18,50000000.0,50000000.0,132,2026-02-04 12:35:52.627866,,,,,,
ATB,56.52,56.51,56.53,50000000.0,50000000.0,132,2026-02-04 12:35:52.627866,,,,,,
SPK,58.14,58.13,58.15,50000000.0,50000000.0,132,2026-02-04 12:35:52.627866,,,,,,
EEC,53.98,53.97,53.99,50000000.0,50000000.0,132,2026-02-04 12:35:52.627866,,,,,,
TGX,46.36,46.35,46.37,50000000.0,50000000.0,133,2026-02-04 12:35:53.677077
PHR,47.03,47.02,47.04,50000000.0,50000000.0,133,2026-02-04 12:35:53.677077
BYL,38.41,38.4,38.42,50000000.0,50000000.0,133,2026-02-04 12:35:53.677077
CLD,66.86,66.85,66.87,50000000.0,50000000.0,133,2026-02-04 12:35:53.677077
GGD,34.38,34.37,34.39,50000000.0,50000000.0,133,2026-02-04 12:35:53.677077
PNR,60.71,60.7,60.72,50000000.0,50000000.0,133,2026-02-04 12:35:53.677077
FSR,36.2,36.19,36.21,50000000.0,50000000.0,133,2026-02-04 12:35:53.677077
ATB,56.64,56.63,56.65,50000000.0,50000000.0,133,2026-02-04 12:35:53.677077
SPK,58.16,58.15,58.17,50000000.0,50000000.0,133,2026-02-04 12:35:53.677077
EEC,54.0,53.99,54.01,50000000.0,50000000.0,133,2026-02-04 12:35:53.677077
TGX,46.38,46.37,46.39,50000000.0,50000000.0,134,2026-02-04 12:35:54.723337
PHR,47.03,47.02,47.04,50000000.0,50000000.0,134,2026-02-04 12:35:54.723337
BYL,38.2,38.19,38.21,50000000.0,50000000.0,134,2026-02-04 12:35:54.723337
CLD,66.4,66.39,66.41,50000000.0,50000000.0,134,2026-02-04 12:35:54.723337
GGD,34.45,34.44,34.46,50000000.0,50000000.0,134,2026-02-04 12:35:54.723337
PNR,60.68,60.67,60.69,50000000.0,50000000.0,134,2026-02-04 12:35:54.723337
FSR,36.22,36.21,36.23,50000000.0,50000000.0,134,2026-02-04 12:35:54.723337
ATB,56.78,56.77,56.79,50000000.0,50000000.0,134,2026-02-04 12:35:54.723337
SPK,57.74,57.73,57.75,50000000.0,50000000.0,134,2026-02-04 12:35:54.723337
EEC,53.42,53.41,53.43,50000000.0,50000000.0,134,2026-02-04 12:35:54.723337
TGX,46.4,46.39,46.41,50000000.0,50000000.0,135,2026-02-04 12:35:55.757909
PHR,47.61,47.6,47.62,50000000.0,50000000.0,135,2026-02-04 12:35:55.757909
BYL,38.14,38.13,38.15,50000000.0,50000000.0,135,2026-02-04 12:35:55.757909
CLD,66.35,66.34,66.36,50000000.0,50000000.0,135,2026-02-04 12:35:55.757909
GGD,34.46,34.45,34.47,50000000.0,50000000.0,135,2026-02-04 12:35:55.757909
PNR,60.76,60.75,60.77,50000000.0,50000000.0,135,2026-02-04 12:35:55.757909
FSR,36.24,36.23,36.25,50000000.0,50000000.0,135,2026-02-04 12:35:55.757909
ATB,56.35,56.34,56.36,50000000.0,50000000.0,135,2026-02-04 12:35:55.757909
SPK,57.41,57.4,57.42,50000000.0,50000000.0,135,2026-02-04 12:35:55.757909
EEC,52.9,52.89,52.91,50000000.0,50000000.0,135,2026-02-04 12:35:55.757909
TGX,46.37,46.36,46.38,50000000.0,50000000.0,136,2026-02-04 12:35:56.286887
PHR,47.84,47.83,47.85,50000000.0,50000000.0,136,2026-02-04 12:35:56.286887
BYL,38.22,38.21,38.23,50000000.0,50000000.0,136,2026-02-04 12:35:56.286887
CLD,66.51,66.5,66.52,50000000.0,50000000.0,136,2026-02-04 12:35:56.286887
GGD,34.44,34.43,34.45,50000000.0,50000000.0,136,2026-02-04 12:35:56.286887
PNR,60.33,60.32,60.34,50000000.0,50000000.0,136,2026-02-04 12:35:56.286887
FSR,36.2,36.19,36.21,50000000.0,50000000.0,136,2026-02-04 12:35:56.286887
ATB,56.46,56.45,56.47,50000000.0,50000000.0,136,2026-02-04 12:35:56.286887
SPK,57.83,57.82,57.84,50000000.0,50000000.0,136,2026-02-04 12:35:56.286887
EEC,53.5,53.49,53.51,50000000.0,50000000.0,136,2026-02-04 12:35:56.286887
TGX,46.35,46.34,46.36,50000000.0,50000000.0,137,2026-02-04 12:35:57.321026
PHR,48.0,47.99,48.01,50000000.0,50000000.0,137,2026-02-04 12:35:57.321026
BYL,37.83,37.82,37.84,50000000.0,50000000.0,137,2026-02-04 12:35:57.321026
CLD,65.53,65.52,65.54,50000000.0,50000000.0,137,2026-02-04 12:35:57.321026
GGD,34.37,34.36,34.38,50000000.0,50000000.0,137,2026-02-04 12:35:57.321026
PNR,59.96,59.95,59.97,50000000.0,50000000.0,137,2026-02-04 12:35:57.321026
FSR,36.14,36.13,36.15,50000000.0,50000000.0,137,2026-02-04 12:35:57.321026
ATB,56.63,56.62,56.64,50000000.0,50000000.0,137,2026-02-04 12:35:57.321026
SPK,57.47,57.46,57.48,50000000.0,50000000.0,137,2026-02-04 12:35:57.321026
EEC,53.0,52.99,53.01,50000000.0,50000000.0,137,2026-02-04 12:35:57.321026
TGX,46.38,46.37,46.39,50000000.0,50000000.0,138,2026-02-04 12:35:58.366115,17.0,1.0,137.0,D2-BYL/CLD,Third-Party Regulatory Analysis Published,"An independent regulatory research firm has published a detailed analysis of the ByteLayer/CloudSys transaction's competitive implications in the enterprise cloud infrastructure market. The report reaches mixed conclusions, identifying potential consumer benefits from operational synergies alongside concerns about reduced competitive alternatives. The analysis has been circulated among regulatory staff, though its influence on the formal review remains uncertain."
PHR,48.12,48.11,48.13,50000000.0,50000000.0,138,2026-02-04 12:35:58.366115,,,,,,
BYL,37.93,37.92,37.94,50000000.0,50000000.0,138,2026-02-04 12:35:58.366115,,,,,,
CLD,66.02,66.01,66.03,50000000.0,50000000.0,138,2026-02-04 12:35:58.366115,,,,,,
GGD,34.36,34.35,34.37,50000000.0,50000000.0,138,2026-02-04 12:35:58.366115,,,,,,
PNR,59.76,59.75,59.77,50000000.0,50000000.0,138,2026-02-04 12:35:58.366115,,,,,,
FSR,36.08,36.07,36.09,50000000.0,50000000.0,138,2026-02-04 12:35:58.366115,,,,,,
ATB,56.82,56.81,56.83,50000000.0,50000000.0,138,2026-02-04 12:35:58.366115,,,,,,
SPK,57.5,57.49,57.51,50000000.0,50000000.0,138,2026-02-04 12:35:58.366115,,,,,,
EEC,53.03,53.02,53.04,50000000.0,50000000.0,138,2026-02-04 12:35:58.366115,,,,,,
TGX,46.44,46.43,46.45,50000000.0,50000000.0,139,2026-02-04 12:35:59.420627
PHR,48.02,48.01,48.03,50000000.0,50000000.0,139,2026-02-04 12:35:59.420627
BYL,37.96,37.95,37.97,50000000.0,50000000.0,139,2026-02-04 12:35:59.420627
CLD,66.09,66.08,66.1,50000000.0,50000000.0,139,2026-02-04 12:35:59.420627
GGD,34.39,34.38,34.4,50000000.0,50000000.0,139,2026-02-04 12:35:59.420627
PNR,59.61,59.6,59.62,50000000.0,50000000.0,139,2026-02-04 12:35:59.420627
FSR,36.16,36.15,36.17,50000000.0,50000000.0,139,2026-02-04 12:35:59.420627
ATB,56.43,56.42,56.44,50000000.0,50000000.0,139,2026-02-04 12:35:59.420627
SPK,57.23,57.22,57.24,50000000.0,50000000.0,139,2026-02-04 12:35:59.420627
EEC,52.64,52.63,52.65,50000000.0,50000000.0,139,2026-02-04 12:35:59.420627
TGX,46.42,46.41,46.43,50000000.0,50000000.0,140,2026-02-04 12:36:00.460113
PHR,47.94,47.93,47.95,50000000.0,50000000.0,140,2026-02-04 12:36:00.460113
BYL,38.26,38.25,38.27,50000000.0,50000000.0,140,2026-02-04 12:36:00.460113
CLD,66.77,66.76,66.78,50000000.0,50000000.0,140,2026-02-04 12:36:00.460113
GGD,34.34,34.33,34.35,50000000.0,50000000.0,140,2026-02-04 12:36:00.460113
PNR,59.32,59.31,59.33,50000000.0,50000000.0,140,2026-02-04 12:36:00.460113
FSR,36.11,36.1,36.12,50000000.0,50000000.0,140,2026-02-04 12:36:00.460113
ATB,56.48,56.47,56.49,50000000.0,50000000.0,140,2026-02-04 12:36:00.460113
SPK,57.89,57.88,57.9,50000000.0,50000000.0,140,2026-02-04 12:36:00.460113
EEC,53.52,53.51,53.53,50000000.0,50000000.0,140,2026-02-04 12:36:00.460113
TGX,46.45,46.44,46.46,50000000.0,50000000.0,141,2026-02-04 12:36:01.499244
PHR,47.81,47.8,47.82,50000000.0,50000000.0,141,2026-02-04 12:36:01.499244
BYL,38.3,38.29,38.31,50000000.0,50000000.0,141,2026-02-04 12:36:01.499244
CLD,66.72,66.71,66.73,50000000.0,50000000.0,141,2026-02-04 12:36:01.499244
GGD,34.37,34.36,34.38,50000000.0,50000000.0,141,2026-02-04 12:36:01.499244
PNR,59.36,59.35,59.37,50000000.0,50000000.0,141,2026-02-04 12:36:01.499244
FSR,36.12,36.11,36.13,50000000.0,50000000.0,141,2026-02-04 12:36:01.499244
ATB,56.17,56.16,56.18,50000000.0,50000000.0,141,2026-02-04 12:36:01.499244
SPK,58.15,58.14,58.16,50000000.0,50000000.0,141,2026-02-04 12:36:01.499244
EEC,53.87,53.86,53.88,50000000.0,50000000.0,141,2026-02-04 12:36:01.499244
TGX,46.44,46.43,46.45,50000000.0,50000000.0,142,2026-02-04 12:36:02.548671
PHR,47.61,47.6,47.62,50000000.0,50000000.0,142,2026-02-04 12:36:02.548671
BYL,38.13,38.12,38.14,50000000.0,50000000.0,142,2026-02-04 12:36:02.548671
CLD,66.42,66.41,66.43,50000000.0,50000000.0,142,2026-02-04 12:36:02.548671
GGD,34.3,34.29,34.31,50000000.0,50000000.0,142,2026-02-04 12:36:02.548671
PNR,59.44,59.43,59.45,50000000.0,50000000.0,142,2026-02-04 12:36:02.548671
FSR,36.14,36.13,36.15,50000000.0,50000000.0,142,2026-02-04 12:36:02.548671
ATB,56.18,56.17,56.19,50000000.0,50000000.0,142,2026-02-04 12:36:02.548671
SPK,57.79,57.78,57.8,50000000.0,50000000.0,142,2026-02-04 12:36:02.548671
EEC,53.41,53.4,53.42,50000000.0,50000000.0,142,2026-02-04 12:36:02.548671
TGX,46.42,46.41,46.43,50000000.0,50000000.0,143,2026-02-04 12:36:03.588345
PHR,47.85,47.84,47.86,50000000.0,50000000.0,143,2026-02-04 12:36:03.588345
BYL,38.1,38.09,38.11,50000000.0,50000000.0,143,2026-02-04 12:36:03.588345
CLD,66.44,66.43,66.45,50000000.0,50000000.0,143,2026-02-04 12:36:03.588345
GGD,34.4,34.39,34.41,50000000.0,50000000.0,143,2026-02-04 12:36:03.588345
PNR,59.51,59.5,59.52,50000000.0,50000000.0,143,2026-02-04 12:36:03.588345
FSR,36.08,36.07,36.09,50000000.0,50000000.0,143,2026-02-04 12:36:03.588345
ATB,55.8,55.79,55.81,50000000.0,50000000.0,143,2026-02-04 12:36:03.588345
SPK,57.93,57.92,57.94,50000000.0,50000000.0,143,2026-02-04 12:36:03.588345
EEC,53.57,53.56,53.58,50000000.0,50000000.0,143,2026-02-04 12:36:03.588345
TGX,46.36,46.35,46.37,50000000.0,50000000.0,144,2026-02-04 12:36:04.626297
PHR,47.81,47.8,47.82,50000000.0,50000000.0,144,2026-02-04 12:36:04.626297
BYL,37.98,37.97,37.99,50000000.0,50000000.0,144,2026-02-04 12:36:04.626297
CLD,66.02,66.01,66.03,50000000.0,50000000.0,144,2026-02-04 12:36:04.626297
GGD,34.39,34.38,34.4,50000000.0,50000000.0,144,2026-02-04 12:36:04.626297
PNR,59.53,59.52,59.54,50000000.0,50000000.0,144,2026-02-04 12:36:04.626297
FSR,36.09,36.08,36.1,50000000.0,50000000.0,144,2026-02-04 12:36:04.626297
ATB,56.55,56.54,56.56,50000000.0,50000000.0,144,2026-02-04 12:36:04.626297
SPK,58.05,58.04,58.06,50000000.0,50000000.0,144,2026-02-04 12:36:04.626297
EEC,53.75,53.74,53.76,50000000.0,50000000.0,144,2026-02-04 12:36:04.626297
TGX,46.31,46.3,46.32,50000000.0,50000000.0,145,2026-02-04 12:36:05.663533
PHR,47.44,47.43,47.45,50000000.0,50000000.0,145,2026-02-04 12:36:05.663533
BYL,38.22,38.21,38.23,50000000.0,50000000.0,145,2026-02-04 12:36:05.663533
CLD,66.56,66.55,66.57,50000000.0,50000000.0,145,2026-02-04 12:36:05.663533
GGD,34.36,34.35,34.37,50000000.0,50000000.0,145,2026-02-04 12:36:05.663533
PNR,59.45,59.44,59.46,50000000.0,50000000.0,145,2026-02-04 12:36:05.663533
FSR,36.05,36.04,36.06,50000000.0,50000000.0,145,2026-02-04 12:36:05.663533
ATB,56.65,56.64,56.66,50000000.0,50000000.0,145,2026-02-04 12:36:05.663533
SPK,58.31,58.3,58.32,50000000.0,50000000.0,145,2026-02-04 12:36:05.663533
EEC,54.15,54.14,54.16,50000000.0,50000000.0,145,2026-02-04 12:36:05.663533
TGX,46.3,46.29,46.31,50000000.0,50000000.0,146,2026-02-04 12:36:06.728236
PHR,47.59,47.58,47.6,50000000.0,50000000.0,146,2026-02-04 12:36:06.728236
BYL,38.23,38.22,38.24,50000000.0,50000000.0,146,2026-02-04 12:36:06.728236
CLD,66.72,66.71,66.73,50000000.0,50000000.0,146,2026-02-04 12:36:06.728236
GGD,34.35,34.34,34.36,50000000.0,50000000.0,146,2026-02-04 12:36:06.728236
PNR,59.38,59.37,59.39,50000000.0,50000000.0,146,2026-02-04 12:36:06.728236
FSR,36.11,36.1,36.12,50000000.0,50000000.0,146,2026-02-04 12:36:06.728236
ATB,56.4,56.39,56.41,50000000.0,50000000.0,146,2026-02-04 12:36:06.728236
SPK,58.44,58.43,58.45,50000000.0,50000000.0,146,2026-02-04 12:36:06.728236
EEC,54.33,54.32,54.34,50000000.0,50000000.0,146,2026-02-04 12:36:06.728236
TGX,46.31,46.3,46.32,50000000.0,50000000.0,147,2026-02-04 12:36:07.779435
PHR,47.72,47.71,47.73,50000000.0,50000000.0,147,2026-02-04 12:36:07.779435
BYL,38.15,38.14,38.16,50000000.0,50000000.0,147,2026-02-04 12:36:07.779435
CLD,66.53,66.52,66.54,50000000.0,50000000.0,147,2026-02-04 12:36:07.779435
GGD,34.38,34.37,34.39,50000000.0,50000000.0,147,2026-02-04 12:36:07.779435
PNR,59.27,59.26,59.28,50000000.0,50000000.0,147,2026-02-04 12:36:07.779435
FSR,36.12,36.11,36.13,50000000.0,50000000.0,147,2026-02-04 12:36:07.779435
ATB,56.59,56.58,56.6,50000000.0,50000000.0,147,2026-02-04 12:36:07.779435
SPK,58.76,58.75,58.77,50000000.0,50000000.0,147,2026-02-04 12:36:07.779435
EEC,54.8,54.79,54.81,50000000.0,50000000.0,147,2026-02-04 12:36:07.779435
TGX,46.33,46.32,46.34,50000000.0,50000000.0,148,2026-02-04 12:36:08.329842
PHR,47.64,47.63,47.65,50000000.0,50000000.0,148,2026-02-04 12:36:08.329842
BYL,38.51,38.5,38.52,50000000.0,50000000.0,148,2026-02-04 12:36:08.329842
CLD,67.32,67.31,67.33,50000000.0,50000000.0,148,2026-02-04 12:36:08.329842
GGD,34.36,34.35,34.37,50000000.0,50000000.0,148,2026-02-04 12:36:08.329842
PNR,59.21,59.2,59.22,50000000.0,50000000.0,148,2026-02-04 12:36:08.329842
FSR,36.05,36.04,36.06,50000000.0,50000000.0,148,2026-02-04 12:36:08.329842
ATB,56.74,56.73,56.75,50000000.0,50000000.0,148,2026-02-04 12:36:08.329842
SPK,58.0,57.99,58.01,50000000.0,50000000.0,148,2026-02-04 12:36:08.329842
EEC,53.73,53.72,53.74,50000000.0,50000000.0,148,2026-02-04 12:36:08.329842
TGX,46.26,46.25,46.27,50000000.0,50000000.0,149,2026-02-04 12:36:09.371416
PHR,47.72,47.71,47.73,50000000.0,50000000.0,149,2026-02-04 12:36:09.371416
BYL,38.47,38.46,38.48,50000000.0,50000000.0,149,2026-02-04 12:36:09.371416
CLD,67.38,67.37,67.39,50000000.0,50000000.0,149,2026-02-04 12:36:09.371416
GGD,34.38,34.37,34.39,50000000.0,50000000.0,149,2026-02-04 12:36:09.371416
PNR,59.2,59.19,59.21,50000000.0,50000000.0,149,2026-02-04 12:36:09.371416
FSR,36.1,36.09,36.11,50000000.0,50000000.0,149,2026-02-04 12:36:09.371416
ATB,56.53,56.52,56.54,50000000.0,50000000.0,149,2026-02-04 12:36:09.371416
SPK,57.83,57.82,57.84,50000000.0,50000000.0,149,2026-02-04 12:36:09.371416
EEC,53.53,53.52,53.54,50000000.0,50000000.0,149,2026-02-04 12:36:09.371416
TGX,46.2,46.19,46.21,50000000.0,50000000.0,150,2026-02-04 12:36:10.406226
PHR,47.49,47.48,47.5,50000000.0,50000000.0,150,2026-02-04 12:36:10.406226
BYL,38.23,38.22,38.24,50000000.0,50000000.0,150,2026-02-04 12:36:10.406226
CLD,66.61,66.6,66.62,50000000.0,50000000.0,150,2026-02-04 12:36:10.406226
GGD,34.33,34.32,34.34,50000000.0,50000000.0,150,2026-02-04 12:36:10.406226
PNR,59.27,59.26,59.28,50000000.0,50000000.0,150,2026-02-04 12:36:10.406226
FSR,36.12,36.11,36.13,50000000.0,50000000.0,150,2026-02-04 12:36:10.406226
ATB,56.76,56.75,56.77,50000000.0,50000000.0,150,2026-02-04 12:36:10.406226
SPK,57.87,57.86,57.88,50000000.0,50000000.0,150,2026-02-04 12:36:10.406226
EEC,53.68,53.67,53.69,50000000.0,50000000.0,150,2026-02-04 12:36:10.406226
TGX,46.14,46.13,46.15,50000000.0,50000000.0,151,2026-02-04 12:36:11.462047
PHR,47.44,47.43,47.45,50000000.0,50000000.0,151,2026-02-04 12:36:11.462047
BYL,38.34,38.33,38.35,50000000.0,50000000.0,151,2026-02-04 12:36:11.462047
CLD,66.77,66.76,66.78,50000000.0,50000000.0,151,2026-02-04 12:36:11.462047
GGD,34.37,34.36,34.38,50000000.0,50000000.0,151,2026-02-04 12:36:11.462047
PNR,59.38,59.37,59.39,50000000.0,50000000.0,151,2026-02-04 12:36:11.462047
FSR,36.08,36.07,36.09,50000000.0,50000000.0,151,2026-02-04 12:36:11.462047
ATB,55.99,55.98,56.0,50000000.0,50000000.0,151,2026-02-04 12:36:11.462047
SPK,58.36,58.35,58.37,50000000.0,50000000.0,151,2026-02-04 12:36:11.462047
EEC,54.42,54.41,54.43,50000000.0,50000000.0,151,2026-02-04 12:36:11.462047
TGX,46.19,46.18,46.2,50000000.0,50000000.0,152,2026-02-04 12:36:12.509235
PHR,47.67,47.66,47.68,50000000.0,50000000.0,152,2026-02-04 12:36:12.509235
BYL,38.15,38.14,38.16,50000000.0,50000000.0,152,2026-02-04 12:36:12.509235
CLD,66.22,66.21,66.23,50000000.0,50000000.0,152,2026-02-04 12:36:12.509235
GGD,34.37,34.36,34.38,50000000.0,50000000.0,152,2026-02-04 12:36:12.509235
PNR,59.53,59.52,59.54,50000000.0,50000000.0,152,2026-02-04 12:36:12.509235
FSR,35.99,35.98,36.0,50000000.0,50000000.0,152,2026-02-04 12:36:12.509235
ATB,56.66,56.65,56.67,50000000.0,50000000.0,152,2026-02-04 12:36:12.509235
SPK,58.63,58.62,58.64,50000000.0,50000000.0,152,2026-02-04 12:36:12.509235
EEC,54.74,54.73,54.75,50000000.0,50000000.0,152,2026-02-04 12:36:12.509235
TGX,46.2,46.19,46.21,50000000.0,50000000.0,153,2026-02-04 12:36:13.545775
PHR,47.63,47.62,47.64,50000000.0,50000000.0,153,2026-02-04 12:36:13.545775
BYL,38.43,38.42,38.44,50000000.0,50000000.0,153,2026-02-04 12:36:13.545775
CLD,66.93,66.92,66.94,50000000.0,50000000.0,153,2026-02-04 12:36:13.545775
GGD,34.45,34.44,34.46,50000000.0,50000000.0,153,2026-02-04 12:36:13.545775
PNR,59.82,59.81,59.83,50000000.0,50000000.0,153,2026-02-04 12:36:13.545775
FSR,36.07,36.06,36.08,50000000.0,50000000.0,153,2026-02-04 12:36:13.545775
ATB,56.38,56.37,56.39,50000000.0,50000000.0,153,2026-02-04 12:36:13.545775
SPK,58.9,58.89,58.91,50000000.0,50000000.0,153,2026-02-04 12:36:13.545775
EEC,55.14,55.13,55.15,50000000.0,50000000.0,153,2026-02-04 12:36:13.545775
TGX,46.22,46.21,46.23,50000000.0,50000000.0,154,2026-02-04 12:36:14.591124
PHR,47.09,47.08,47.1,50000000.0,50000000.0,154,2026-02-04 12:36:14.591124
BYL,38.47,38.46,38.48,50000000.0,50000000.0,154,2026-02-04 12:36:14.591124
CLD,66.88,66.87,66.89,50000000.0,50000000.0,154,2026-02-04 12:36:14.591124
GGD,34.41,34.4,34.42,50000000.0,50000000.0,154,2026-02-04 12:36:14.591124
PNR,59.54,59.53,59.55,50000000.0,50000000.0,154,2026-02-04 12:36:14.591124
FSR,36.03,36.02,36.04,50000000.0,50000000.0,154,2026-02-04 12:36:14.591124
ATB,56.56,56.55,56.57,50000000.0,50000000.0,154,2026-02-04 12:36:14.591124
SPK,58.19,58.18,58.2,50000000.0,50000000.0,154,2026-02-04 12:36:14.591124
EEC,54.22,54.21,54.23,50000000.0,50000000.0,154,2026-02-04 12:36:14.591124
TGX,46.25,46.24,46.26,50000000.0,50000000.0,155,2026-02-04 12:36:15.639764
PHR,47.38,47.37,47.39,50000000.0,50000000.0,155,2026-02-04 12:36:15.639764
BYL,38.19,38.18,38.2,50000000.0,50000000.0,155,2026-02-04 12:36:15.639764
CLD,66.28,66.27,66.29,50000000.0,50000000.0,155,2026-02-04 12:36:15.639764
GGD,34.44,34.43,34.45,50000000.0,50000000.0,155,2026-02-04 12:36:15.639764
PNR,59.67,59.66,59.68,50000000.0,50000000.0,155,2026-02-04 12:36:15.639764
FSR,36.05,36.04,36.06,50000000.0,50000000.0,155,2026-02-04 12:36:15.639764
ATB,56.2,56.19,56.21,50000000.0,50000000.0,155,2026-02-04 12:36:15.639764
SPK,58.3,58.29,58.31,50000000.0,50000000.0,155,2026-02-04 12:36:15.639764
EEC,54.38,54.37,54.39,50000000.0,50000000.0,155,2026-02-04 12:36:15.639764
TGX,46.29,46.28,46.3,50000000.0,50000000.0,156,2026-02-04 12:36:16.697384
PHR,47.39,47.38,47.4,50000000.0,50000000.0,156,2026-02-04 12:36:16.697384
BYL,38.03,38.02,38.04,50000000.0,50000000.0,156,2026-02-04 12:36:16.697384
CLD,65.88,65.87,65.89,50000000.0,50000000.0,156,2026-02-04 12:36:16.697384
GGD,34.36,34.35,34.37,50000000.0,50000000.0,156,2026-02-04 12:36:16.697384
PNR,59.71,59.7,59.72,50000000.0,50000000.0,156,2026-02-04 12:36:16.697384
FSR,36.09,36.08,36.1,50000000.0,50000000.0,156,2026-02-04 12:36:16.697384
ATB,55.89,55.88,55.9,50000000.0,50000000.0,156,2026-02-04 12:36:16.697384
SPK,58.33,58.32,58.34,50000000.0,50000000.0,156,2026-02-04 12:36:16.697384
EEC,54.33,54.32,54.34,50000000.0,50000000.0,156,2026-02-04 12:36:16.697384
TGX,46.36,46.35,46.37,50000000.0,50000000.0,157,2026-02-04 12:36:17.748348
PHR,47.48,47.47,47.49,50000000.0,50000000.0,157,2026-02-04 12:36:17.748348
BYL,37.76,37.75,37.77,50000000.0,50000000.0,157,2026-02-04 12:36:17.748348
CLD,65.09,65.08,65.1,50000000.0,50000000.0,157,2026-02-04 12:36:17.748348
GGD,34.37,34.36,34.38,50000000.0,50000000.0,157,2026-02-04 12:36:17.748348
PNR,59.81,59.8,59.82,50000000.0,50000000.0,157,2026-02-04 12:36:17.748348
FSR,36.17,36.16,36.18,50000000.0,50000000.0,157,2026-02-04 12:36:17.748348
ATB,56.03,56.02,56.04,50000000.0,50000000.0,157,2026-02-04 12:36:17.748348
SPK,58.32,58.31,58.33,50000000.0,50000000.0,157,2026-02-04 12:36:17.748348
EEC,54.27,54.26,54.28,50000000.0,50000000.0,157,2026-02-04 12:36:17.748348
TGX,46.4,46.39,46.41,50000000.0,50000000.0,158,2026-02-04 12:36:18.790127
PHR,48.09,48.08,48.1,50000000.0,50000000.0,158,2026-02-04 12:36:18.790127
BYL,37.73,37.72,37.74,50000000.0,50000000.0,158,2026-02-04 12:36:18.790127
CLD,65.08,65.07,65.09,50000000.0,50000000.0,158,2026-02-04 12:36:18.790127
GGD,34.34,34.33,34.35,50000000.0,50000000.0,158,2026-02-04 12:36:18.790127
PNR,59.75,59.74,59.76,50000000.0,50000000.0,158,2026-02-04 12:36:18.790127
FSR,36.14,36.13,36.15,50000000.0,50000000.0,158,2026-02-04 12:36:18.790127
ATB,56.1,56.09,56.11,50000000.0,50000000.0,158,2026-02-04 12:36:18.790127
SPK,58.4,58.39,58.41,50000000.0,50000000.0,158,2026-02-04 12:36:18.790127
EEC,54.35,54.34,54.36,50000000.0,50000000.0,158,2026-02-04 12:36:18.790127
TGX,46.42,46.41,46.43,50000000.0,50000000.0,159,2026-02-04 12:36:19.830100
PHR,48.2,48.19,48.21,50000000.0,50000000.0,159,2026-02-04 12:36:19.830100
BYL,37.54,37.53,37.55,50000000.0,50000000.0,159,2026-02-04 12:36:19.830100
CLD,64.83,64.82,64.84,50000000.0,50000000.0,159,2026-02-04 12:36:19.830100
GGD,34.27,34.26,34.28,50000000.0,50000000.0,159,2026-02-04 12:36:19.830100
PNR,59.57,59.56,59.58,50000000.0,50000000.0,159,2026-02-04 12:36:19.830100
FSR,36.2,36.19,36.21,50000000.0,50000000.0,159,2026-02-04 12:36:19.830100
ATB,56.06,56.05,56.07,50000000.0,50000000.0,159,2026-02-04 12:36:19.830100
SPK,58.54,58.53,58.55,50000000.0,50000000.0,159,2026-02-04 12:36:19.830100
EEC,54.51,54.5,54.52,50000000.0,50000000.0,159,2026-02-04 12:36:19.830100
TGX,46.45,46.44,46.46,50000000.0,50000000.0,160,2026-02-04 12:36:20.378979
PHR,48.42,48.41,48.43,50000000.0,50000000.0,160,2026-02-04 12:36:20.378979
BYL,37.63,37.62,37.64,50000000.0,50000000.0,160,2026-02-04 12:36:20.378979
CLD,65.2,65.19,65.21,50000000.0,50000000.0,160,2026-02-04 12:36:20.378979
GGD,34.23,34.22,34.24,50000000.0,50000000.0,160,2026-02-04 12:36:20.378979
PNR,59.64,59.63,59.65,50000000.0,50000000.0,160,2026-02-04 12:36:20.378979
FSR,36.17,36.16,36.18,50000000.0,50000000.0,160,2026-02-04 12:36:20.378979
ATB,55.77,55.76,55.78,50000000.0,50000000.0,160,2026-02-04 12:36:20.378979
SPK,58.54,58.53,58.55,50000000.0,50000000.0,160,2026-02-04 12:36:20.378979
EEC,54.54,54.53,54.55,50000000.0,50000000.0,160,2026-02-04 12:36:20.378979
TGX,46.47,46.46,46.48,50000000.0,50000000.0,161,2026-02-04 12:36:21.419003
PHR,48.26,48.25,48.27,50000000.0,50000000.0,161,2026-02-04 12:36:21.419003
BYL,37.79,37.78,37.8,50000000.0,50000000.0,161,2026-02-04 12:36:21.419003
CLD,65.63,65.62,65.64,50000000.0,50000000.0,161,2026-02-04 12:36:21.419003
GGD,34.22,34.21,34.23,50000000.0,50000000.0,161,2026-02-04 12:36:21.419003
PNR,59.57,59.56,59.58,50000000.0,50000000.0,161,2026-02-04 12:36:21.419003
FSR,36.18,36.17,36.19,50000000.0,50000000.0,161,2026-02-04 12:36:21.419003
ATB,55.64,55.63,55.65,50000000.0,50000000.0,161,2026-02-04 12:36:21.419003
SPK,58.65,58.64,58.66,50000000.0,50000000.0,161,2026-02-04 12:36:21.419003
EEC,54.71,54.7,54.72,50000000.0,50000000.0,161,2026-02-04 12:36:21.419003
TGX,46.51,46.5,46.52,50000000.0,50000000.0,162,2026-02-04 12:36:22.450383
PHR,48.07,48.06,48.08,50000000.0,50000000.0,162,2026-02-04 12:36:22.450383
BYL,37.65,37.64,37.66,50000000.0,50000000.0,162,2026-02-04 12:36:22.450383
CLD,65.25,65.24,65.26,50000000.0,50000000.0,162,2026-02-04 12:36:22.450383
GGD,34.26,34.25,34.27,50000000.0,50000000.0,162,2026-02-04 12:36:22.450383
PNR,59.6,59.59,59.61,50000000.0,50000000.0,162,2026-02-04 12:36:22.450383
FSR,36.09,36.08,36.1,50000000.0,50000000.0,162,2026-02-04 12:36:22.450383
ATB,55.83,55.82,55.84,50000000.0,50000000.0,162,2026-02-04 12:36:22.450383
SPK,58.6,58.59,58.61,50000000.0,50000000.0,162,2026-02-04 12:36:22.450383
EEC,54.64,54.63,54.65,50000000.0,50000000.0,162,2026-02-04 12:36:22.450383
TGX,46.56,46.55,46.57,50000000.0,50000000.0,163,2026-02-04 12:36:23.483465
PHR,48.12,48.11,48.13,50000000.0,50000000.0,163,2026-02-04 12:36:23.483465
BYL,37.7,37.69,37.71,50000000.0,50000000.0,163,2026-02-04 12:36:23.483465
CLD,65.42,65.41,65.43,50000000.0,50000000.0,163,2026-02-04 12:36:23.483465
GGD,34.33,34.32,34.34,50000000.0,50000000.0,163,2026-02-04 12:36:23.483465
PNR,59.88,59.87,59.89,50000000.0,50000000.0,163,2026-02-04 12:36:23.483465
FSR,35.99,35.98,36.0,50000000.0,50000000.0,163,2026-02-04 12:36:23.483465
ATB,55.98,55.97,55.99,50000000.0,50000000.0,163,2026-02-04 12:36:23.483465
SPK,58.69,58.68,58.7,50000000.0,50000000.0,163,2026-02-04 12:36:23.483465
EEC,54.87,54.86,54.88,50000000.0,50000000.0,163,2026-02-04 12:36:23.483465
TGX,46.61,46.6,46.62,50000000.0,50000000.0,164,2026-02-04 12:36:24.526840
PHR,48.04,48.03,48.05,50000000.0,50000000.0,164,2026-02-04 12:36:24.526840
BYL,37.96,37.95,37.97,50000000.0,50000000.0,164,2026-02-04 12:36:24.526840
CLD,66.09,66.08,66.1,50000000.0,50000000.0,164,2026-02-04 12:36:24.526840
GGD,34.3,34.29,34.31,50000000.0,50000000.0,164,2026-02-04 12:36:24.526840
PNR,59.94,59.93,59.95,50000000.0,50000000.0,164,2026-02-04 12:36:24.526840
FSR,35.99,35.98,36.0,50000000.0,50000000.0,164,2026-02-04 12:36:24.526840
ATB,55.96,55.95,55.97,50000000.0,50000000.0,164,2026-02-04 12:36:24.526840
SPK,58.39,58.38,58.4,50000000.0,50000000.0,164,2026-02-04 12:36:24.526840
EEC,54.39,54.38,54.4,50000000.0,50000000.0,164,2026-02-04 12:36:24.526840
TGX,46.62,46.61,46.63,50000000.0,50000000.0,165,2026-02-04 12:36:25.584720
PHR,48.59,48.58,48.6,50000000.0,50000000.0,165,2026-02-04 12:36:25.584720
BYL,37.92,37.91,37.93,50000000.0,50000000.0,165,2026-02-04 12:36:25.584720
CLD,65.96,65.95,65.97,50000000.0,50000000.0,165,2026-02-04 12:36:25.584720
GGD,34.32,34.31,34.33,50000000.0,50000000.0,165,2026-02-04 12:36:25.584720
PNR,59.71,59.7,59.72,50000000.0,50000000.0,165,2026-02-04 12:36:25.584720
FSR,35.93,35.92,35.94,50000000.0,50000000.0,165,2026-02-04 12:36:25.584720
ATB,57.51,57.5,57.52,50000000.0,50000000.0,165,2026-02-04 12:36:25.584720
SPK,58.18,58.17,58.19,50000000.0,50000000.0,165,2026-02-04 12:36:25.584720
EEC,54.05,54.04,54.06,50000000.0,50000000.0,165,2026-02-04 12:36:25.584720
TGX,46.58,46.57,46.59,50000000.0,50000000.0,166,2026-02-04 12:36:26.651449
PHR,48.26,48.25,48.27,50000000.0,50000000.0,166,2026-02-04 12:36:26.651449
BYL,38.08,38.07,38.09,50000000.0,50000000.0,166,2026-02-04 12:36:26.651449
CLD,66.32,66.31,66.33,50000000.0,50000000.0,166,2026-02-04 12:36:26.651449
GGD,34.42,34.41,34.43,50000000.0,50000000.0,166,2026-02-04 12:36:26.651449
PNR,59.82,59.81,59.83,50000000.0,50000000.0,166,2026-02-04 12:36:26.651449
FSR,35.9,35.89,35.91,50000000.0,50000000.0,166,2026-02-04 12:36:26.651449
ATB,57.75,57.74,57.76,50000000.0,50000000.0,166,2026-02-04 12:36:26.651449
SPK,57.9,57.89,57.91,50000000.0,50000000.0,166,2026-02-04 12:36:26.651449
EEC,53.6,53.59,53.61,50000000.0,50000000.0,166,2026-02-04 12:36:26.651449
TGX,46.56,46.55,46.57,50000000.0,50000000.0,167,2026-02-04 12:36:27.696137
PHR,48.29,48.28,48.3,50000000.0,50000000.0,167,2026-02-04 12:36:27.696137
BYL,38.39,38.38,38.4,50000000.0,50000000.0,167,2026-02-04 12:36:27.696137
CLD,67.02,67.01,67.03,50000000.0,50000000.0,167,2026-02-04 12:36:27.696137
GGD,34.48,34.47,34.49,50000000.0,50000000.0,167,2026-02-04 12:36:27.696137
PNR,59.67,59.66,59.68,50000000.0,50000000.0,167,2026-02-04 12:36:27.696137
FSR,35.91,35.9,35.92,50000000.0,50000000.0,167,2026-02-04 12:36:27.696137
ATB,58.14,58.13,58.15,50000000.0,50000000.0,167,2026-02-04 12:36:27.696137
SPK,57.65,57.64,57.66,50000000.0,50000000.0,167,2026-02-04 12:36:27.696137
EEC,53.24,53.23,53.25,50000000.0,50000000.0,167,2026-02-04 12:36:27.696137
TGX,46.55,46.54,46.56,50000000.0,50000000.0,168,2026-02-04 12:36:28.733932
PHR,48.4,48.39,48.41,50000000.0,50000000.0,168,2026-02-04 12:36:28.733932
BYL,38.62,38.61,38.63,50000000.0,50000000.0,168,2026-02-04 12:36:28.733932
CLD,67.48,67.47,67.49,50000000.0,50000000.0,168,2026-02-04 12:36:28.733932
GGD,34.48,34.47,34.49,50000000.0,50000000.0,168,2026-02-04 12:36:28.733932
PNR,59.61,59.6,59.62,50000000.0,50000000.0,168,2026-02-04 12:36:28.733932
FSR,35.89,35.88,35.9,50000000.0,50000000.0,168,2026-02-04 12:36:28.733932
ATB,58.4,58.39,58.41,50000000.0,50000000.0,168,2026-02-04 12:36:28.733932
SPK,57.96,57.95,57.97,50000000.0,50000000.0,168,2026-02-04 12:36:28.733932
EEC,53.62,53.61,53.63,50000000.0,50000000.0,168,2026-02-04 12:36:28.733932
TGX,46.49,46.48,46.5,50000000.0,50000000.0,169,2026-02-04 12:36:29.764240
PHR,48.01,48.0,48.02,50000000.0,50000000.0,169,2026-02-04 12:36:29.764240
BYL,38.52,38.51,38.53,50000000.0,50000000.0,169,2026-02-04 12:36:29.764240
CLD,67.26,67.25,67.27,50000000.0,50000000.0,169,2026-02-04 12:36:29.764240
GGD,34.47,34.46,34.48,50000000.0,50000000.0,169,2026-02-04 12:36:29.764240
PNR,59.67,59.66,59.68,50000000.0,50000000.0,169,2026-02-04 12:36:29.764240
FSR,35.93,35.92,35.94,50000000.0,50000000.0,169,2026-02-04 12:36:29.764240
ATB,58.15,58.14,58.16,50000000.0,50000000.0,169,2026-02-04 12:36:29.764240
SPK,57.59,57.58,57.6,50000000.0,50000000.0,169,2026-02-04 12:36:29.764240
EEC,53.08,53.07,53.09,50000000.0,50000000.0,169,2026-02-04 12:36:29.764240
TGX,46.54,46.53,46.55,50000000.0,50000000.0,170,2026-02-04 12:36:30.798713
PHR,48.04,48.03,48.05,50000000.0,50000000.0,170,2026-02-04 12:36:30.798713
BYL,38.48,38.47,38.49,50000000.0,50000000.0,170,2026-02-04 12:36:30.798713
CLD,67.11,67.1,67.12,50000000.0,50000000.0,170,2026-02-04 12:36:30.798713
GGD,34.48,34.47,34.49,50000000.0,50000000.0,170,2026-02-04 12:36:30.798713
PNR,59.56,59.55,59.57,50000000.0,50000000.0,170,2026-02-04 12:36:30.798713
FSR,35.98,35.97,35.99,50000000.0,50000000.0,170,2026-02-04 12:36:30.798713
ATB,57.96,57.95,57.97,50000000.0,50000000.0,170,2026-02-04 12:36:30.798713
SPK,57.53,57.52,57.54,50000000.0,50000000.0,170,2026-02-04 12:36:30.798713
EEC,53.09,53.08,53.1,50000000.0,50000000.0,170,2026-02-04 12:36:30.798713
TGX,46.58,46.57,46.59,50000000.0,50000000.0,171,2026-02-04 12:36:31.841629
PHR,48.33,48.32,48.34,50000000.0,50000000.0,171,2026-02-04 12:36:31.841629
BYL,38.63,38.62,38.64,50000000.0,50000000.0,171,2026-02-04 12:36:31.841629
CLD,67.7,67.69,67.71,50000000.0,50000000.0,171,2026-02-04 12:36:31.841629
GGD,34.46,34.45,34.47,50000000.0,50000000.0,171,2026-02-04 12:36:31.841629
PNR,59.54,59.53,59.55,50000000.0,50000000.0,171,2026-02-04 12:36:31.841629
FSR,35.95,35.94,35.96,50000000.0,50000000.0,171,2026-02-04 12:36:31.841629
ATB,57.9,57.89,57.91,50000000.0,50000000.0,171,2026-02-04 12:36:31.841629
SPK,57.22,57.21,57.23,50000000.0,50000000.0,171,2026-02-04 12:36:31.841629
EEC,52.68,52.67,52.69,50000000.0,50000000.0,171,2026-02-04 12:36:31.841629
TGX,46.57,46.56,46.58,50000000.0,50000000.0,172,2026-02-04 12:36:32.896653
PHR,47.93,47.92,47.94,50000000.0,50000000.0,172,2026-02-04 12:36:32.896653
BYL,38.71,38.7,38.72,50000000.0,50000000.0,172,2026-02-04 12:36:32.896653
CLD,67.74,67.73,67.75,50000000.0,50000000.0,172,2026-02-04 12:36:32.896653
GGD,34.46,34.45,34.47,50000000.0,50000000.0,172,2026-02-04 12:36:32.896653
PNR,59.47,59.46,59.48,50000000.0,50000000.0,172,2026-02-04 12:36:32.896653
FSR,35.94,35.93,35.95,50000000.0,50000000.0,172,2026-02-04 12:36:32.896653
ATB,57.89,57.88,57.9,50000000.0,50000000.0,172,2026-02-04 12:36:32.896653
SPK,57.61,57.6,57.62,50000000.0,50000000.0,172,2026-02-04 12:36:32.896653
EEC,53.24,53.23,53.25,50000000.0,50000000.0,172,2026-02-04 12:36:32.896653
TGX,46.56,46.55,46.57,50000000.0,50000000.0,173,2026-02-04 12:36:33.442904
PHR,48.14,48.13,48.15,50000000.0,50000000.0,173,2026-02-04 12:36:33.442904
BYL,38.54,38.53,38.55,50000000.0,50000000.0,173,2026-02-04 12:36:33.442904
CLD,67.13,67.12,67.14,50000000.0,50000000.0,173,2026-02-04 12:36:33.442904
GGD,34.47,34.46,34.48,50000000.0,50000000.0,173,2026-02-04 12:36:33.442904
PNR,59.35,59.34,59.36,50000000.0,50000000.0,173,2026-02-04 12:36:33.442904
FSR,35.88,35.87,35.89,50000000.0,50000000.0,173,2026-02-04 12:36:33.442904
ATB,58.3,58.29,58.31,50000000.0,50000000.0,173,2026-02-04 12:36:33.442904
SPK,57.51,57.5,57.52,50000000.0,50000000.0,173,2026-02-04 12:36:33.442904
EEC,53.14,53.13,53.15,50000000.0,50000000.0,173,2026-02-04 12:36:33.442904
TGX,46.49,46.48,46.5,50000000.0,50000000.0,174,2026-02-04 12:36:34.496533
PHR,48.25,48.24,48.26,50000000.0,50000000.0,174,2026-02-04 12:36:34.496533
BYL,38.58,38.57,38.59,50000000.0,50000000.0,174,2026-02-04 12:36:34.496533
CLD,67.38,67.37,67.39,50000000.0,50000000.0,174,2026-02-04 12:36:34.496533
GGD,34.51,34.5,34.52,50000000.0,50000000.0,174,2026-02-04 12:36:34.496533
PNR,59.3,59.29,59.31,50000000.0,50000000.0,174,2026-02-04 12:36:34.496533
FSR,35.89,35.88,35.9,50000000.0,50000000.0,174,2026-02-04 12:36:34.496533
ATB,58.94,58.93,58.95,50000000.0,50000000.0,174,2026-02-04 12:36:34.496533
SPK,57.56,57.55,57.57,50000000.0,50000000.0,174,2026-02-04 12:36:34.496533
EEC,53.24,53.23,53.25,50000000.0,50000000.0,174,2026-02-04 12:36:34.496533
TGX,46.49,46.48,46.5,50000000.0,50000000.0,175,2026-02-04 12:36:35.539602
PHR,48.39,48.38,48.4,50000000.0,50000000.0,175,2026-02-04 12:36:35.539602
BYL,38.89,38.88,38.9,50000000.0,50000000.0,175,2026-02-04 12:36:35.539602
CLD,68.05,68.04,68.06,50000000.0,50000000.0,175,2026-02-04 12:36:35.539602
GGD,34.47,34.46,34.48,50000000.0,50000000.0,175,2026-02-04 12:36:35.539602
PNR,59.41,59.4,59.42,50000000.0,50000000.0,175,2026-02-04 12:36:35.539602
FSR,35.97,35.96,35.98,50000000.0,50000000.0,175,2026-02-04 12:36:35.539602
ATB,59.2,59.19,59.21,50000000.0,50000000.0,175,2026-02-04 12:36:35.539602
SPK,58.2,58.19,58.21,50000000.0,50000000.0,175,2026-02-04 12:36:35.539602
EEC,54.05,54.04,54.06,50000000.0,50000000.0,175,2026-02-04 12:36:35.539602
TGX,46.46,46.45,46.47,50000000.0,50000000.0,176,2026-02-04 12:36:36.609831
PHR,48.26,48.25,48.27,50000000.0,50000000.0,176,2026-02-04 12:36:36.609831
BYL,38.41,38.4,38.42,50000000.0,50000000.0,176,2026-02-04 12:36:36.609831
CLD,66.91,66.9,66.92,50000000.0,50000000.0,176,2026-02-04 12:36:36.609831
GGD,34.43,34.42,34.44,50000000.0,50000000.0,176,2026-02-04 12:36:36.609831
PNR,58.99,58.98,59.0,50000000.0,50000000.0,176,2026-02-04 12:36:36.609831
FSR,35.89,35.88,35.9,50000000.0,50000000.0,176,2026-02-04 12:36:36.609831
ATB,59.5,59.49,59.51,50000000.0,50000000.0,176,2026-02-04 12:36:36.609831
SPK,58.09,58.08,58.1,50000000.0,50000000.0,176,2026-02-04 12:36:36.609831
EEC,53.88,53.87,53.89,50000000.0,50000000.0,176,2026-02-04 12:36:36.609831
TGX,46.46,46.45,46.47,50000000.0,50000000.0,177,2026-02-04 12:36:37.663404
PHR,48.26,48.25,48.27,50000000.0,50000000.0,177,2026-02-04 12:36:37.663404
BYL,38.34,38.33,38.35,50000000.0,50000000.0,177,2026-02-04 12:36:37.663404
CLD,66.75,66.74,66.76,50000000.0,50000000.0,177,2026-02-04 12:36:37.663404
GGD,34.41,34.4,34.42,50000000.0,50000000.0,177,2026-02-04 12:36:37.663404
PNR,59.05,59.04,59.06,50000000.0,50000000.0,177,2026-02-04 12:36:37.663404
FSR,35.95,35.94,35.96,50000000.0,50000000.0,177,2026-02-04 12:36:37.663404
ATB,59.04,59.03,59.05,50000000.0,50000000.0,177,2026-02-04 12:36:37.663404
SPK,58.24,58.23,58.25,50000000.0,50000000.0,177,2026-02-04 12:36:37.663404
EEC,54.08,54.07,54.09,50000000.0,50000000.0,177,2026-02-04 12:36:37.663404
TGX,46.48,46.47,46.49,50000000.0,50000000.0,178,2026-02-04 12:36:38.698050
PHR,48.27,48.26,48.28,50000000.0,50000000.0,178,2026-02-04 12:36:38.698050
BYL,38.36,38.35,38.37,50000000.0,50000000.0,178,2026-02-04 12:36:38.698050
CLD,67.01,67.0,67.02,50000000.0,50000000.0,178,2026-02-04 12:36:38.698050
GGD,34.49,34.48,34.5,50000000.0,50000000.0,178,2026-02-04 12:36:38.698050
PNR,59.32,59.31,59.33,50000000.0,50000000.0,178,2026-02-04 12:36:38.698050
FSR,36.01,36.0,36.02,50000000.0,50000000.0,178,2026-02-04 12:36:38.698050
ATB,59.41,59.4,59.42,50000000.0,50000000.0,178,2026-02-04 12:36:38.698050
SPK,58.38,58.37,58.39,50000000.0,50000000.0,178,2026-02-04 12:36:38.698050
EEC,54.26,54.25,54.27,50000000.0,50000000.0,178,2026-02-04 12:36:38.698050
TGX,46.46,46.45,46.47,50000000.0,50000000.0,179,2026-02-04 12:36:39.752423
PHR,48.47,48.46,48.48,50000000.0,50000000.0,179,2026-02-04 12:36:39.752423
BYL,38.09,38.08,38.1,50000000.0,50000000.0,179,2026-02-04 12:36:39.752423
CLD,66.33,66.32,66.34,50000000.0,50000000.0,179,2026-02-04 12:36:39.752423
GGD,34.54,34.53,34.55,50000000.0,50000000.0,179,2026-02-04 12:36:39.752423
PNR,59.12,59.11,59.13,50000000.0,50000000.0,179,2026-02-04 12:36:39.752423
FSR,35.87,35.86,35.88,50000000.0,50000000.0,179,2026-02-04 12:36:39.752423
ATB,59.08,59.07,59.09,50000000.0,50000000.0,179,2026-02-04 12:36:39.752423
SPK,58.35,58.34,58.36,50000000.0,50000000.0,179,2026-02-04 12:36:39.752423
EEC,54.21,54.2,54.22,50000000.0,50000000.0,179,2026-02-04 12:36:39.752423
TGX,46.5,46.49,46.51,50000000.0,50000000.0,180,2026-02-04 12:36:40.798654
PHR,48.34,48.33,48.35,50000000.0,50000000.0,180,2026-02-04 12:36:40.798654
BYL,38.08,38.07,38.09,50000000.0,50000000.0,180,2026-02-04 12:36:40.798654
CLD,66.47,66.46,66.48,50000000.0,50000000.0,180,2026-02-04 12:36:40.798654
GGD,34.53,34.52,34.54,50000000.0,50000000.0,180,2026-02-04 12:36:40.798654
PNR,58.91,58.9,58.92,50000000.0,50000000.0,180,2026-02-04 12:36:40.798654
FSR,35.81,35.8,35.82,50000000.0,50000000.0,180,2026-02-04 12:36:40.798654
ATB,59.29,59.28,59.3,50000000.0,50000000.0,180,2026-02-04 12:36:40.798654
SPK,58.23,58.22,58.24,50000000.0,50000000.0,180,2026-02-04 12:36:40.798654
EEC,54.02,54.01,54.03,50000000.0,50000000.0,180,2026-02-04 12:36:40.798654
TGX,46.49,46.48,46.5,50000000.0,50000000.0,181,2026-02-04 12:36:41.846310
PHR,48.21,48.2,48.22,50000000.0,50000000.0,181,2026-02-04 12:36:41.846310
BYL,37.94,37.93,37.95,50000000.0,50000000.0,181,2026-02-04 12:36:41.846310
CLD,66.15,66.14,66.16,50000000.0,50000000.0,181,2026-02-04 12:36:41.846310
GGD,34.6,34.59,34.61,50000000.0,50000000.0,181,2026-02-04 12:36:41.846310
PNR,59.09,59.08,59.1,50000000.0,50000000.0,181,2026-02-04 12:36:41.846310
FSR,35.82,35.81,35.83,50000000.0,50000000.0,181,2026-02-04 12:36:41.846310
ATB,59.19,59.18,59.2,50000000.0,50000000.0,181,2026-02-04 12:36:41.846310
SPK,58.37,58.36,58.38,50000000.0,50000000.0,181,2026-02-04 12:36:41.846310
EEC,54.23,54.22,54.24,50000000.0,50000000.0,181,2026-02-04 12:36:41.846310
TGX,46.48,46.47,46.49,50000000.0,50000000.0,182,2026-02-04 12:36:42.893369
PHR,48.17,48.16,48.18,50000000.0,50000000.0,182,2026-02-04 12:36:42.893369
BYL,37.97,37.96,37.98,50000000.0,50000000.0,182,2026-02-04 12:36:42.893369
CLD,66.3,66.29,66.31,50000000.0,50000000.0,182,2026-02-04 12:36:42.893369
GGD,34.53,34.52,34.54,50000000.0,50000000.0,182,2026-02-04 12:36:42.893369
PNR,58.92,58.91,58.93,50000000.0,50000000.0,182,2026-02-04 12:36:42.893369
FSR,35.78,35.77,35.79,50000000.0,50000000.0,182,2026-02-04 12:36:42.893369
ATB,58.95,58.94,58.96,50000000.0,50000000.0,182,2026-02-04 12:36:42.893369
SPK,58.37,58.36,58.38,50000000.0,50000000.0,182,2026-02-04 12:36:42.893369
EEC,54.25,54.24,54.26,50000000.0,50000000.0,182,2026-02-04 12:36:42.893369
TGX,46.41,46.4,46.42,50000000.0,50000000.0,183,2026-02-04 12:36:43.943392
PHR,47.92,47.91,47.93,50000000.0,50000000.0,183,2026-02-04 12:36:43.943392
BYL,38.06,38.05,38.07,50000000.0,50000000.0,183,2026-02-04 12:36:43.943392
CLD,66.61,66.6,66.62,50000000.0,50000000.0,183,2026-02-04 12:36:43.943392
GGD,34.55,34.54,34.56,50000000.0,50000000.0,183,2026-02-04 12:36:43.943392
PNR,58.85,58.84,58.86,50000000.0,50000000.0,183,2026-02-04 12:36:43.943392
FSR,35.81,35.8,35.82,50000000.0,50000000.0,183,2026-02-04 12:36:43.943392
ATB,59.47,59.46,59.48,50000000.0,50000000.0,183,2026-02-04 12:36:43.943392
SPK,58.48,58.47,58.49,50000000.0,50000000.0,183,2026-02-04 12:36:43.943392
EEC,54.46,54.45,54.47,50000000.0,50000000.0,183,2026-02-04 12:36:43.943392
TGX,46.4,46.39,46.41,50000000.0,50000000.0,184,2026-02-04 12:36:44.529247
PHR,47.9,47.89,47.91,50000000.0,50000000.0,184,2026-02-04 12:36:44.529247
BYL,38.04,38.03,38.05,50000000.0,50000000.0,184,2026-02-04 12:36:44.529247
CLD,66.67,66.66,66.68,50000000.0,50000000.0,184,2026-02-04 12:36:44.529247
GGD,34.56,34.55,34.57,50000000.0,50000000.0,184,2026-02-04 12:36:44.529247
PNR,58.53,58.52,58.54,50000000.0,50000000.0,184,2026-02-04 12:36:44.529247
FSR,35.86,35.85,35.87,50000000.0,50000000.0,184,2026-02-04 12:36:44.529247
ATB,59.38,59.37,59.39,50000000.0,50000000.0,184,2026-02-04 12:36:44.529247
SPK,58.4,58.39,58.41,50000000.0,50000000.0,184,2026-02-04 12:36:44.529247
EEC,54.37,54.36,54.38,50000000.0,50000000.0,184,2026-02-04 12:36:44.529247
TGX,46.45,46.44,46.46,50000000.0,50000000.0,185,2026-02-04 12:36:45.590843,18.0,1.0,184.0,D1-TGX/PHR,FTC Requests Additional Information,"The Federal Trade Commission has issued a Second Request for information regarding the proposed acquisition, extending the HSR review period by an additional 30 days. This is standard procedure for larger transactions but signals regulatory scrutiny."
PHR,47.87,47.86,47.88,50000000.0,50000000.0,185,2026-02-04 12:36:45.590843,,,,,,
BYL,37.94,37.93,37.95,50000000.0,50000000.0,185,2026-02-04 12:36:45.590843,,,,,,
CLD,66.52,66.51,66.53,50000000.0,50000000.0,185,2026-02-04 12:36:45.590843,,,,,,
GGD,34.55,34.54,34.56,50000000.0,50000000.0,185,2026-02-04 12:36:45.590843,,,,,,
PNR,58.44,58.43,58.45,50000000.0,50000000.0,185,2026-02-04 12:36:45.590843,,,,,,
FSR,35.81,35.8,35.82,50000000.0,50000000.0,185,2026-02-04 12:36:45.590843,,,,,,
ATB,59.28,59.27,59.29,50000000.0,50000000.0,185,2026-02-04 12:36:45.590843,,,,,,
SPK,58.34,58.33,58.35,50000000.0,50000000.0,185,2026-02-04 12:36:45.590843,,,,,,
EEC,54.35,54.34,54.36,50000000.0,50000000.0,185,2026-02-04 12:36:45.590843,,,,,,
TGX,46.41,46.4,46.42,50000000.0,50000000.0,186,2026-02-04 12:36:46.677287,19.0,1.0,185.0,D2-BYL/CLD,Institutional Investors Signal Support,Major ByteLayer shareholders including Vanguard and BlackRock indicate preliminary support for stock consideration.
PHR,47.27,47.26,47.28,50000000.0,50000000.0,186,2026-02-04 12:36:46.677287,,,,,,
BYL,37.82,37.81,37.83,50000000.0,50000000.0,186,2026-02-04 12:36:46.677287,,,,,,
CLD,66.12,66.11,66.13,50000000.0,50000000.0,186,2026-02-04 12:36:46.677287,,,,,,
GGD,34.58,34.57,34.59,50000000.0,50000000.0,186,2026-02-04 12:36:46.677287,,,,,,
PNR,58.5,58.49,58.51,50000000.0,50000000.0,186,2026-02-04 12:36:46.677287,,,,,,
FSR,35.87,35.86,35.88,50000000.0,50000000.0,186,2026-02-04 12:36:46.677287,,,,,,
ATB,59.89,59.88,59.9,50000000.0,50000000.0,186,2026-02-04 12:36:46.677287,,,,,,
SPK,58.25,58.24,58.26,50000000.0,50000000.0,186,2026-02-04 12:36:46.677287,,,,,,
EEC,54.26,54.25,54.27,50000000.0,50000000.0,186,2026-02-04 12:36:46.677287,,,,,,
TGX,46.41,46.4,46.42,50000000.0,50000000.0,187,2026-02-04 12:36:47.720290
PHR,47.29,47.28,47.3,50000000.0,50000000.0,187,2026-02-04 12:36:47.720290
BYL,37.6,37.59,37.61,50000000.0,50000000.0,187,2026-02-04 12:36:47.720290
CLD,65.53,65.52,65.54,50000000.0,50000000.0,187,2026-02-04 12:36:47.720290
GGD,34.58,34.57,34.59,50000000.0,50000000.0,187,2026-02-04 12:36:47.720290
PNR,58.72,58.71,58.73,50000000.0,50000000.0,187,2026-02-04 12:36:47.720290
FSR,35.89,35.88,35.9,50000000.0,50000000.0,187,2026-02-04 12:36:47.720290
ATB,59.55,59.54,59.56,50000000.0,50000000.0,187,2026-02-04 12:36:47.720290
SPK,57.97,57.96,57.98,50000000.0,50000000.0,187,2026-02-04 12:36:47.720290
EEC,53.88,53.87,53.89,50000000.0,50000000.0,187,2026-02-04 12:36:47.720290
TGX,46.41,46.4,46.42,50000000.0,50000000.0,188,2026-02-04 12:36:48.751888
PHR,47.14,47.13,47.15,50000000.0,50000000.0,188,2026-02-04 12:36:48.751888
BYL,37.5,37.49,37.51,50000000.0,50000000.0,188,2026-02-04 12:36:48.751888
CLD,65.3,65.29,65.31,50000000.0,50000000.0,188,2026-02-04 12:36:48.751888
GGD,34.6,34.59,34.61,50000000.0,50000000.0,188,2026-02-04 12:36:48.751888
PNR,58.72,58.71,58.73,50000000.0,50000000.0,188,2026-02-04 12:36:48.751888
FSR,35.85,35.84,35.86,50000000.0,50000000.0,188,2026-02-04 12:36:48.751888
ATB,59.26,59.25,59.27,50000000.0,50000000.0,188,2026-02-04 12:36:48.751888
SPK,58.12,58.11,58.13,50000000.0,50000000.0,188,2026-02-04 12:36:48.751888
EEC,54.11,54.1,54.12,50000000.0,50000000.0,188,2026-02-04 12:36:48.751888
TGX,46.41,46.4,46.42,50000000.0,50000000.0,189,2026-02-04 12:36:49.792450
PHR,47.43,47.42,47.44,50000000.0,50000000.0,189,2026-02-04 12:36:49.792450
BYL,37.54,37.53,37.55,50000000.0,50000000.0,189,2026-02-04 12:36:49.792450
CLD,65.48,65.47,65.49,50000000.0,50000000.0,189,2026-02-04 12:36:49.792450
GGD,34.65,34.64,34.66,50000000.0,50000000.0,189,2026-02-04 12:36:49.792450
PNR,58.88,58.87,58.89,50000000.0,50000000.0,189,2026-02-04 12:36:49.792450
FSR,35.86,35.85,35.87,50000000.0,50000000.0,189,2026-02-04 12:36:49.792450
ATB,58.68,58.67,58.69,50000000.0,50000000.0,189,2026-02-04 12:36:49.792450
SPK,58.26,58.25,58.27,50000000.0,50000000.0,189,2026-02-04 12:36:49.792450
EEC,54.34,54.33,54.35,50000000.0,50000000.0,189,2026-02-04 12:36:49.792450
TGX,46.39,46.38,46.4,50000000.0,50000000.0,190,2026-02-04 12:36:50.831798
PHR,47.45,47.44,47.46,50000000.0,50000000.0,190,2026-02-04 12:36:50.831798
BYL,37.63,37.62,37.64,50000000.0,50000000.0,190,2026-02-04 12:36:50.831798
CLD,65.63,65.62,65.64,50000000.0,50000000.0,190,2026-02-04 12:36:50.831798
GGD,34.66,34.65,34.67,50000000.0,50000000.0,190,2026-02-04 12:36:50.831798
PNR,58.76,58.75,58.77,50000000.0,50000000.0,190,2026-02-04 12:36:50.831798
FSR,35.86,35.85,35.87,50000000.0,50000000.0,190,2026-02-04 12:36:50.831798
ATB,58.83,58.82,58.84,50000000.0,50000000.0,190,2026-02-04 12:36:50.831798
SPK,58.09,58.08,58.1,50000000.0,50000000.0,190,2026-02-04 12:36:50.831798
EEC,54.06,54.05,54.07,50000000.0,50000000.0,190,2026-02-04 12:36:50.831798
TGX,46.42,46.41,46.43,50000000.0,50000000.0,191,2026-02-04 12:36:51.864391
PHR,47.87,47.86,47.88,50000000.0,50000000.0,191,2026-02-04 12:36:51.864391
BYL,37.62,37.61,37.63,50000000.0,50000000.0,191,2026-02-04 12:36:51.864391
CLD,65.59,65.58,65.6,50000000.0,50000000.0,191,2026-02-04 12:36:51.864391
GGD,34.74,34.73,34.75,50000000.0,50000000.0,191,2026-02-04 12:36:51.864391
PNR,58.79,58.78,58.8,50000000.0,50000000.0,191,2026-02-04 12:36:51.864391
FSR,35.84,35.83,35.85,50000000.0,50000000.0,191,2026-02-04 12:36:51.864391
ATB,58.96,58.95,58.97,50000000.0,50000000.0,191,2026-02-04 12:36:51.864391
SPK,57.65,57.64,57.66,50000000.0,50000000.0,191,2026-02-04 12:36:51.864391
EEC,53.46,53.45,53.47,50000000.0,50000000.0,191,2026-02-04 12:36:51.864391
TGX,46.4,46.39,46.41,50000000.0,50000000.0,192,2026-02-04 12:36:52.903249
PHR,47.9,47.89,47.91,50000000.0,50000000.0,192,2026-02-04 12:36:52.903249
BYL,37.66,37.65,37.67,50000000.0,50000000.0,192,2026-02-04 12:36:52.903249
CLD,65.65,65.64,65.66,50000000.0,50000000.0,192,2026-02-04 12:36:52.903249
GGD,34.74,34.73,34.75,50000000.0,50000000.0,192,2026-02-04 12:36:52.903249
PNR,59.08,59.07,59.09,50000000.0,50000000.0,192,2026-02-04 12:36:52.903249
FSR,35.89,35.88,35.9,50000000.0,50000000.0,192,2026-02-04 12:36:52.903249
ATB,58.75,58.74,58.76,50000000.0,50000000.0,192,2026-02-04 12:36:52.903249
SPK,57.66,57.65,57.67,50000000.0,50000000.0,192,2026-02-04 12:36:52.903249
EEC,53.48,53.47,53.49,50000000.0,50000000.0,192,2026-02-04 12:36:52.903249
TGX,46.32,46.31,46.33,50000000.0,50000000.0,193,2026-02-04 12:36:53.939712
PHR,47.88,47.87,47.89,50000000.0,50000000.0,193,2026-02-04 12:36:53.939712
BYL,37.7,37.69,37.71,50000000.0,50000000.0,193,2026-02-04 12:36:53.939712
CLD,65.71,65.7,65.72,50000000.0,50000000.0,193,2026-02-04 12:36:53.939712
GGD,34.74,34.73,34.75,50000000.0,50000000.0,193,2026-02-04 12:36:53.939712
PNR,58.77,58.76,58.78,50000000.0,50000000.0,193,2026-02-04 12:36:53.939712
FSR,35.99,35.98,36.0,50000000.0,50000000.0,193,2026-02-04 12:36:53.939712
ATB,59.43,59.42,59.44,50000000.0,50000000.0,193,2026-02-04 12:36:53.939712
SPK,57.61,57.6,57.62,50000000.0,50000000.0,193,2026-02-04 12:36:53.939712
EEC,53.41,53.4,53.42,50000000.0,50000000.0,193,2026-02-04 12:36:53.939712
TGX,46.37,46.36,46.38,50000000.0,50000000.0,194,2026-02-04 12:36:54.972770,20.0,1.0,193.0,D4-FSR/ATB,TLAC Requirements Clarified,Regulators provide clarity on Total Loss-Absorbing Capacity requirements post-merger.
PHR,48.04,48.03,48.05,50000000.0,50000000.0,194,2026-02-04 12:36:54.972770,,,,,,
BYL,37.78,37.77,37.79,50000000.0,50000000.0,194,2026-02-04 12:36:54.972770,,,,,,
CLD,65.88,65.87,65.89,50000000.0,50000000.0,194,2026-02-04 12:36:54.972770,,,,,,
GGD,34.85,34.84,34.86,50000000.0,50000000.0,194,2026-02-04 12:36:54.972770,,,,,,
PNR,58.94,58.93,58.95,50000000.0,50000000.0,194,2026-02-04 12:36:54.972770,,,,,,
FSR,36.0,35.99,36.01,50000000.0,50000000.0,194,2026-02-04 12:36:54.972770,,,,,,
ATB,59.54,59.53,59.55,50000000.0,50000000.0,194,2026-02-04 12:36:54.972770,,,,,,
SPK,57.69,57.68,57.7,50000000.0,50000000.0,194,2026-02-04 12:36:54.972770,,,,,,
EEC,53.51,53.5,53.52,50000000.0,50000000.0,194,2026-02-04 12:36:54.972770,,,,,,
TGX,46.35,46.34,46.36,50000000.0,50000000.0,195,2026-02-04 12:36:56.018499
PHR,47.95,47.94,47.96,50000000.0,50000000.0,195,2026-02-04 12:36:56.018499
BYL,37.8,37.79,37.81,50000000.0,50000000.0,195,2026-02-04 12:36:56.018499
CLD,65.8,65.79,65.81,50000000.0,50000000.0,195,2026-02-04 12:36:56.018499
GGD,34.83,34.82,34.84,50000000.0,50000000.0,195,2026-02-04 12:36:56.018499
PNR,58.93,58.92,58.94,50000000.0,50000000.0,195,2026-02-04 12:36:56.018499
FSR,36.03,36.02,36.04,50000000.0,50000000.0,195,2026-02-04 12:36:56.018499
ATB,59.55,59.54,59.56,50000000.0,50000000.0,195,2026-02-04 12:36:56.018499
SPK,57.57,57.56,57.58,50000000.0,50000000.0,195,2026-02-04 12:36:56.018499
EEC,53.32,53.31,53.33,50000000.0,50000000.0,195,2026-02-04 12:36:56.018499
TGX,46.34,46.33,46.35,50000000.0,50000000.0,196,2026-02-04 12:36:56.560389
PHR,48.16,48.15,48.17,50000000.0,50000000.0,196,2026-02-04 12:36:56.560389
BYL,38.1,38.09,38.11,50000000.0,50000000.0,196,2026-02-04 12:36:56.560389
CLD,66.43,66.42,66.44,50000000.0,50000000.0,196,2026-02-04 12:36:56.560389
GGD,34.79,34.78,34.8,50000000.0,50000000.0,196,2026-02-04 12:36:56.560389
PNR,58.86,58.85,58.87,50000000.0,50000000.0,196,2026-02-04 12:36:56.560389
FSR,36.03,36.02,36.04,50000000.0,50000000.0,196,2026-02-04 12:36:56.560389
ATB,59.32,59.31,59.33,50000000.0,50000000.0,196,2026-02-04 12:36:56.560389
SPK,57.44,57.43,57.45,50000000.0,50000000.0,196,2026-02-04 12:36:56.560389
EEC,53.14,53.13,53.15,50000000.0,50000000.0,196,2026-02-04 12:36:56.560389
TGX,46.31,46.3,46.32,50000000.0,50000000.0,197,2026-02-04 12:36:57.604256
PHR,47.97,47.96,47.98,50000000.0,50000000.0,197,2026-02-04 12:36:57.604256
BYL,37.83,37.82,37.84,50000000.0,50000000.0,197,2026-02-04 12:36:57.604256
CLD,65.69,65.68,65.7,50000000.0,50000000.0,197,2026-02-04 12:36:57.604256
GGD,34.87,34.86,34.88,50000000.0,50000000.0,197,2026-02-04 12:36:57.604256
PNR,58.84,58.83,58.85,50000000.0,50000000.0,197,2026-02-04 12:36:57.604256
FSR,36.02,36.01,36.03,50000000.0,50000000.0,197,2026-02-04 12:36:57.604256
ATB,60.17,60.16,60.18,50000000.0,50000000.0,197,2026-02-04 12:36:57.604256
SPK,57.66,57.65,57.67,50000000.0,50000000.0,197,2026-02-04 12:36:57.604256
EEC,53.45,53.44,53.46,50000000.0,50000000.0,197,2026-02-04 12:36:57.604256
TGX,46.3,46.29,46.31,50000000.0,50000000.0,198,2026-02-04 12:36:58.654582
PHR,48.53,48.52,48.54,50000000.0,50000000.0,198,2026-02-04 12:36:58.654582
BYL,37.69,37.68,37.7,50000000.0,50000000.0,198,2026-02-04 12:36:58.654582
CLD,65.3,65.29,65.31,50000000.0,50000000.0,198,2026-02-04 12:36:58.654582
GGD,34.85,34.84,34.86,50000000.0,50000000.0,198,2026-02-04 12:36:58.654582
PNR,58.76,58.75,58.77,50000000.0,50000000.0,198,2026-02-04 12:36:58.654582
FSR,36.05,36.04,36.06,50000000.0,50000000.0,198,2026-02-04 12:36:58.654582
ATB,61.0,60.99,61.01,50000000.0,50000000.0,198,2026-02-04 12:36:58.654582
SPK,57.45,57.44,57.46,50000000.0,50000000.0,198,2026-02-04 12:36:58.654582
EEC,53.21,53.2,53.22,50000000.0,50000000.0,198,2026-02-04 12:36:58.654582
TGX,46.29,46.28,46.3,50000000.0,50000000.0,199,2026-02-04 12:36:59.720674,21.0,1.0,198.0,D3-GGD/PNR,Political Opposition Voiced,Several senators express concern about energy market concentration and request FTC review.
PHR,48.31,48.3,48.32,50000000.0,50000000.0,199,2026-02-04 12:36:59.720674,,,,,,
BYL,37.65,37.64,37.66,50000000.0,50000000.0,199,2026-02-04 12:36:59.720674,,,,,,
CLD,65.3,65.29,65.31,50000000.0,50000000.0,199,2026-02-04 12:36:59.720674,,,,,,
GGD,34.89,34.88,34.9,50000000.0,50000000.0,199,2026-02-04 12:36:59.720674,,,,,,
PNR,58.82,58.81,58.83,50000000.0,50000000.0,199,2026-02-04 12:36:59.720674,,,,,,
FSR,36.05,36.04,36.06,50000000.0,50000000.0,199,2026-02-04 12:36:59.720674,,,,,,
ATB,60.89,60.88,60.9,50000000.0,50000000.0,199,2026-02-04 12:36:59.720674,,,,,,
SPK,57.47,57.46,57.48,50000000.0,50000000.0,199,2026-02-04 12:36:59.720674,,,,,,
EEC,53.32,53.31,53.33,50000000.0,50000000.0,199,2026-02-04 12:36:59.720674,,,,,,
TGX,46.21,46.2,46.22,50000000.0,50000000.0,200,2026-02-04 12:37:00.777801
PHR,48.7,48.69,48.71,50000000.0,50000000.0,200,2026-02-04 12:37:00.777801
BYL,37.63,37.62,37.64,50000000.0,50000000.0,200,2026-02-04 12:37:00.777801
CLD,65.23,65.22,65.24,50000000.0,50000000.0,200,2026-02-04 12:37:00.777801
GGD,34.88,34.87,34.89,50000000.0,50000000.0,200,2026-02-04 12:37:00.777801
PNR,58.78,58.77,58.79,50000000.0,50000000.0,200,2026-02-04 12:37:00.777801
FSR,36.01,36.0,36.02,50000000.0,50000000.0,200,2026-02-04 12:37:00.777801
ATB,60.52,60.51,60.53,50000000.0,50000000.0,200,2026-02-04 12:37:00.777801
SPK,57.71,57.7,57.72,50000000.0,50000000.0,200,2026-02-04 12:37:00.777801
EEC,53.64,53.63,53.65,50000000.0,50000000.0,200,2026-02-04 12:37:00.777801
TGX,46.3,46.29,46.31,50000000.0,50000000.0,201,2026-02-04 12:37:01.821519
PHR,49.08,49.07,49.09,50000000.0,50000000.0,201,2026-02-04 12:37:01.821519
BYL,37.49,37.48,37.5,50000000.0,50000000.0,201,2026-02-04 12:37:01.821519
CLD,64.98,64.97,64.99,50000000.0,50000000.0,201,2026-02-04 12:37:01.821519
GGD,34.8,34.79,34.81,50000000.0,50000000.0,201,2026-02-04 12:37:01.821519
PNR,58.52,58.51,58.53,50000000.0,50000000.0,201,2026-02-04 12:37:01.821519
FSR,36.03,36.02,36.04,50000000.0,50000000.0,201,2026-02-04 12:37:01.821519
ATB,60.17,60.16,60.18,50000000.0,50000000.0,201,2026-02-04 12:37:01.821519
SPK,57.93,57.92,57.94,50000000.0,50000000.0,201,2026-02-04 12:37:01.821519
EEC,53.91,53.9,53.92,50000000.0,50000000.0,201,2026-02-04 12:37:01.821519
TGX,46.34,46.33,46.35,50000000.0,50000000.0,202,2026-02-04 12:37:02.867410
PHR,49.11,49.1,49.12,50000000.0,50000000.0,202,2026-02-04 12:37:02.867410
BYL,37.35,37.34,37.36,50000000.0,50000000.0,202,2026-02-04 12:37:02.867410
CLD,64.76,64.75,64.77,50000000.0,50000000.0,202,2026-02-04 12:37:02.867410
GGD,34.75,34.74,34.76,50000000.0,50000000.0,202,2026-02-04 12:37:02.867410
PNR,58.51,58.5,58.52,50000000.0,50000000.0,202,2026-02-04 12:37:02.867410
FSR,36.03,36.02,36.04,50000000.0,50000000.0,202,2026-02-04 12:37:02.867410
ATB,60.82,60.81,60.83,50000000.0,50000000.0,202,2026-02-04 12:37:02.867410
SPK,58.02,58.01,58.03,50000000.0,50000000.0,202,2026-02-04 12:37:02.867410
EEC,54.05,54.04,54.06,50000000.0,50000000.0,202,2026-02-04 12:37:02.867410
TGX,46.34,46.33,46.35,50000000.0,50000000.0,203,2026-02-04 12:37:03.906751
PHR,49.01,49.0,49.02,50000000.0,50000000.0,203,2026-02-04 12:37:03.906751
BYL,37.34,37.33,37.35,50000000.0,50000000.0,203,2026-02-04 12:37:03.906751
CLD,64.68,64.67,64.69,50000000.0,50000000.0,203,2026-02-04 12:37:03.906751
GGD,34.7,34.69,34.71,50000000.0,50000000.0,203,2026-02-04 12:37:03.906751
PNR,58.51,58.5,58.52,50000000.0,50000000.0,203,2026-02-04 12:37:03.906751
FSR,35.86,35.85,35.87,50000000.0,50000000.0,203,2026-02-04 12:37:03.906751
ATB,60.55,60.54,60.56,50000000.0,50000000.0,203,2026-02-04 12:37:03.906751
SPK,58.04,58.03,58.05,50000000.0,50000000.0,203,2026-02-04 12:37:03.906751
EEC,54.13,54.12,54.14,50000000.0,50000000.0,203,2026-02-04 12:37:03.906751
TGX,46.34,46.33,46.35,50000000.0,50000000.0,204,2026-02-04 12:37:04.935658
PHR,48.9,48.89,48.91,50000000.0,50000000.0,204,2026-02-04 12:37:04.935658
BYL,37.33,37.32,37.34,50000000.0,50000000.0,204,2026-02-04 12:37:04.935658
CLD,64.78,64.77,64.79,50000000.0,50000000.0,204,2026-02-04 12:37:04.935658
GGD,34.66,34.65,34.67,50000000.0,50000000.0,204,2026-02-04 12:37:04.935658
PNR,58.54,58.53,58.55,50000000.0,50000000.0,204,2026-02-04 12:37:04.935658
FSR,35.81,35.8,35.82,50000000.0,50000000.0,204,2026-02-04 12:37:04.935658
ATB,60.39,60.38,60.4,50000000.0,50000000.0,204,2026-02-04 12:37:04.935658
SPK,58.2,58.19,58.21,50000000.0,50000000.0,204,2026-02-04 12:37:04.935658
EEC,54.35,54.34,54.36,50000000.0,50000000.0,204,2026-02-04 12:37:04.935658
TGX,46.36,46.35,46.37,50000000.0,50000000.0,205,2026-02-04 12:37:05.970844
PHR,48.71,48.7,48.72,50000000.0,50000000.0,205,2026-02-04 12:37:05.970844
BYL,37.86,37.85,37.87,50000000.0,50000000.0,205,2026-02-04 12:37:05.970844
CLD,65.98,65.97,65.99,50000000.0,50000000.0,205,2026-02-04 12:37:05.970844
GGD,34.62,34.61,34.63,50000000.0,50000000.0,205,2026-02-04 12:37:05.970844
PNR,58.1,58.09,58.11,50000000.0,50000000.0,205,2026-02-04 12:37:05.970844
FSR,35.79,35.78,35.8,50000000.0,50000000.0,205,2026-02-04 12:37:05.970844
ATB,60.53,60.52,60.54,50000000.0,50000000.0,205,2026-02-04 12:37:05.970844
SPK,58.58,58.57,58.59,50000000.0,50000000.0,205,2026-02-04 12:37:05.970844
EEC,54.94,54.93,54.95,50000000.0,50000000.0,205,2026-02-04 12:37:05.970844
TGX,45.32,45.31,45.33,50000000.0,50000000.0,206,2026-02-04 12:37:07.016098
PHR,48.82,48.81,48.83,50000000.0,50000000.0,206,2026-02-04 12:37:07.016098
BYL,37.77,37.76,37.78,50000000.0,50000000.0,206,2026-02-04 12:37:07.016098
CLD,65.83,65.82,65.84,50000000.0,50000000.0,206,2026-02-04 12:37:07.016098
GGD,34.56,34.55,34.57,50000000.0,50000000.0,206,2026-02-04 12:37:07.016098
PNR,58.25,58.24,58.26,50000000.0,50000000.0,206,2026-02-04 12:37:07.016098
FSR,35.75,35.74,35.76,50000000.0,50000000.0,206,2026-02-04 12:37:07.016098
ATB,60.13,60.12,60.14,50000000.0,50000000.0,206,2026-02-04 12:37:07.016098
SPK,58.61,58.6,58.62,50000000.0,50000000.0,206,2026-02-04 12:37:07.016098
EEC,54.92,54.91,54.93,50000000.0,50000000.0,206,2026-02-04 12:37:07.016098
TGX,45.28,45.27,45.29,50000000.0,50000000.0,207,2026-02-04 12:37:08.048177
PHR,48.99,48.98,49.0,50000000.0,50000000.0,207,2026-02-04 12:37:08.048177
BYL,37.66,37.65,37.67,50000000.0,50000000.0,207,2026-02-04 12:37:08.048177
CLD,65.61,65.6,65.62,50000000.0,50000000.0,207,2026-02-04 12:37:08.048177
GGD,34.56,34.55,34.57,50000000.0,50000000.0,207,2026-02-04 12:37:08.048177
PNR,58.36,58.35,58.37,50000000.0,50000000.0,207,2026-02-04 12:37:08.048177
FSR,35.79,35.78,35.8,50000000.0,50000000.0,207,2026-02-04 12:37:08.048177
ATB,61.12,61.11,61.13,50000000.0,50000000.0,207,2026-02-04 12:37:08.048177
SPK,58.44,58.43,58.45,50000000.0,50000000.0,207,2026-02-04 12:37:08.048177
EEC,54.66,54.65,54.67,50000000.0,50000000.0,207,2026-02-04 12:37:08.048177
TGX,45.28,45.27,45.29,50000000.0,50000000.0,208,2026-02-04 12:37:09.094013
PHR,49.15,49.14,49.16,50000000.0,50000000.0,208,2026-02-04 12:37:09.094013
BYL,37.54,37.53,37.55,50000000.0,50000000.0,208,2026-02-04 12:37:09.094013
CLD,65.38,65.37,65.39,50000000.0,50000000.0,208,2026-02-04 12:37:09.094013
GGD,34.53,34.52,34.54,50000000.0,50000000.0,208,2026-02-04 12:37:09.094013
PNR,58.66,58.65,58.67,50000000.0,50000000.0,208,2026-02-04 12:37:09.094013
FSR,35.79,35.78,35.8,50000000.0,50000000.0,208,2026-02-04 12:37:09.094013
ATB,61.57,61.56,61.58,50000000.0,50000000.0,208,2026-02-04 12:37:09.094013
SPK,58.53,58.52,58.54,50000000.0,50000000.0,208,2026-02-04 12:37:09.094013
EEC,54.77,54.76,54.78,50000000.0,50000000.0,208,2026-02-04 12:37:09.094013
TGX,45.3,45.29,45.31,50000000.0,50000000.0,209,2026-02-04 12:37:09.634211
PHR,49.53,49.52,49.54,50000000.0,50000000.0,209,2026-02-04 12:37:09.634211
BYL,37.62,37.61,37.63,50000000.0,50000000.0,209,2026-02-04 12:37:09.634211
CLD,65.62,65.61,65.63,50000000.0,50000000.0,209,2026-02-04 12:37:09.634211
GGD,34.56,34.55,34.57,50000000.0,50000000.0,209,2026-02-04 12:37:09.634211
PNR,58.73,58.72,58.74,50000000.0,50000000.0,209,2026-02-04 12:37:09.634211
FSR,35.87,35.86,35.88,50000000.0,50000000.0,209,2026-02-04 12:37:09.634211
ATB,61.83,61.82,61.84,50000000.0,50000000.0,209,2026-02-04 12:37:09.634211
SPK,58.15,58.14,58.16,50000000.0,50000000.0,209,2026-02-04 12:37:09.634211
EEC,54.19,54.18,54.2,50000000.0,50000000.0,209,2026-02-04 12:37:09.634211
TGX,45.29,45.28,45.3,50000000.0,50000000.0,210,2026-02-04 12:37:10.684025
PHR,49.26,49.25,49.27,50000000.0,50000000.0,210,2026-02-04 12:37:10.684025
BYL,37.7,37.69,37.71,50000000.0,50000000.0,210,2026-02-04 12:37:10.684025
CLD,65.74,65.73,65.75,50000000.0,50000000.0,210,2026-02-04 12:37:10.684025
GGD,34.62,34.61,34.63,50000000.0,50000000.0,210,2026-02-04 12:37:10.684025
PNR,59.07,59.06,59.08,50000000.0,50000000.0,210,2026-02-04 12:37:10.684025
FSR,35.87,35.86,35.88,50000000.0,50000000.0,210,2026-02-04 12:37:10.684025
ATB,62.12,62.11,62.13,50000000.0,50000000.0,210,2026-02-04 12:37:10.684025
SPK,58.44,58.43,58.45,50000000.0,50000000.0,210,2026-02-04 12:37:10.684025
EEC,54.63,54.62,54.64,50000000.0,50000000.0,210,2026-02-04 12:37:10.684025
TGX,45.32,45.31,45.33,50000000.0,50000000.0,211,2026-02-04 12:37:11.741231
PHR,49.58,49.57,49.59,50000000.0,50000000.0,211,2026-02-04 12:37:11.741231
BYL,37.69,37.68,37.7,50000000.0,50000000.0,211,2026-02-04 12:37:11.741231
CLD,65.56,65.55,65.57,50000000.0,50000000.0,211,2026-02-04 12:37:11.741231
GGD,34.73,34.72,34.74,50000000.0,50000000.0,211,2026-02-04 12:37:11.741231
PNR,59.45,59.44,59.46,50000000.0,50000000.0,211,2026-02-04 12:37:11.741231
FSR,35.9,35.89,35.91,50000000.0,50000000.0,211,2026-02-04 12:37:11.741231
ATB,62.15,62.14,62.16,50000000.0,50000000.0,211,2026-02-04 12:37:11.741231
SPK,58.12,58.11,58.13,50000000.0,50000000.0,211,2026-02-04 12:37:11.741231
EEC,54.2,54.19,54.21,50000000.0,50000000.0,211,2026-02-04 12:37:11.741231
TGX,45.43,45.42,45.44,50000000.0,50000000.0,212,2026-02-04 12:37:12.793126
PHR,49.19,49.18,49.2,50000000.0,50000000.0,212,2026-02-04 12:37:12.793126
BYL,37.61,37.6,37.62,50000000.0,50000000.0,212,2026-02-04 12:37:12.793126
CLD,65.47,65.46,65.48,50000000.0,50000000.0,212,2026-02-04 12:37:12.793126
GGD,34.69,34.68,34.7,50000000.0,50000000.0,212,2026-02-04 12:37:12.793126
PNR,58.86,58.85,58.87,50000000.0,50000000.0,212,2026-02-04 12:37:12.793126
FSR,35.93,35.92,35.94,50000000.0,50000000.0,212,2026-02-04 12:37:12.793126
ATB,61.65,61.64,61.66,50000000.0,50000000.0,212,2026-02-04 12:37:12.793126
SPK,57.95,57.94,57.96,50000000.0,50000000.0,212,2026-02-04 12:37:12.793126
EEC,53.94,53.93,53.95,50000000.0,50000000.0,212,2026-02-04 12:37:12.793126
TGX,45.51,45.5,45.52,50000000.0,50000000.0,213,2026-02-04 12:37:13.829188
PHR,49.65,49.64,49.66,50000000.0,50000000.0,213,2026-02-04 12:37:13.829188
BYL,37.56,37.55,37.57,50000000.0,50000000.0,213,2026-02-04 12:37:13.829188
CLD,65.37,65.36,65.38,50000000.0,50000000.0,213,2026-02-04 12:37:13.829188
GGD,34.67,34.66,34.68,50000000.0,50000000.0,213,2026-02-04 12:37:13.829188
PNR,58.96,58.95,58.97,50000000.0,50000000.0,213,2026-02-04 12:37:13.829188
FSR,35.95,35.94,35.96,50000000.0,50000000.0,213,2026-02-04 12:37:13.829188
ATB,61.62,61.61,61.63,50000000.0,50000000.0,213,2026-02-04 12:37:13.829188
SPK,57.9,57.89,57.91,50000000.0,50000000.0,213,2026-02-04 12:37:13.829188
EEC,53.82,53.81,53.83,50000000.0,50000000.0,213,2026-02-04 12:37:13.829188
TGX,45.44,45.43,45.45,50000000.0,50000000.0,214,2026-02-04 12:37:14.876413
PHR,50.17,50.16,50.18,50000000.0,50000000.0,214,2026-02-04 12:37:14.876413
BYL,37.23,37.22,37.24,50000000.0,50000000.0,214,2026-02-04 12:37:14.876413
CLD,64.65,64.64,64.66,50000000.0,50000000.0,214,2026-02-04 12:37:14.876413
GGD,34.67,34.66,34.68,50000000.0,50000000.0,214,2026-02-04 12:37:14.876413
PNR,58.8,58.79,58.81,50000000.0,50000000.0,214,2026-02-04 12:37:14.876413
FSR,35.98,35.97,35.99,50000000.0,50000000.0,214,2026-02-04 12:37:14.876413
ATB,62.11,62.1,62.12,50000000.0,50000000.0,214,2026-02-04 12:37:14.876413
SPK,57.95,57.94,57.96,50000000.0,50000000.0,214,2026-02-04 12:37:14.876413
EEC,53.85,53.84,53.86,50000000.0,50000000.0,214,2026-02-04 12:37:14.876413
TGX,45.42,45.41,45.43,50000000.0,50000000.0,215,2026-02-04 12:37:15.917907
PHR,50.27,50.26,50.28,50000000.0,50000000.0,215,2026-02-04 12:37:15.917907
BYL,36.99,36.98,37.0,50000000.0,50000000.0,215,2026-02-04 12:37:15.917907
CLD,64.19,64.18,64.2,50000000.0,50000000.0,215,2026-02-04 12:37:15.917907
GGD,34.67,34.66,34.68,50000000.0,50000000.0,215,2026-02-04 12:37:15.917907
PNR,58.93,58.92,58.94,50000000.0,50000000.0,215,2026-02-04 12:37:15.917907
FSR,35.96,35.95,35.97,50000000.0,50000000.0,215,2026-02-04 12:37:15.917907
ATB,62.25,62.24,62.26,50000000.0,50000000.0,215,2026-02-04 12:37:15.917907
SPK,57.79,57.78,57.8,50000000.0,50000000.0,215,2026-02-04 12:37:15.917907
EEC,53.58,53.57,53.59,50000000.0,50000000.0,215,2026-02-04 12:37:15.917907
TGX,45.43,45.42,45.44,50000000.0,50000000.0,216,2026-02-04 12:37:16.951516
PHR,50.01,50.0,50.02,50000000.0,50000000.0,216,2026-02-04 12:37:16.951516
BYL,37.09,37.08,37.1,50000000.0,50000000.0,216,2026-02-04 12:37:16.951516
CLD,64.42,64.41,64.43,50000000.0,50000000.0,216,2026-02-04 12:37:16.951516
GGD,34.6,34.59,34.61,50000000.0,50000000.0,216,2026-02-04 12:37:16.951516
PNR,58.67,58.66,58.68,50000000.0,50000000.0,216,2026-02-04 12:37:16.951516
FSR,36.02,36.01,36.03,50000000.0,50000000.0,216,2026-02-04 12:37:16.951516
ATB,62.54,62.53,62.55,50000000.0,50000000.0,216,2026-02-04 12:37:16.951516
SPK,57.47,57.46,57.48,50000000.0,50000000.0,216,2026-02-04 12:37:16.951516
EEC,53.12,53.11,53.13,50000000.0,50000000.0,216,2026-02-04 12:37:16.951516
TGX,45.37,45.36,45.38,50000000.0,50000000.0,217,2026-02-04 12:37:17.994863
PHR,49.82,49.81,49.83,50000000.0,50000000.0,217,2026-02-04 12:37:17.994863
BYL,37.31,37.3,37.32,50000000.0,50000000.0,217,2026-02-04 12:37:17.994863
CLD,64.87,64.86,64.88,50000000.0,50000000.0,217,2026-02-04 12:37:17.994863
GGD,34.59,34.58,34.6,50000000.0,50000000.0,217,2026-02-04 12:37:17.994863
PNR,58.55,58.54,58.56,50000000.0,50000000.0,217,2026-02-04 12:37:17.994863
FSR,36.05,36.04,36.06,50000000.0,50000000.0,217,2026-02-04 12:37:17.994863
ATB,63.05,63.04,63.06,50000000.0,50000000.0,217,2026-02-04 12:37:17.994863
SPK,57.23,57.22,57.24,50000000.0,50000000.0,217,2026-02-04 12:37:17.994863
EEC,52.82,52.81,52.83,50000000.0,50000000.0,217,2026-02-04 12:37:17.994863
TGX,45.39,45.38,45.4,50000000.0,50000000.0,218,2026-02-04 12:37:19.040808
PHR,49.51,49.5,49.52,50000000.0,50000000.0,218,2026-02-04 12:37:19.040808
BYL,37.25,37.24,37.26,50000000.0,50000000.0,218,2026-02-04 12:37:19.040808
CLD,64.63,64.62,64.64,50000000.0,50000000.0,218,2026-02-04 12:37:19.040808
GGD,34.6,34.59,34.61,50000000.0,50000000.0,218,2026-02-04 12:37:19.040808
PNR,58.47,58.46,58.48,50000000.0,50000000.0,218,2026-02-04 12:37:19.040808
FSR,36.1,36.09,36.11,50000000.0,50000000.0,218,2026-02-04 12:37:19.040808
ATB,63.5,63.49,63.51,50000000.0,50000000.0,218,2026-02-04 12:37:19.040808
SPK,57.55,57.54,57.56,50000000.0,50000000.0,218,2026-02-04 12:37:19.040808
EEC,53.26,53.25,53.27,50000000.0,50000000.0,218,2026-02-04 12:37:19.040808
TGX,45.46,45.45,45.47,50000000.0,50000000.0,219,2026-02-04 12:37:20.077590
PHR,49.24,49.23,49.25,50000000.0,50000000.0,219,2026-02-04 12:37:20.077590
BYL,37.14,37.13,37.15,50000000.0,50000000.0,219,2026-02-04 12:37:20.077590
CLD,64.41,64.4,64.42,50000000.0,50000000.0,219,2026-02-04 12:37:20.077590
GGD,34.6,34.59,34.61,50000000.0,50000000.0,219,2026-02-04 12:37:20.077590
PNR,58.58,58.57,58.59,50000000.0,50000000.0,219,2026-02-04 12:37:20.077590
FSR,36.15,36.14,36.16,50000000.0,50000000.0,219,2026-02-04 12:37:20.077590
ATB,64.1,64.09,64.11,50000000.0,50000000.0,219,2026-02-04 12:37:20.077590
SPK,57.79,57.78,57.8,50000000.0,50000000.0,219,2026-02-04 12:37:20.077590
EEC,53.62,53.61,53.63,50000000.0,50000000.0,219,2026-02-04 12:37:20.077590
TGX,45.46,45.45,45.47,50000000.0,50000000.0,220,2026-02-04 12:37:21.142698
PHR,49.01,49.0,49.02,50000000.0,50000000.0,220,2026-02-04 12:37:21.142698
BYL,37.47,37.46,37.48,50000000.0,50000000.0,220,2026-02-04 12:37:21.142698
CLD,65.01,65.0,65.02,50000000.0,50000000.0,220,2026-02-04 12:37:21.142698
GGD,34.58,34.57,34.59,50000000.0,50000000.0,220,2026-02-04 12:37:21.142698
PNR,58.59,58.58,58.6,50000000.0,50000000.0,220,2026-02-04 12:37:21.142698
FSR,36.19,36.18,36.2,50000000.0,50000000.0,220,2026-02-04 12:37:21.142698
ATB,65.07,65.06,65.08,50000000.0,50000000.0,220,2026-02-04 12:37:21.142698
SPK,57.84,57.83,57.85,50000000.0,50000000.0,220,2026-02-04 12:37:21.142698
EEC,53.69,53.68,53.7,50000000.0,50000000.0,220,2026-02-04 12:37:21.142698
TGX,45.48,45.47,45.49,50000000.0,50000000.0,221,2026-02-04 12:37:21.692365
PHR,49.23,49.22,49.24,50000000.0,50000000.0,221,2026-02-04 12:37:21.692365
BYL,37.36,37.35,37.37,50000000.0,50000000.0,221,2026-02-04 12:37:21.692365
CLD,64.78,64.77,64.79,50000000.0,50000000.0,221,2026-02-04 12:37:21.692365
GGD,34.55,34.54,34.56,50000000.0,50000000.0,221,2026-02-04 12:37:21.692365
PNR,58.48,58.47,58.49,50000000.0,50000000.0,221,2026-02-04 12:37:21.692365
FSR,36.15,36.14,36.16,50000000.0,50000000.0,221,2026-02-04 12:37:21.692365
ATB,65.21,65.2,65.22,50000000.0,50000000.0,221,2026-02-04 12:37:21.692365
SPK,58.07,58.06,58.08,50000000.0,50000000.0,221,2026-02-04 12:37:21.692365
EEC,53.98,53.97,53.99,50000000.0,50000000.0,221,2026-02-04 12:37:21.692365
TGX,45.46,45.45,45.47,50000000.0,50000000.0,222,2026-02-04 12:37:22.766763
PHR,49.02,49.01,49.03,50000000.0,50000000.0,222,2026-02-04 12:37:22.766763
BYL,37.38,37.37,37.39,50000000.0,50000000.0,222,2026-02-04 12:37:22.766763
CLD,64.79,64.78,64.8,50000000.0,50000000.0,222,2026-02-04 12:37:22.766763
GGD,33.04,33.03,33.05,50000000.0,50000000.0,222,2026-02-04 12:37:22.766763
PNR,58.5,58.49,58.51,50000000.0,50000000.0,222,2026-02-04 12:37:22.766763
FSR,36.12,36.11,36.13,50000000.0,50000000.0,222,2026-02-04 12:37:22.766763
ATB,65.68,65.67,65.69,50000000.0,50000000.0,222,2026-02-04 12:37:22.766763
SPK,57.84,57.83,57.85,50000000.0,50000000.0,222,2026-02-04 12:37:22.766763
EEC,53.59,53.58,53.6,50000000.0,50000000.0,222,2026-02-04 12:37:22.766763
TGX,45.52,45.51,45.53,50000000.0,50000000.0,223,2026-02-04 12:37:23.811025
PHR,48.9,48.89,48.91,50000000.0,50000000.0,223,2026-02-04 12:37:23.811025
BYL,37.37,37.36,37.38,50000000.0,50000000.0,223,2026-02-04 12:37:23.811025
CLD,65.0,64.99,65.01,50000000.0,50000000.0,223,2026-02-04 12:37:23.811025
GGD,33.0,32.99,33.01,50000000.0,50000000.0,223,2026-02-04 12:37:23.811025
PNR,58.33,58.32,58.34,50000000.0,50000000.0,223,2026-02-04 12:37:23.811025
FSR,36.1,36.09,36.11,50000000.0,50000000.0,223,2026-02-04 12:37:23.811025
ATB,66.12,66.11,66.13,50000000.0,50000000.0,223,2026-02-04 12:37:23.811025
SPK,57.74,57.73,57.75,50000000.0,50000000.0,223,2026-02-04 12:37:23.811025
EEC,53.42,53.41,53.43,50000000.0,50000000.0,223,2026-02-04 12:37:23.811025
TGX,45.54,45.53,45.55,50000000.0,50000000.0,224,2026-02-04 12:37:24.859445
PHR,48.99,48.98,49.0,50000000.0,50000000.0,224,2026-02-04 12:37:24.859445
BYL,37.53,37.52,37.54,50000000.0,50000000.0,224,2026-02-04 12:37:24.859445
CLD,65.54,65.53,65.55,50000000.0,50000000.0,224,2026-02-04 12:37:24.859445
GGD,32.99,32.98,33.0,50000000.0,50000000.0,224,2026-02-04 12:37:24.859445
PNR,58.42,58.41,58.43,50000000.0,50000000.0,224,2026-02-04 12:37:24.859445
FSR,36.14,36.13,36.15,50000000.0,50000000.0,224,2026-02-04 12:37:24.859445
ATB,65.75,65.74,65.76,50000000.0,50000000.0,224,2026-02-04 12:37:24.859445
SPK,58.14,58.13,58.15,50000000.0,50000000.0,224,2026-02-04 12:37:24.859445
EEC,53.98,53.97,53.99,50000000.0,50000000.0,224,2026-02-04 12:37:24.859445
TGX,45.56,45.55,45.57,50000000.0,50000000.0,225,2026-02-04 12:37:25.896192
PHR,48.68,48.67,48.69,50000000.0,50000000.0,225,2026-02-04 12:37:25.896192
BYL,37.43,37.42,37.44,50000000.0,50000000.0,225,2026-02-04 12:37:25.896192
CLD,65.32,65.31,65.33,50000000.0,50000000.0,225,2026-02-04 12:37:25.896192
GGD,33.01,33.0,33.02,50000000.0,50000000.0,225,2026-02-04 12:37:25.896192
PNR,58.54,58.53,58.55,50000000.0,50000000.0,225,2026-02-04 12:37:25.896192
FSR,36.08,36.07,36.09,50000000.0,50000000.0,225,2026-02-04 12:37:25.896192
ATB,65.8,65.79,65.81,50000000.0,50000000.0,225,2026-02-04 12:37:25.896192
SPK,57.72,57.71,57.73,50000000.0,50000000.0,225,2026-02-04 12:37:25.896192
EEC,53.37,53.36,53.38,50000000.0,50000000.0,225,2026-02-04 12:37:25.896192
TGX,45.55,45.54,45.56,50000000.0,50000000.0,226,2026-02-04 12:37:26.941162
PHR,49.29,49.28,49.3,50000000.0,50000000.0,226,2026-02-04 12:37:26.941162
BYL,37.7,37.69,37.71,50000000.0,50000000.0,226,2026-02-04 12:37:26.941162
CLD,65.95,65.94,65.96,50000000.0,50000000.0,226,2026-02-04 12:37:26.941162
GGD,32.97,32.96,32.98,50000000.0,50000000.0,226,2026-02-04 12:37:26.941162
PNR,58.47,58.46,58.48,50000000.0,50000000.0,226,2026-02-04 12:37:26.941162
FSR,36.16,36.15,36.17,50000000.0,50000000.0,226,2026-02-04 12:37:26.941162
ATB,65.84,65.83,65.85,50000000.0,50000000.0,226,2026-02-04 12:37:26.941162
SPK,57.55,57.54,57.56,50000000.0,50000000.0,226,2026-02-04 12:37:26.941162
EEC,53.16,53.15,53.17,50000000.0,50000000.0,226,2026-02-04 12:37:26.941162
TGX,45.63,45.62,45.64,50000000.0,50000000.0,227,2026-02-04 12:37:27.984182
PHR,48.94,48.93,48.95,50000000.0,50000000.0,227,2026-02-04 12:37:27.984182
BYL,37.49,37.48,37.5,50000000.0,50000000.0,227,2026-02-04 12:37:27.984182
CLD,65.58,65.57,65.59,50000000.0,50000000.0,227,2026-02-04 12:37:27.984182
GGD,33.0,32.99,33.01,50000000.0,50000000.0,227,2026-02-04 12:37:27.984182
PNR,58.63,58.62,58.64,50000000.0,50000000.0,227,2026-02-04 12:37:27.984182
FSR,36.22,36.21,36.23,50000000.0,50000000.0,227,2026-02-04 12:37:27.984182
ATB,65.83,65.82,65.84,50000000.0,50000000.0,227,2026-02-04 12:37:27.984182
SPK,57.37,57.36,57.38,50000000.0,50000000.0,227,2026-02-04 12:37:27.984182
EEC,52.83,52.82,52.84,50000000.0,50000000.0,227,2026-02-04 12:37:27.984182
TGX,45.63,45.62,45.64,50000000.0,50000000.0,228,2026-02-04 12:37:29.028095
PHR,48.96,48.95,48.97,50000000.0,50000000.0,228,2026-02-04 12:37:29.028095
BYL,37.46,37.45,37.47,50000000.0,50000000.0,228,2026-02-04 12:37:29.028095
CLD,65.49,65.48,65.5,50000000.0,50000000.0,228,2026-02-04 12:37:29.028095
GGD,33.03,33.02,33.04,50000000.0,50000000.0,228,2026-02-04 12:37:29.028095
PNR,58.44,58.43,58.45,50000000.0,50000000.0,228,2026-02-04 12:37:29.028095
FSR,36.19,36.18,36.2,50000000.0,50000000.0,228,2026-02-04 12:37:29.028095
ATB,65.39,65.38,65.4,50000000.0,50000000.0,228,2026-02-04 12:37:29.028095
SPK,57.03,57.02,57.04,50000000.0,50000000.0,228,2026-02-04 12:37:29.028095
EEC,52.28,52.27,52.29,50000000.0,50000000.0,228,2026-02-04 12:37:29.028095
TGX,45.6,45.59,45.61,50000000.0,50000000.0,229,2026-02-04 12:37:30.069035
PHR,49.33,49.32,49.34,50000000.0,50000000.0,229,2026-02-04 12:37:30.069035
BYL,37.18,37.17,37.19,50000000.0,50000000.0,229,2026-02-04 12:37:30.069035
CLD,64.84,64.83,64.85,50000000.0,50000000.0,229,2026-02-04 12:37:30.069035
GGD,33.06,33.05,33.07,50000000.0,50000000.0,229,2026-02-04 12:37:30.069035
PNR,58.55,58.54,58.56,50000000.0,50000000.0,229,2026-02-04 12:37:30.069035
FSR,36.24,36.23,36.25,50000000.0,50000000.0,229,2026-02-04 12:37:30.069035
ATB,66.12,66.11,66.13,50000000.0,50000000.0,229,2026-02-04 12:37:30.069035
SPK,57.37,57.36,57.38,50000000.0,50000000.0,229,2026-02-04 12:37:30.069035
EEC,52.76,52.75,52.77,50000000.0,50000000.0,229,2026-02-04 12:37:30.069035
TGX,45.66,45.65,45.67,50000000.0,50000000.0,230,2026-02-04 12:37:31.106560
PHR,49.18,49.17,49.19,50000000.0,50000000.0,230,2026-02-04 12:37:31.106560
BYL,36.9,36.89,36.91,50000000.0,50000000.0,230,2026-02-04 12:37:31.106560
CLD,64.24,64.23,64.25,50000000.0,50000000.0,230,2026-02-04 12:37:31.106560
GGD,33.1,33.09,33.11,50000000.0,50000000.0,230,2026-02-04 12:37:31.106560
PNR,58.66,58.65,58.67,50000000.0,50000000.0,230,2026-02-04 12:37:31.106560
FSR,36.25,36.24,36.26,50000000.0,50000000.0,230,2026-02-04 12:37:31.106560
ATB,65.83,65.82,65.84,50000000.0,50000000.0,230,2026-02-04 12:37:31.106560
SPK,57.65,57.64,57.66,50000000.0,50000000.0,230,2026-02-04 12:37:31.106560
EEC,53.17,53.16,53.18,50000000.0,50000000.0,230,2026-02-04 12:37:31.106560
TGX,45.64,45.63,45.65,50000000.0,50000000.0,231,2026-02-04 12:37:32.153663
PHR,48.91,48.9,48.92,50000000.0,50000000.0,231,2026-02-04 12:37:32.153663
BYL,37.23,37.22,37.24,50000000.0,50000000.0,231,2026-02-04 12:37:32.153663
CLD,65.08,65.07,65.09,50000000.0,50000000.0,231,2026-02-04 12:37:32.153663
GGD,33.11,33.1,33.12,50000000.0,50000000.0,231,2026-02-04 12:37:32.153663
PNR,58.68,58.67,58.69,50000000.0,50000000.0,231,2026-02-04 12:37:32.153663
FSR,36.22,36.21,36.23,50000000.0,50000000.0,231,2026-02-04 12:37:32.153663
ATB,65.26,65.25,65.27,50000000.0,50000000.0,231,2026-02-04 12:37:32.153663
SPK,58.01,58.0,58.02,50000000.0,50000000.0,231,2026-02-04 12:37:32.153663
EEC,53.67,53.66,53.68,50000000.0,50000000.0,231,2026-02-04 12:37:32.153663
TGX,45.72,45.71,45.73,50000000.0,50000000.0,232,2026-02-04 12:37:33.204112
PHR,48.9,48.89,48.91,50000000.0,50000000.0,232,2026-02-04 12:37:33.204112
BYL,37.19,37.18,37.2,50000000.0,50000000.0,232,2026-02-04 12:37:33.204112
CLD,65.05,65.04,65.06,50000000.0,50000000.0,232,2026-02-04 12:37:33.204112
GGD,33.13,33.12,33.14,50000000.0,50000000.0,232,2026-02-04 12:37:33.204112
PNR,58.84,58.83,58.85,50000000.0,50000000.0,232,2026-02-04 12:37:33.204112
FSR,36.17,36.16,36.18,50000000.0,50000000.0,232,2026-02-04 12:37:33.204112
ATB,64.92,64.91,64.93,50000000.0,50000000.0,232,2026-02-04 12:37:33.204112
SPK,57.93,57.92,57.94,50000000.0,50000000.0,232,2026-02-04 12:37:33.204112
EEC,53.57,53.56,53.58,50000000.0,50000000.0,232,2026-02-04 12:37:33.204112
TGX,45.73,45.72,45.74,50000000.0,50000000.0,233,2026-02-04 12:37:33.741684
PHR,49.67,49.66,49.68,50000000.0,50000000.0,233,2026-02-04 12:37:33.741684
BYL,37.05,37.04,37.06,50000000.0,50000000.0,233,2026-02-04 12:37:33.741684
CLD,64.83,64.82,64.84,50000000.0,50000000.0,233,2026-02-04 12:37:33.741684
GGD,33.09,33.08,33.1,50000000.0,50000000.0,233,2026-02-04 12:37:33.741684
PNR,58.72,58.71,58.73,50000000.0,50000000.0,233,2026-02-04 12:37:33.741684
FSR,36.18,36.17,36.19,50000000.0,50000000.0,233,2026-02-04 12:37:33.741684
ATB,64.42,64.41,64.43,50000000.0,50000000.0,233,2026-02-04 12:37:33.741684
SPK,57.92,57.91,57.93,50000000.0,50000000.0,233,2026-02-04 12:37:33.741684
EEC,53.52,53.51,53.53,50000000.0,50000000.0,233,2026-02-04 12:37:33.741684
TGX,45.68,45.67,45.69,50000000.0,50000000.0,234,2026-02-04 12:37:34.781378
PHR,49.65,49.64,49.66,50000000.0,50000000.0,234,2026-02-04 12:37:34.781378
BYL,37.27,37.26,37.28,50000000.0,50000000.0,234,2026-02-04 12:37:34.781378
CLD,65.18,65.17,65.19,50000000.0,50000000.0,234,2026-02-04 12:37:34.781378
GGD,33.02,33.01,33.03,50000000.0,50000000.0,234,2026-02-04 12:37:34.781378
PNR,58.59,58.58,58.6,50000000.0,50000000.0,234,2026-02-04 12:37:34.781378
FSR,36.25,36.24,36.26,50000000.0,50000000.0,234,2026-02-04 12:37:34.781378
ATB,65.07,65.06,65.08,50000000.0,50000000.0,234,2026-02-04 12:37:34.781378
SPK,58.23,58.22,58.24,50000000.0,50000000.0,234,2026-02-04 12:37:34.781378
EEC,53.94,53.93,53.95,50000000.0,50000000.0,234,2026-02-04 12:37:34.781378
TGX,45.64,45.63,45.65,50000000.0,50000000.0,235,2026-02-04 12:37:35.816648
PHR,50.05,50.04,50.06,50000000.0,50000000.0,235,2026-02-04 12:37:35.816648
BYL,37.31,37.3,37.32,50000000.0,50000000.0,235,2026-02-04 12:37:35.816648
CLD,65.04,65.03,65.05,50000000.0,50000000.0,235,2026-02-04 12:37:35.816648
GGD,32.9,32.89,32.91,50000000.0,50000000.0,235,2026-02-04 12:37:35.816648
PNR,58.37,58.36,58.38,50000000.0,50000000.0,235,2026-02-04 12:37:35.816648
FSR,36.16,36.15,36.17,50000000.0,50000000.0,235,2026-02-04 12:37:35.816648
ATB,64.31,64.3,64.32,50000000.0,50000000.0,235,2026-02-04 12:37:35.816648
SPK,58.13,58.12,58.14,50000000.0,50000000.0,235,2026-02-04 12:37:35.816648
EEC,53.76,53.75,53.77,50000000.0,50000000.0,235,2026-02-04 12:37:35.816648
TGX,45.61,45.6,45.62,50000000.0,50000000.0,236,2026-02-04 12:37:36.869496
PHR,50.42,50.41,50.43,50000000.0,50000000.0,236,2026-02-04 12:37:36.869496
BYL,37.43,37.42,37.44,50000000.0,50000000.0,236,2026-02-04 12:37:36.869496
CLD,65.38,65.37,65.39,50000000.0,50000000.0,236,2026-02-04 12:37:36.869496
GGD,32.87,32.86,32.88,50000000.0,50000000.0,236,2026-02-04 12:37:36.869496
PNR,58.17,58.16,58.18,50000000.0,50000000.0,236,2026-02-04 12:37:36.869496
FSR,36.19,36.18,36.2,50000000.0,50000000.0,236,2026-02-04 12:37:36.869496
ATB,64.18,64.17,64.19,50000000.0,50000000.0,236,2026-02-04 12:37:36.869496
SPK,58.25,58.24,58.26,50000000.0,50000000.0,236,2026-02-04 12:37:36.869496
EEC,53.93,53.92,53.94,50000000.0,50000000.0,236,2026-02-04 12:37:36.869496
TGX,45.61,45.6,45.62,50000000.0,50000000.0,237,2026-02-04 12:37:37.909012
PHR,50.05,50.04,50.06,50000000.0,50000000.0,237,2026-02-04 12:37:37.909012
BYL,37.37,37.36,37.38,50000000.0,50000000.0,237,2026-02-04 12:37:37.909012
CLD,65.14,65.13,65.15,50000000.0,50000000.0,237,2026-02-04 12:37:37.909012
GGD,32.83,32.82,32.84,50000000.0,50000000.0,237,2026-02-04 12:37:37.909012
PNR,57.8,57.79,57.81,50000000.0,50000000.0,237,2026-02-04 12:37:37.909012
FSR,36.21,36.2,36.22,50000000.0,50000000.0,237,2026-02-04 12:37:37.909012
ATB,64.9,64.89,64.91,50000000.0,50000000.0,237,2026-02-04 12:37:37.909012
SPK,57.87,57.86,57.88,50000000.0,50000000.0,237,2026-02-04 12:37:37.909012
EEC,53.35,53.34,53.36,50000000.0,50000000.0,237,2026-02-04 12:37:37.909012
TGX,45.51,45.5,45.52,50000000.0,50000000.0,238,2026-02-04 12:37:38.945522
PHR,49.67,49.66,49.68,50000000.0,50000000.0,238,2026-02-04 12:37:38.945522
BYL,37.28,37.27,37.29,50000000.0,50000000.0,238,2026-02-04 12:37:38.945522
CLD,65.01,65.0,65.02,50000000.0,50000000.0,238,2026-02-04 12:37:38.945522
GGD,32.82,32.81,32.83,50000000.0,50000000.0,238,2026-02-04 12:37:38.945522
PNR,57.76,57.75,57.77,50000000.0,50000000.0,238,2026-02-04 12:37:38.945522
FSR,36.22,36.21,36.23,50000000.0,50000000.0,238,2026-02-04 12:37:38.945522
ATB,64.64,64.63,64.65,50000000.0,50000000.0,238,2026-02-04 12:37:38.945522
SPK,57.89,57.88,57.9,50000000.0,50000000.0,238,2026-02-04 12:37:38.945522
EEC,53.27,53.26,53.28,50000000.0,50000000.0,238,2026-02-04 12:37:38.945522
TGX,45.49,45.48,45.5,50000000.0,50000000.0,239,2026-02-04 12:37:39.986743
PHR,49.86,49.85,49.87,50000000.0,50000000.0,239,2026-02-04 12:37:39.986743
BYL,37.07,37.06,37.08,50000000.0,50000000.0,239,2026-02-04 12:37:39.986743
CLD,64.53,64.52,64.54,50000000.0,50000000.0,239,2026-02-04 12:37:39.986743
GGD,32.74,32.73,32.75,50000000.0,50000000.0,239,2026-02-04 12:37:39.986743
PNR,57.69,57.68,57.7,50000000.0,50000000.0,239,2026-02-04 12:37:39.986743
FSR,36.15,36.14,36.16,50000000.0,50000000.0,239,2026-02-04 12:37:39.986743
ATB,64.52,64.51,64.53,50000000.0,50000000.0,239,2026-02-04 12:37:39.986743
SPK,58.28,58.27,58.29,50000000.0,50000000.0,239,2026-02-04 12:37:39.986743
EEC,53.9,53.89,53.91,50000000.0,50000000.0,239,2026-02-04 12:37:39.986743
TGX,45.54,45.53,45.55,50000000.0,50000000.0,240,2026-02-04 12:37:41.023584
PHR,49.9,49.89,49.91,50000000.0,50000000.0,240,2026-02-04 12:37:41.023584
BYL,37.32,37.31,37.33,50000000.0,50000000.0,240,2026-02-04 12:37:41.023584
CLD,65.24,65.23,65.25,50000000.0,50000000.0,240,2026-02-04 12:37:41.023584
GGD,32.72,32.71,32.73,50000000.0,50000000.0,240,2026-02-04 12:37:41.023584
PNR,57.8,57.79,57.81,50000000.0,50000000.0,240,2026-02-04 12:37:41.023584
FSR,36.18,36.17,36.19,50000000.0,50000000.0,240,2026-02-04 12:37:41.023584
ATB,64.89,64.88,64.9,50000000.0,50000000.0,240,2026-02-04 12:37:41.023584
SPK,58.06,58.05,58.07,50000000.0,50000000.0,240,2026-02-04 12:37:41.023584
EEC,53.63,53.62,53.64,50000000.0,50000000.0,240,2026-02-04 12:37:41.023584
TGX,45.5,45.49,45.51,50000000.0,50000000.0,241,2026-02-04 12:37:42.052690
PHR,49.93,49.92,49.94,50000000.0,50000000.0,241,2026-02-04 12:37:42.052690
BYL,37.21,37.2,37.22,50000000.0,50000000.0,241,2026-02-04 12:37:42.052690
CLD,65.0,64.99,65.01,50000000.0,50000000.0,241,2026-02-04 12:37:42.052690
GGD,32.75,32.74,32.76,50000000.0,50000000.0,241,2026-02-04 12:37:42.052690
PNR,57.93,57.92,57.94,50000000.0,50000000.0,241,2026-02-04 12:37:42.052690
FSR,36.25,36.24,36.26,50000000.0,50000000.0,241,2026-02-04 12:37:42.052690
ATB,64.73,64.72,64.74,50000000.0,50000000.0,241,2026-02-04 12:37:42.052690
SPK,58.06,58.05,58.07,50000000.0,50000000.0,241,2026-02-04 12:37:42.052690
EEC,53.62,53.61,53.63,50000000.0,50000000.0,241,2026-02-04 12:37:42.052690
TGX,45.47,45.46,45.48,50000000.0,50000000.0,242,2026-02-04 12:37:43.086052
PHR,49.97,49.96,49.98,50000000.0,50000000.0,242,2026-02-04 12:37:43.086052
BYL,37.1,37.09,37.11,50000000.0,50000000.0,242,2026-02-04 12:37:43.086052
CLD,64.63,64.62,64.64,50000000.0,50000000.0,242,2026-02-04 12:37:43.086052
GGD,32.65,32.64,32.66,50000000.0,50000000.0,242,2026-02-04 12:37:43.086052
PNR,57.73,57.72,57.74,50000000.0,50000000.0,242,2026-02-04 12:37:43.086052
FSR,36.25,36.24,36.26,50000000.0,50000000.0,242,2026-02-04 12:37:43.086052
ATB,63.75,63.74,63.76,50000000.0,50000000.0,242,2026-02-04 12:37:43.086052
SPK,57.82,57.81,57.83,50000000.0,50000000.0,242,2026-02-04 12:37:43.086052
EEC,53.38,53.37,53.39,50000000.0,50000000.0,242,2026-02-04 12:37:43.086052
TGX,45.46,45.45,45.47,50000000.0,50000000.0,243,2026-02-04 12:37:44.118495
PHR,49.79,49.78,49.8,50000000.0,50000000.0,243,2026-02-04 12:37:44.118495
BYL,37.1,37.09,37.11,50000000.0,50000000.0,243,2026-02-04 12:37:44.118495
CLD,64.51,64.5,64.52,50000000.0,50000000.0,243,2026-02-04 12:37:44.118495
GGD,32.68,32.67,32.69,50000000.0,50000000.0,243,2026-02-04 12:37:44.118495
PNR,57.48,57.47,57.49,50000000.0,50000000.0,243,2026-02-04 12:37:44.118495
FSR,36.32,36.31,36.33,50000000.0,50000000.0,243,2026-02-04 12:37:44.118495
ATB,63.2,63.19,63.21,50000000.0,50000000.0,243,2026-02-04 12:37:44.118495
SPK,58.08,58.07,58.09,50000000.0,50000000.0,243,2026-02-04 12:37:44.118495
EEC,53.82,53.81,53.83,50000000.0,50000000.0,243,2026-02-04 12:37:44.118495
TGX,45.48,45.47,45.49,50000000.0,50000000.0,244,2026-02-04 12:37:45.148982,22.0,1.0,243.0,D5-SPK/EEC,Renewable Energy Credit Transfer Review,State regulators review REC transfer mechanics and compliance with renewable portfolio standards.
PHR,49.38,49.37,49.39,50000000.0,50000000.0,244,2026-02-04 12:37:45.148982,,,,,,
BYL,37.06,37.05,37.07,50000000.0,50000000.0,244,2026-02-04 12:37:45.148982,,,,,,
CLD,64.47,64.46,64.48,50000000.0,50000000.0,244,2026-02-04 12:37:45.148982,,,,,,
GGD,32.68,32.67,32.69,50000000.0,50000000.0,244,2026-02-04 12:37:45.148982,,,,,,
PNR,57.63,57.62,57.64,50000000.0,50000000.0,244,2026-02-04 12:37:45.148982,,,,,,
FSR,36.32,36.31,36.33,50000000.0,50000000.0,244,2026-02-04 12:37:45.148982,,,,,,
ATB,63.38,63.37,63.39,50000000.0,50000000.0,244,2026-02-04 12:37:45.148982,,,,,,
SPK,57.96,57.95,57.97,50000000.0,50000000.0,244,2026-02-04 12:37:45.148982,,,,,,
EEC,53.68,53.67,53.69,50000000.0,50000000.0,244,2026-02-04 12:37:45.148982,,,,,,
TGX,45.49,45.48,45.5,50000000.0,50000000.0,245,2026-02-04 12:37:46.184192,23.0,1.0,244.0,D3-GGD/PNR,Counsel Provides Updated Risk Factor Disclosure,Legal counsel for GreenGrid has filed an amended proxy statement containing updated risk factor disclosures related to the pending PetroNorth transaction. The amendments include both newly identified risks and downward revisions to previously disclosed risk factors. Proxy specialists note that such amendments can reflect routine legal diligence or may signal evolving conditions that counsel believes warrant additional shareholder attention.
PHR,49.24,49.23,49.25,50000000.0,50000000.0,245,2026-02-04 12:37:46.184192,,,,,,
BYL,37.15,37.14,37.16,50000000.0,50000000.0,245,2026-02-04 12:37:46.184192,,,,,,
CLD,64.91,64.9,64.92,50000000.0,50000000.0,245,2026-02-04 12:37:46.184192,,,,,,
GGD,32.67,32.66,32.68,50000000.0,50000000.0,245,2026-02-04 12:37:46.184192,,,,,,
PNR,57.58,57.57,57.59,50000000.0,50000000.0,245,2026-02-04 12:37:46.184192,,,,,,
FSR,36.31,36.3,36.32,50000000.0,50000000.0,245,2026-02-04 12:37:46.184192,,,,,,
ATB,63.65,63.64,63.66,50000000.0,50000000.0,245,2026-02-04 12:37:46.184192,,,,,,
SPK,57.92,57.91,57.93,50000000.0,50000000.0,245,2026-02-04 12:37:46.184192,,,,,,
EEC,53.61,53.6,53.62,50000000.0,50000000.0,245,2026-02-04 12:37:46.184192,,,,,,
TGX,45.54,45.53,45.55,50000000.0,50000000.0,246,2026-02-04 12:37:47.221264,24.0,1.0,245.0,D3-GGD/PNR,FERC Review Initiated for Energy Deal,The Federal Energy Regulatory Commission opens standard review examining market power implications in regional energy markets.
PHR,49.01,49.0,49.02,50000000.0,50000000.0,246,2026-02-04 12:37:47.221264,,,,,,
BYL,37.0,36.99,37.01,50000000.0,50000000.0,246,2026-02-04 12:37:47.221264,,,,,,
CLD,64.47,64.46,64.48,50000000.0,50000000.0,246,2026-02-04 12:37:47.221264,,,,,,
GGD,32.67,32.66,32.68,50000000.0,50000000.0,246,2026-02-04 12:37:47.221264,,,,,,
PNR,57.55,57.54,57.56,50000000.0,50000000.0,246,2026-02-04 12:37:47.221264,,,,,,
FSR,36.24,36.23,36.25,50000000.0,50000000.0,246,2026-02-04 12:37:47.221264,,,,,,
ATB,63.63,63.62,63.64,50000000.0,50000000.0,246,2026-02-04 12:37:47.221264,,,,,,
SPK,57.84,57.83,57.85,50000000.0,50000000.0,246,2026-02-04 12:37:47.221264,,,,,,
EEC,53.5,53.49,53.51,50000000.0,50000000.0,246,2026-02-04 12:37:47.221264,,,,,,
TGX,45.56,45.55,45.57,50000000.0,50000000.0,247,2026-02-04 12:37:48.251046,25.0,1.0,246.0,D5-SPK/EEC,All-Stock Structure Eliminates Financing,Pure stock-for-stock exchange eliminates financing risk and cash requirements.
PHR,48.53,48.52,48.54,50000000.0,50000000.0,247,2026-02-04 12:37:48.251046,,,,,,
BYL,37.02,37.01,37.03,50000000.0,50000000.0,247,2026-02-04 12:37:48.251046,,,,,,
CLD,64.48,64.47,64.49,50000000.0,50000000.0,247,2026-02-04 12:37:48.251046,,,,,,
GGD,32.69,32.68,32.7,50000000.0,50000000.0,247,2026-02-04 12:37:48.251046,,,,,,
PNR,57.74,57.73,57.75,50000000.0,50000000.0,247,2026-02-04 12:37:48.251046,,,,,,
FSR,36.27,36.26,36.28,50000000.0,50000000.0,247,2026-02-04 12:37:48.251046,,,,,,
ATB,64.03,64.02,64.04,50000000.0,50000000.0,247,2026-02-04 12:37:48.251046,,,,,,
SPK,58.4,58.39,58.41,50000000.0,50000000.0,247,2026-02-04 12:37:48.251046,,,,,,
EEC,54.23,54.22,54.24,50000000.0,50000000.0,247,2026-02-04 12:37:48.251046,,,,,,
TGX,45.57,45.56,45.58,50000000.0,50000000.0,248,2026-02-04 12:37:48.786310
PHR,48.46,48.45,48.47,50000000.0,50000000.0,248,2026-02-04 12:37:48.786310
BYL,37.12,37.11,37.13,50000000.0,50000000.0,248,2026-02-04 12:37:48.786310
CLD,64.88,64.87,64.89,50000000.0,50000000.0,248,2026-02-04 12:37:48.786310
GGD,32.66,32.65,32.67,50000000.0,50000000.0,248,2026-02-04 12:37:48.786310
PNR,57.54,57.53,57.55,50000000.0,50000000.0,248,2026-02-04 12:37:48.786310
FSR,36.36,36.35,36.37,50000000.0,50000000.0,248,2026-02-04 12:37:48.786310
ATB,64.49,64.48,64.5,50000000.0,50000000.0,248,2026-02-04 12:37:48.786310
SPK,58.17,58.16,58.18,50000000.0,50000000.0,248,2026-02-04 12:37:48.786310
EEC,53.95,53.94,53.96,50000000.0,50000000.0,248,2026-02-04 12:37:48.786310
TGX,45.57,45.56,45.58,50000000.0,50000000.0,249,2026-02-04 12:37:49.831339
PHR,48.81,48.8,48.82,50000000.0,50000000.0,249,2026-02-04 12:37:49.831339
BYL,37.29,37.28,37.3,50000000.0,50000000.0,249,2026-02-04 12:37:49.831339
CLD,65.27,65.26,65.28,50000000.0,50000000.0,249,2026-02-04 12:37:49.831339
GGD,32.5,32.49,32.51,50000000.0,50000000.0,249,2026-02-04 12:37:49.831339
PNR,57.36,57.35,57.37,50000000.0,50000000.0,249,2026-02-04 12:37:49.831339
FSR,36.36,36.35,36.37,50000000.0,50000000.0,249,2026-02-04 12:37:49.831339
ATB,63.57,63.56,63.58,50000000.0,50000000.0,249,2026-02-04 12:37:49.831339
SPK,58.03,58.02,58.04,50000000.0,50000000.0,249,2026-02-04 12:37:49.831339
EEC,53.81,53.8,53.82,50000000.0,50000000.0,249,2026-02-04 12:37:49.831339
TGX,45.62,45.61,45.63,50000000.0,50000000.0,250,2026-02-04 12:37:50.889434
PHR,49.34,49.33,49.35,50000000.0,50000000.0,250,2026-02-04 12:37:50.889434
BYL,37.34,37.33,37.35,50000000.0,50000000.0,250,2026-02-04 12:37:50.889434
CLD,65.44,65.43,65.45,50000000.0,50000000.0,250,2026-02-04 12:37:50.889434
GGD,32.57,32.56,32.58,50000000.0,50000000.0,250,2026-02-04 12:37:50.889434
PNR,57.37,57.36,57.38,50000000.0,50000000.0,250,2026-02-04 12:37:50.889434
FSR,36.36,36.35,36.37,50000000.0,50000000.0,250,2026-02-04 12:37:50.889434
ATB,63.23,63.22,63.24,50000000.0,50000000.0,250,2026-02-04 12:37:50.889434
SPK,57.87,57.86,57.88,50000000.0,50000000.0,250,2026-02-04 12:37:50.889434
EEC,53.56,53.55,53.57,50000000.0,50000000.0,250,2026-02-04 12:37:50.889434
TGX,45.66,45.65,45.67,50000000.0,50000000.0,251,2026-02-04 12:37:51.927463,26.0,1.0,250.0,D5-SPK/EEC,Political Opposition Emerges From Fossil Fuel-Dependent States,"Legislators from several states with significant fossil fuel industries have publicly criticized the SolarPeak/EastEnergy merger, arguing it would accelerate energy transition at the expense of grid reliability and existing energy jobs. While the opposition is primarily political and lacks direct regulatory authority over the FERC approval process, it could influence the terms of any negotiated conditions or create additional procedural delays."
PHR,49.72,49.71,49.73,50000000.0,50000000.0,251,2026-02-04 12:37:51.927463,,,,,,
BYL,37.3,37.29,37.31,50000000.0,50000000.0,251,2026-02-04 12:37:51.927463,,,,,,
CLD,65.44,65.43,65.45,50000000.0,50000000.0,251,2026-02-04 12:37:51.927463,,,,,,
GGD,32.61,32.6,32.62,50000000.0,50000000.0,251,2026-02-04 12:37:51.927463,,,,,,
PNR,57.48,57.47,57.49,50000000.0,50000000.0,251,2026-02-04 12:37:51.927463,,,,,,
FSR,36.28,36.27,36.29,50000000.0,50000000.0,251,2026-02-04 12:37:51.927463,,,,,,
ATB,64.02,64.01,64.03,50000000.0,50000000.0,251,2026-02-04 12:37:51.927463,,,,,,
SPK,57.79,57.78,57.8,50000000.0,50000000.0,251,2026-02-04 12:37:51.927463,,,,,,
EEC,53.48,53.47,53.49,50000000.0,50000000.0,251,2026-02-04 12:37:51.927463,,,,,,
TGX,45.57,45.56,45.58,50000000.0,50000000.0,252,2026-02-04 12:37:52.964899
PHR,49.57,49.56,49.58,50000000.0,50000000.0,252,2026-02-04 12:37:52.964899
BYL,37.03,37.02,37.04,50000000.0,50000000.0,252,2026-02-04 12:37:52.964899
CLD,64.73,64.72,64.74,50000000.0,50000000.0,252,2026-02-04 12:37:52.964899
GGD,32.68,32.67,32.69,50000000.0,50000000.0,252,2026-02-04 12:37:52.964899
PNR,57.39,57.38,57.4,50000000.0,50000000.0,252,2026-02-04 12:37:52.964899
FSR,36.25,36.24,36.26,50000000.0,50000000.0,252,2026-02-04 12:37:52.964899
ATB,64.47,64.46,64.48,50000000.0,50000000.0,252,2026-02-04 12:37:52.964899
SPK,57.96,57.95,57.97,50000000.0,50000000.0,252,2026-02-04 12:37:52.964899
EEC,53.7,53.69,53.71,50000000.0,50000000.0,252,2026-02-04 12:37:52.964899
TGX,45.51,45.5,45.52,50000000.0,50000000.0,253,2026-02-04 12:37:54.000512
PHR,49.66,49.65,49.67,50000000.0,50000000.0,253,2026-02-04 12:37:54.000512
BYL,37.1,37.09,37.11,50000000.0,50000000.0,253,2026-02-04 12:37:54.000512
CLD,64.9,64.89,64.91,50000000.0,50000000.0,253,2026-02-04 12:37:54.000512
GGD,32.68,32.67,32.69,50000000.0,50000000.0,253,2026-02-04 12:37:54.000512
PNR,57.75,57.74,57.76,50000000.0,50000000.0,253,2026-02-04 12:37:54.000512
FSR,36.27,36.26,36.28,50000000.0,50000000.0,253,2026-02-04 12:37:54.000512
ATB,63.69,63.68,63.7,50000000.0,50000000.0,253,2026-02-04 12:37:54.000512
SPK,58.01,58.0,58.02,50000000.0,50000000.0,253,2026-02-04 12:37:54.000512
EEC,53.67,53.66,53.68,50000000.0,50000000.0,253,2026-02-04 12:37:54.000512
TGX,45.47,45.46,45.48,50000000.0,50000000.0,254,2026-02-04 12:37:55.030057
PHR,49.78,49.77,49.79,50000000.0,50000000.0,254,2026-02-04 12:37:55.030057
BYL,36.98,36.97,36.99,50000000.0,50000000.0,254,2026-02-04 12:37:55.030057
CLD,64.59,64.58,64.6,50000000.0,50000000.0,254,2026-02-04 12:37:55.030057
GGD,32.73,32.72,32.74,50000000.0,50000000.0,254,2026-02-04 12:37:55.030057
PNR,57.65,57.64,57.66,50000000.0,50000000.0,254,2026-02-04 12:37:55.030057
FSR,36.24,36.23,36.25,50000000.0,50000000.0,254,2026-02-04 12:37:55.030057
ATB,63.91,63.9,63.92,50000000.0,50000000.0,254,2026-02-04 12:37:55.030057
SPK,57.74,57.73,57.75,50000000.0,50000000.0,254,2026-02-04 12:37:55.030057
EEC,53.28,53.27,53.29,50000000.0,50000000.0,254,2026-02-04 12:37:55.030057
TGX,45.37,45.36,45.38,50000000.0,50000000.0,255,2026-02-04 12:37:56.065258
PHR,49.82,49.81,49.83,50000000.0,50000000.0,255,2026-02-04 12:37:56.065258
BYL,36.87,36.86,36.88,50000000.0,50000000.0,255,2026-02-04 12:37:56.065258
CLD,64.19,64.18,64.2,50000000.0,50000000.0,255,2026-02-04 12:37:56.065258
GGD,32.73,32.72,32.74,50000000.0,50000000.0,255,2026-02-04 12:37:56.065258
PNR,57.49,57.48,57.5,50000000.0,50000000.0,255,2026-02-04 12:37:56.065258
FSR,36.25,36.24,36.26,50000000.0,50000000.0,255,2026-02-04 12:37:56.065258
ATB,64.16,64.15,64.17,50000000.0,50000000.0,255,2026-02-04 12:37:56.065258
SPK,57.99,57.98,58.0,50000000.0,50000000.0,255,2026-02-04 12:37:56.065258
EEC,53.66,53.65,53.67,50000000.0,50000000.0,255,2026-02-04 12:37:56.065258
TGX,45.37,45.36,45.38,50000000.0,50000000.0,256,2026-02-04 12:37:57.097883
PHR,49.68,49.67,49.69,50000000.0,50000000.0,256,2026-02-04 12:37:57.097883
BYL,36.99,36.98,37.0,50000000.0,50000000.0,256,2026-02-04 12:37:57.097883
CLD,64.52,64.51,64.53,50000000.0,50000000.0,256,2026-02-04 12:37:57.097883
GGD,32.61,32.6,32.62,50000000.0,50000000.0,256,2026-02-04 12:37:57.097883
PNR,57.33,57.32,57.34,50000000.0,50000000.0,256,2026-02-04 12:37:57.097883
FSR,36.24,36.23,36.25,50000000.0,50000000.0,256,2026-02-04 12:37:57.097883
ATB,64.09,64.08,64.1,50000000.0,50000000.0,256,2026-02-04 12:37:57.097883
SPK,57.43,57.42,57.44,50000000.0,50000000.0,256,2026-02-04 12:37:57.097883
EEC,52.87,52.86,52.88,50000000.0,50000000.0,256,2026-02-04 12:37:57.097883
TGX,45.46,45.45,45.47,50000000.0,50000000.0,257,2026-02-04 12:37:58.127757
PHR,49.62,49.61,49.63,50000000.0,50000000.0,257,2026-02-04 12:37:58.127757
BYL,37.14,37.13,37.15,50000000.0,50000000.0,257,2026-02-04 12:37:58.127757
CLD,64.77,64.76,64.78,50000000.0,50000000.0,257,2026-02-04 12:37:58.127757
GGD,32.57,32.56,32.58,50000000.0,50000000.0,257,2026-02-04 12:37:58.127757
PNR,57.19,57.18,57.2,50000000.0,50000000.0,257,2026-02-04 12:37:58.127757
FSR,36.2,36.19,36.21,50000000.0,50000000.0,257,2026-02-04 12:37:58.127757
ATB,63.81,63.8,63.82,50000000.0,50000000.0,257,2026-02-04 12:37:58.127757
SPK,57.41,57.4,57.42,50000000.0,50000000.0,257,2026-02-04 12:37:58.127757
EEC,52.88,52.87,52.89,50000000.0,50000000.0,257,2026-02-04 12:37:58.127757
TGX,45.44,45.43,45.45,50000000.0,50000000.0,258,2026-02-04 12:37:59.174108
PHR,49.74,49.73,49.75,50000000.0,50000000.0,258,2026-02-04 12:37:59.174108
BYL,37.35,37.34,37.36,50000000.0,50000000.0,258,2026-02-04 12:37:59.174108
CLD,65.14,65.13,65.15,50000000.0,50000000.0,258,2026-02-04 12:37:59.174108
GGD,32.53,32.52,32.54,50000000.0,50000000.0,258,2026-02-04 12:37:59.174108
PNR,56.95,56.94,56.96,50000000.0,50000000.0,258,2026-02-04 12:37:59.174108
FSR,36.16,36.15,36.17,50000000.0,50000000.0,258,2026-02-04 12:37:59.174108
ATB,63.59,63.58,63.6,50000000.0,50000000.0,258,2026-02-04 12:37:59.174108
SPK,57.43,57.42,57.44,50000000.0,50000000.0,258,2026-02-04 12:37:59.174108
EEC,52.93,52.92,52.94,50000000.0,50000000.0,258,2026-02-04 12:37:59.174108
TGX,45.48,45.47,45.49,50000000.0,50000000.0,259,2026-02-04 12:38:00.207604
PHR,49.44,49.43,49.45,50000000.0,50000000.0,259,2026-02-04 12:38:00.207604
BYL,37.25,37.24,37.26,50000000.0,50000000.0,259,2026-02-04 12:38:00.207604
CLD,64.85,64.84,64.86,50000000.0,50000000.0,259,2026-02-04 12:38:00.207604
GGD,32.54,32.53,32.55,50000000.0,50000000.0,259,2026-02-04 12:38:00.207604
PNR,56.88,56.87,56.89,50000000.0,50000000.0,259,2026-02-04 12:38:00.207604
FSR,36.13,36.12,36.14,50000000.0,50000000.0,259,2026-02-04 12:38:00.207604
ATB,64.35,64.34,64.36,50000000.0,50000000.0,259,2026-02-04 12:38:00.207604
SPK,57.2,57.19,57.21,50000000.0,50000000.0,259,2026-02-04 12:38:00.207604
EEC,52.65,52.64,52.66,50000000.0,50000000.0,259,2026-02-04 12:38:00.207604
TGX,45.48,45.47,45.49,50000000.0,50000000.0,260,2026-02-04 12:38:01.243633
PHR,49.18,49.17,49.19,50000000.0,50000000.0,260,2026-02-04 12:38:01.243633
BYL,37.11,37.1,37.12,50000000.0,50000000.0,260,2026-02-04 12:38:01.243633
CLD,64.5,64.49,64.51,50000000.0,50000000.0,260,2026-02-04 12:38:01.243633
GGD,32.44,32.43,32.45,50000000.0,50000000.0,260,2026-02-04 12:38:01.243633
PNR,57.0,56.99,57.01,50000000.0,50000000.0,260,2026-02-04 12:38:01.243633
FSR,36.2,36.19,36.21,50000000.0,50000000.0,260,2026-02-04 12:38:01.243633
ATB,64.01,64.0,64.02,50000000.0,50000000.0,260,2026-02-04 12:38:01.243633
SPK,57.27,57.26,57.28,50000000.0,50000000.0,260,2026-02-04 12:38:01.243633
EEC,52.76,52.75,52.77,50000000.0,50000000.0,260,2026-02-04 12:38:01.243633
TGX,45.51,45.5,45.52,50000000.0,50000000.0,261,2026-02-04 12:38:02.288498
PHR,48.75,48.74,48.76,50000000.0,50000000.0,261,2026-02-04 12:38:02.288498
BYL,37.09,37.08,37.1,50000000.0,50000000.0,261,2026-02-04 12:38:02.288498
CLD,64.63,64.62,64.64,50000000.0,50000000.0,261,2026-02-04 12:38:02.288498
GGD,32.47,32.46,32.48,50000000.0,50000000.0,261,2026-02-04 12:38:02.288498
PNR,56.94,56.93,56.95,50000000.0,50000000.0,261,2026-02-04 12:38:02.288498
FSR,36.26,36.25,36.27,50000000.0,50000000.0,261,2026-02-04 12:38:02.288498
ATB,64.45,64.44,64.46,50000000.0,50000000.0,261,2026-02-04 12:38:02.288498
SPK,57.39,57.38,57.4,50000000.0,50000000.0,261,2026-02-04 12:38:02.288498
EEC,52.91,52.9,52.92,50000000.0,50000000.0,261,2026-02-04 12:38:02.288498
TGX,45.45,45.44,45.46,50000000.0,50000000.0,262,2026-02-04 12:38:03.326770
PHR,49.03,49.02,49.04,50000000.0,50000000.0,262,2026-02-04 12:38:03.326770
BYL,37.15,37.14,37.16,50000000.0,50000000.0,262,2026-02-04 12:38:03.326770
CLD,64.74,64.73,64.75,50000000.0,50000000.0,262,2026-02-04 12:38:03.326770
GGD,33.58,33.57,33.59,50000000.0,50000000.0,262,2026-02-04 12:38:03.326770
PNR,57.2,57.19,57.21,50000000.0,50000000.0,262,2026-02-04 12:38:03.326770
FSR,36.15,36.14,36.16,50000000.0,50000000.0,262,2026-02-04 12:38:03.326770
ATB,64.73,64.72,64.74,50000000.0,50000000.0,262,2026-02-04 12:38:03.326770
SPK,58.02,58.01,58.03,50000000.0,50000000.0,262,2026-02-04 12:38:03.326770
EEC,52.93,52.92,52.94,50000000.0,50000000.0,262,2026-02-04 12:38:03.326770
TGX,45.39,45.38,45.4,50000000.0,50000000.0,263,2026-02-04 12:38:04.373962
PHR,48.91,48.9,48.92,50000000.0,50000000.0,263,2026-02-04 12:38:04.373962
BYL,37.27,37.26,37.28,50000000.0,50000000.0,263,2026-02-04 12:38:04.373962
CLD,65.04,65.03,65.05,50000000.0,50000000.0,263,2026-02-04 12:38:04.373962
GGD,33.62,33.61,33.63,50000000.0,50000000.0,263,2026-02-04 12:38:04.373962
PNR,57.46,57.45,57.47,50000000.0,50000000.0,263,2026-02-04 12:38:04.373962
FSR,36.12,36.11,36.13,50000000.0,50000000.0,263,2026-02-04 12:38:04.373962
ATB,64.73,64.72,64.74,50000000.0,50000000.0,263,2026-02-04 12:38:04.373962
SPK,58.16,58.15,58.17,50000000.0,50000000.0,263,2026-02-04 12:38:04.373962
EEC,53.11,53.1,53.12,50000000.0,50000000.0,263,2026-02-04 12:38:04.373962
TGX,45.39,45.38,45.4,50000000.0,50000000.0,264,2026-02-04 12:38:04.915164
PHR,48.85,48.84,48.86,50000000.0,50000000.0,264,2026-02-04 12:38:04.915164
BYL,37.19,37.18,37.2,50000000.0,50000000.0,264,2026-02-04 12:38:04.915164
CLD,64.88,64.87,64.89,50000000.0,50000000.0,264,2026-02-04 12:38:04.915164
GGD,33.59,33.58,33.6,50000000.0,50000000.0,264,2026-02-04 12:38:04.915164
PNR,57.62,57.61,57.63,50000000.0,50000000.0,264,2026-02-04 12:38:04.915164
FSR,36.02,36.01,36.03,50000000.0,50000000.0,264,2026-02-04 12:38:04.915164
ATB,64.72,64.71,64.73,50000000.0,50000000.0,264,2026-02-04 12:38:04.915164
SPK,58.22,58.21,58.23,50000000.0,50000000.0,264,2026-02-04 12:38:04.915164
EEC,53.21,53.2,53.22,50000000.0,50000000.0,264,2026-02-04 12:38:04.915164
TGX,45.38,45.37,45.39,50000000.0,50000000.0,265,2026-02-04 12:38:05.946721
PHR,48.76,48.75,48.77,50000000.0,50000000.0,265,2026-02-04 12:38:05.946721
BYL,36.99,36.98,37.0,50000000.0,50000000.0,265,2026-02-04 12:38:05.946721
CLD,64.54,64.53,64.55,50000000.0,50000000.0,265,2026-02-04 12:38:05.946721
GGD,33.62,33.61,33.63,50000000.0,50000000.0,265,2026-02-04 12:38:05.946721
PNR,57.59,57.58,57.6,50000000.0,50000000.0,265,2026-02-04 12:38:05.946721
FSR,36.1,36.09,36.11,50000000.0,50000000.0,265,2026-02-04 12:38:05.946721
ATB,65.19,65.18,65.2,50000000.0,50000000.0,265,2026-02-04 12:38:05.946721
SPK,58.05,58.04,58.06,50000000.0,50000000.0,265,2026-02-04 12:38:05.946721
EEC,52.99,52.98,53.0,50000000.0,50000000.0,265,2026-02-04 12:38:05.946721
TGX,45.34,45.33,45.35,50000000.0,50000000.0,266,2026-02-04 12:38:06.983184
PHR,48.77,48.76,48.78,50000000.0,50000000.0,266,2026-02-04 12:38:06.983184
BYL,37.1,37.09,37.11,50000000.0,50000000.0,266,2026-02-04 12:38:06.983184
CLD,64.62,64.61,64.63,50000000.0,50000000.0,266,2026-02-04 12:38:06.983184
GGD,33.62,33.61,33.63,50000000.0,50000000.0,266,2026-02-04 12:38:06.983184
PNR,57.57,57.56,57.58,50000000.0,50000000.0,266,2026-02-04 12:38:06.983184
FSR,36.08,36.07,36.09,50000000.0,50000000.0,266,2026-02-04 12:38:06.983184
ATB,64.91,64.9,64.92,50000000.0,50000000.0,266,2026-02-04 12:38:06.983184
SPK,57.85,57.84,57.86,50000000.0,50000000.0,266,2026-02-04 12:38:06.983184
EEC,52.69,52.68,52.7,50000000.0,50000000.0,266,2026-02-04 12:38:06.983184
TGX,45.31,45.3,45.32,50000000.0,50000000.0,267,2026-02-04 12:38:08.015230
PHR,49.04,49.03,49.05,50000000.0,50000000.0,267,2026-02-04 12:38:08.015230
BYL,37.05,37.04,37.06,50000000.0,50000000.0,267,2026-02-04 12:38:08.015230
CLD,64.57,64.56,64.58,50000000.0,50000000.0,267,2026-02-04 12:38:08.015230
GGD,33.66,33.65,33.67,50000000.0,50000000.0,267,2026-02-04 12:38:08.015230
PNR,57.99,57.98,58.0,50000000.0,50000000.0,267,2026-02-04 12:38:08.015230
FSR,36.13,36.12,36.14,50000000.0,50000000.0,267,2026-02-04 12:38:08.015230
ATB,64.17,64.16,64.18,50000000.0,50000000.0,267,2026-02-04 12:38:08.015230
SPK,57.66,57.65,57.67,50000000.0,50000000.0,267,2026-02-04 12:38:08.015230
EEC,52.44,52.43,52.45,50000000.0,50000000.0,267,2026-02-04 12:38:08.015230
TGX,45.33,45.32,45.34,50000000.0,50000000.0,268,2026-02-04 12:38:09.050275
PHR,48.81,48.8,48.82,50000000.0,50000000.0,268,2026-02-04 12:38:09.050275
BYL,37.27,37.26,37.28,50000000.0,50000000.0,268,2026-02-04 12:38:09.050275
CLD,65.08,65.07,65.09,50000000.0,50000000.0,268,2026-02-04 12:38:09.050275
GGD,33.64,33.63,33.65,50000000.0,50000000.0,268,2026-02-04 12:38:09.050275
PNR,57.95,57.94,57.96,50000000.0,50000000.0,268,2026-02-04 12:38:09.050275
FSR,36.11,36.1,36.12,50000000.0,50000000.0,268,2026-02-04 12:38:09.050275
ATB,64.75,64.74,64.76,50000000.0,50000000.0,268,2026-02-04 12:38:09.050275
SPK,57.64,57.63,57.65,50000000.0,50000000.0,268,2026-02-04 12:38:09.050275
EEC,52.49,52.48,52.5,50000000.0,50000000.0,268,2026-02-04 12:38:09.050275
TGX,45.36,45.35,45.37,50000000.0,50000000.0,269,2026-02-04 12:38:10.079151
PHR,48.91,48.9,48.92,50000000.0,50000000.0,269,2026-02-04 12:38:10.079151
BYL,37.51,37.5,37.52,50000000.0,50000000.0,269,2026-02-04 12:38:10.079151
CLD,65.43,65.42,65.44,50000000.0,50000000.0,269,2026-02-04 12:38:10.079151
GGD,33.64,33.63,33.65,50000000.0,50000000.0,269,2026-02-04 12:38:10.079151
PNR,57.7,57.69,57.71,50000000.0,50000000.0,269,2026-02-04 12:38:10.079151
FSR,36.24,36.23,36.25,50000000.0,50000000.0,269,2026-02-04 12:38:10.079151
ATB,64.82,64.81,64.83,50000000.0,50000000.0,269,2026-02-04 12:38:10.079151
SPK,58.36,58.35,58.37,50000000.0,50000000.0,269,2026-02-04 12:38:10.079151
EEC,53.4,53.39,53.41,50000000.0,50000000.0,269,2026-02-04 12:38:10.079151
TGX,45.38,45.37,45.39,50000000.0,50000000.0,270,2026-02-04 12:38:11.113647
PHR,48.84,48.83,48.85,50000000.0,50000000.0,270,2026-02-04 12:38:11.113647
BYL,37.7,37.69,37.71,50000000.0,50000000.0,270,2026-02-04 12:38:11.113647
CLD,65.75,65.74,65.76,50000000.0,50000000.0,270,2026-02-04 12:38:11.113647
GGD,33.73,33.72,33.74,50000000.0,50000000.0,270,2026-02-04 12:38:11.113647
PNR,57.95,57.94,57.96,50000000.0,50000000.0,270,2026-02-04 12:38:11.113647
FSR,36.27,36.26,36.28,50000000.0,50000000.0,270,2026-02-04 12:38:11.113647
ATB,65.14,65.13,65.15,50000000.0,50000000.0,270,2026-02-04 12:38:11.113647
SPK,58.16,58.15,58.17,50000000.0,50000000.0,270,2026-02-04 12:38:11.113647
EEC,53.16,53.15,53.17,50000000.0,50000000.0,270,2026-02-04 12:38:11.113647
TGX,45.38,45.37,45.39,50000000.0,50000000.0,271,2026-02-04 12:38:12.149123
PHR,48.87,48.86,48.88,50000000.0,50000000.0,271,2026-02-04 12:38:12.149123
BYL,37.96,37.95,37.97,50000000.0,50000000.0,271,2026-02-04 12:38:12.149123
CLD,66.27,66.26,66.28,50000000.0,50000000.0,271,2026-02-04 12:38:12.149123
GGD,33.76,33.75,33.77,50000000.0,50000000.0,271,2026-02-04 12:38:12.149123
PNR,57.96,57.95,57.97,50000000.0,50000000.0,271,2026-02-04 12:38:12.149123
FSR,36.18,36.17,36.19,50000000.0,50000000.0,271,2026-02-04 12:38:12.149123
ATB,64.71,64.7,64.72,50000000.0,50000000.0,271,2026-02-04 12:38:12.149123
SPK,57.74,57.73,57.75,50000000.0,50000000.0,271,2026-02-04 12:38:12.149123
EEC,52.66,52.65,52.67,50000000.0,50000000.0,271,2026-02-04 12:38:12.149123
TGX,45.41,45.4,45.42,50000000.0,50000000.0,272,2026-02-04 12:38:13.184475
PHR,48.93,48.92,48.94,50000000.0,50000000.0,272,2026-02-04 12:38:13.184475
BYL,37.87,37.86,37.88,50000000.0,50000000.0,272,2026-02-04 12:38:13.184475
CLD,66.1,66.09,66.11,50000000.0,50000000.0,272,2026-02-04 12:38:13.184475
GGD,33.81,33.8,33.82,50000000.0,50000000.0,272,2026-02-04 12:38:13.184475
PNR,58.02,58.01,58.03,50000000.0,50000000.0,272,2026-02-04 12:38:13.184475
FSR,36.22,36.21,36.23,50000000.0,50000000.0,272,2026-02-04 12:38:13.184475
ATB,64.47,64.46,64.48,50000000.0,50000000.0,272,2026-02-04 12:38:13.184475
SPK,57.73,57.72,57.74,50000000.0,50000000.0,272,2026-02-04 12:38:13.184475
EEC,52.71,52.7,52.72,50000000.0,50000000.0,272,2026-02-04 12:38:13.184475
TGX,45.4,45.39,45.41,50000000.0,50000000.0,273,2026-02-04 12:38:14.218613
PHR,49.32,49.31,49.33,50000000.0,50000000.0,273,2026-02-04 12:38:14.218613
BYL,37.74,37.73,37.75,50000000.0,50000000.0,273,2026-02-04 12:38:14.218613
CLD,65.64,65.63,65.65,50000000.0,50000000.0,273,2026-02-04 12:38:14.218613
GGD,33.88,33.87,33.89,50000000.0,50000000.0,273,2026-02-04 12:38:14.218613
PNR,58.41,58.4,58.42,50000000.0,50000000.0,273,2026-02-04 12:38:14.218613
FSR,36.21,36.2,36.22,50000000.0,50000000.0,273,2026-02-04 12:38:14.218613
ATB,64.39,64.38,64.4,50000000.0,50000000.0,273,2026-02-04 12:38:14.218613
SPK,57.32,57.31,57.33,50000000.0,50000000.0,273,2026-02-04 12:38:14.218613
EEC,52.16,52.15,52.17,50000000.0,50000000.0,273,2026-02-04 12:38:14.218613
TGX,45.35,45.34,45.36,50000000.0,50000000.0,274,2026-02-04 12:38:15.255887
PHR,49.56,49.55,49.57,50000000.0,50000000.0,274,2026-02-04 12:38:15.255887
BYL,37.72,37.71,37.73,50000000.0,50000000.0,274,2026-02-04 12:38:15.255887
CLD,65.53,65.52,65.54,50000000.0,50000000.0,274,2026-02-04 12:38:15.255887
GGD,33.87,33.86,33.88,50000000.0,50000000.0,274,2026-02-04 12:38:15.255887
PNR,58.22,58.21,58.23,50000000.0,50000000.0,274,2026-02-04 12:38:15.255887
FSR,36.22,36.21,36.23,50000000.0,50000000.0,274,2026-02-04 12:38:15.255887
ATB,64.62,64.61,64.63,50000000.0,50000000.0,274,2026-02-04 12:38:15.255887
SPK,57.31,57.3,57.32,50000000.0,50000000.0,274,2026-02-04 12:38:15.255887
EEC,52.1,52.09,52.11,50000000.0,50000000.0,274,2026-02-04 12:38:15.255887
TGX,45.35,45.34,45.36,50000000.0,50000000.0,275,2026-02-04 12:38:16.284222
PHR,49.5,49.49,49.51,50000000.0,50000000.0,275,2026-02-04 12:38:16.284222
BYL,37.94,37.93,37.95,50000000.0,50000000.0,275,2026-02-04 12:38:16.284222
CLD,65.98,65.97,65.99,50000000.0,50000000.0,275,2026-02-04 12:38:16.284222
GGD,33.8,33.79,33.81,50000000.0,50000000.0,275,2026-02-04 12:38:16.284222
PNR,58.11,58.1,58.12,50000000.0,50000000.0,275,2026-02-04 12:38:16.284222
FSR,36.25,36.24,36.26,50000000.0,50000000.0,275,2026-02-04 12:38:16.284222
ATB,65.09,65.08,65.1,50000000.0,50000000.0,275,2026-02-04 12:38:16.284222
SPK,57.82,57.81,57.83,50000000.0,50000000.0,275,2026-02-04 12:38:16.284222
EEC,52.69,52.68,52.7,50000000.0,50000000.0,275,2026-02-04 12:38:16.284222
TGX,45.34,45.33,45.35,50000000.0,50000000.0,276,2026-02-04 12:38:17.315120
PHR,49.66,49.65,49.67,50000000.0,50000000.0,276,2026-02-04 12:38:17.315120
BYL,38.08,38.07,38.09,50000000.0,50000000.0,276,2026-02-04 12:38:17.315120
CLD,66.35,66.34,66.36,50000000.0,50000000.0,276,2026-02-04 12:38:17.315120
GGD,33.87,33.86,33.88,50000000.0,50000000.0,276,2026-02-04 12:38:17.315120
PNR,58.13,58.12,58.14,50000000.0,50000000.0,276,2026-02-04 12:38:17.315120
FSR,36.25,36.24,36.26,50000000.0,50000000.0,276,2026-02-04 12:38:17.315120
ATB,66.26,66.25,66.27,50000000.0,50000000.0,276,2026-02-04 12:38:17.315120
SPK,57.49,57.48,57.5,50000000.0,50000000.0,276,2026-02-04 12:38:17.315120
EEC,52.28,52.27,52.29,50000000.0,50000000.0,276,2026-02-04 12:38:17.315120
TGX,45.35,45.34,45.36,50000000.0,50000000.0,277,2026-02-04 12:38:18.354713
PHR,49.59,49.58,49.6,50000000.0,50000000.0,277,2026-02-04 12:38:18.354713
BYL,38.07,38.06,38.08,50000000.0,50000000.0,277,2026-02-04 12:38:18.354713
CLD,66.35,66.34,66.36,50000000.0,50000000.0,277,2026-02-04 12:38:18.354713
GGD,33.92,33.91,33.93,50000000.0,50000000.0,277,2026-02-04 12:38:18.354713
PNR,58.37,58.36,58.38,50000000.0,50000000.0,277,2026-02-04 12:38:18.354713
FSR,36.34,36.33,36.35,50000000.0,50000000.0,277,2026-02-04 12:38:18.354713
ATB,66.34,66.33,66.35,50000000.0,50000000.0,277,2026-02-04 12:38:18.354713
SPK,57.2,57.19,57.21,50000000.0,50000000.0,277,2026-02-04 12:38:18.354713
EEC,51.84,51.83,51.85,50000000.0,50000000.0,277,2026-02-04 12:38:18.354713
TGX,45.42,45.41,45.43,50000000.0,50000000.0,278,2026-02-04 12:38:19.381700
PHR,48.99,48.98,49.0,50000000.0,50000000.0,278,2026-02-04 12:38:19.381700
BYL,38.25,38.24,38.26,50000000.0,50000000.0,278,2026-02-04 12:38:19.381700
CLD,66.83,66.82,66.84,50000000.0,50000000.0,278,2026-02-04 12:38:19.381700
GGD,33.96,33.95,33.97,50000000.0,50000000.0,278,2026-02-04 12:38:19.381700
PNR,58.44,58.43,58.45,50000000.0,50000000.0,278,2026-02-04 12:38:19.381700
FSR,36.41,36.4,36.42,50000000.0,50000000.0,278,2026-02-04 12:38:19.381700
ATB,65.92,65.91,65.93,50000000.0,50000000.0,278,2026-02-04 12:38:19.381700
SPK,57.44,57.43,57.45,50000000.0,50000000.0,278,2026-02-04 12:38:19.381700
EEC,52.12,52.11,52.13,50000000.0,50000000.0,278,2026-02-04 12:38:19.381700
TGX,45.36,45.35,45.37,50000000.0,50000000.0,279,2026-02-04 12:38:20.420265
PHR,49.1,49.09,49.11,50000000.0,50000000.0,279,2026-02-04 12:38:20.420265
BYL,38.18,38.17,38.19,50000000.0,50000000.0,279,2026-02-04 12:38:20.420265
CLD,66.58,66.57,66.59,50000000.0,50000000.0,279,2026-02-04 12:38:20.420265
GGD,33.99,33.98,34.0,50000000.0,50000000.0,279,2026-02-04 12:38:20.420265
PNR,58.66,58.65,58.67,50000000.0,50000000.0,279,2026-02-04 12:38:20.420265
FSR,36.41,36.4,36.42,50000000.0,50000000.0,279,2026-02-04 12:38:20.420265
ATB,65.03,65.02,65.04,50000000.0,50000000.0,279,2026-02-04 12:38:20.420265
SPK,57.41,57.4,57.42,50000000.0,50000000.0,279,2026-02-04 12:38:20.420265
EEC,52.09,52.08,52.1,50000000.0,50000000.0,279,2026-02-04 12:38:20.420265
TGX,45.4,45.39,45.41,50000000.0,50000000.0,280,2026-02-04 12:38:21.463343
PHR,49.54,49.53,49.55,50000000.0,50000000.0,280,2026-02-04 12:38:21.463343
BYL,38.08,38.07,38.09,50000000.0,50000000.0,280,2026-02-04 12:38:21.463343
CLD,66.29,66.28,66.3,50000000.0,50000000.0,280,2026-02-04 12:38:21.463343
GGD,34.07,34.06,34.08,50000000.0,50000000.0,280,2026-02-04 12:38:21.463343
PNR,59.02,59.01,59.03,50000000.0,50000000.0,280,2026-02-04 12:38:21.463343
FSR,36.41,36.4,36.42,50000000.0,50000000.0,280,2026-02-04 12:38:21.463343
ATB,65.01,65.0,65.02,50000000.0,50000000.0,280,2026-02-04 12:38:21.463343
SPK,57.13,57.12,57.14,50000000.0,50000000.0,280,2026-02-04 12:38:21.463343
EEC,51.7,51.69,51.71,50000000.0,50000000.0,280,2026-02-04 12:38:21.463343
TGX,45.33,45.32,45.34,50000000.0,50000000.0,281,2026-02-04 12:38:22.012721
PHR,49.55,49.54,49.56,50000000.0,50000000.0,281,2026-02-04 12:38:22.012721
BYL,38.17,38.16,38.18,50000000.0,50000000.0,281,2026-02-04 12:38:22.012721
CLD,66.56,66.55,66.57,50000000.0,50000000.0,281,2026-02-04 12:38:22.012721
GGD,34.03,34.02,34.04,50000000.0,50000000.0,281,2026-02-04 12:38:22.012721
PNR,59.27,59.26,59.28,50000000.0,50000000.0,281,2026-02-04 12:38:22.012721
FSR,36.38,36.37,36.39,50000000.0,50000000.0,281,2026-02-04 12:38:22.012721
ATB,65.67,65.66,65.68,50000000.0,50000000.0,281,2026-02-04 12:38:22.012721
SPK,57.34,57.33,57.35,50000000.0,50000000.0,281,2026-02-04 12:38:22.012721
EEC,51.95,51.94,51.96,50000000.0,50000000.0,281,2026-02-04 12:38:22.012721
TGX,45.25,45.24,45.26,50000000.0,50000000.0,282,2026-02-04 12:38:23.044162
PHR,49.65,49.64,49.66,50000000.0,50000000.0,282,2026-02-04 12:38:23.044162
BYL,38.27,38.26,38.28,50000000.0,50000000.0,282,2026-02-04 12:38:23.044162
CLD,66.78,66.77,66.79,50000000.0,50000000.0,282,2026-02-04 12:38:23.044162
GGD,34.0,33.99,34.01,50000000.0,50000000.0,282,2026-02-04 12:38:23.044162
PNR,59.23,59.22,59.24,50000000.0,50000000.0,282,2026-02-04 12:38:23.044162
FSR,36.48,36.47,36.49,50000000.0,50000000.0,282,2026-02-04 12:38:23.044162
ATB,66.34,66.33,66.35,50000000.0,50000000.0,282,2026-02-04 12:38:23.044162
SPK,56.92,56.91,56.93,50000000.0,50000000.0,282,2026-02-04 12:38:23.044162
EEC,51.43,51.42,51.44,50000000.0,50000000.0,282,2026-02-04 12:38:23.044162
TGX,45.23,45.22,45.24,50000000.0,50000000.0,283,2026-02-04 12:38:24.585342
PHR,49.85,49.84,49.86,50000000.0,50000000.0,283,2026-02-04 12:38:24.585342
BYL,38.19,38.18,38.2,50000000.0,50000000.0,283,2026-02-04 12:38:24.585342
CLD,66.65,66.64,66.66,50000000.0,50000000.0,283,2026-02-04 12:38:24.585342
GGD,34.05,34.04,34.06,50000000.0,50000000.0,283,2026-02-04 12:38:24.585342
PNR,59.11,59.1,59.12,50000000.0,50000000.0,283,2026-02-04 12:38:24.585342
FSR,36.38,36.37,36.39,50000000.0,50000000.0,283,2026-02-04 12:38:24.585342
ATB,66.76,66.75,66.77,50000000.0,50000000.0,283,2026-02-04 12:38:24.585342
SPK,56.48,56.47,56.49,50000000.0,50000000.0,283,2026-02-04 12:38:24.585342
EEC,50.85,50.84,50.86,50000000.0,50000000.0,283,2026-02-04 12:38:24.585342
TGX,45.28,45.27,45.29,50000000.0,50000000.0,284,2026-02-04 12:38:25.115765
PHR,49.82,49.81,49.83,50000000.0,50000000.0,284,2026-02-04 12:38:25.115765
BYL,38.18,38.17,38.19,50000000.0,50000000.0,284,2026-02-04 12:38:25.115765
CLD,66.7,66.69,66.71,50000000.0,50000000.0,284,2026-02-04 12:38:25.115765
GGD,34.12,34.11,34.13,50000000.0,50000000.0,284,2026-02-04 12:38:25.115765
PNR,59.33,59.32,59.34,50000000.0,50000000.0,284,2026-02-04 12:38:25.115765
FSR,36.28,36.27,36.29,50000000.0,50000000.0,284,2026-02-04 12:38:25.115765
ATB,66.64,66.63,66.65,50000000.0,50000000.0,284,2026-02-04 12:38:25.115765
SPK,57.01,57.0,57.02,50000000.0,50000000.0,284,2026-02-04 12:38:25.115765
EEC,51.52,51.51,51.53,50000000.0,50000000.0,284,2026-02-04 12:38:25.115765
TGX,45.3,45.29,45.31,50000000.0,50000000.0,285,2026-02-04 12:38:26.149348
PHR,49.98,49.97,49.99,50000000.0,50000000.0,285,2026-02-04 12:38:26.149348
BYL,38.15,38.14,38.16,50000000.0,50000000.0,285,2026-02-04 12:38:26.149348
CLD,66.74,66.73,66.75,50000000.0,50000000.0,285,2026-02-04 12:38:26.149348
GGD,34.14,34.13,34.15,50000000.0,50000000.0,285,2026-02-04 12:38:26.149348
PNR,59.41,59.4,59.42,50000000.0,50000000.0,285,2026-02-04 12:38:26.149348
FSR,36.3,36.29,36.31,50000000.0,50000000.0,285,2026-02-04 12:38:26.149348
ATB,66.45,66.44,66.46,50000000.0,50000000.0,285,2026-02-04 12:38:26.149348
SPK,57.15,57.14,57.16,50000000.0,50000000.0,285,2026-02-04 12:38:26.149348
EEC,51.7,51.69,51.71,50000000.0,50000000.0,285,2026-02-04 12:38:26.149348
TGX,45.24,45.23,45.25,50000000.0,50000000.0,286,2026-02-04 12:38:27.184452
PHR,49.78,49.77,49.79,50000000.0,50000000.0,286,2026-02-04 12:38:27.184452
BYL,37.76,37.75,37.77,50000000.0,50000000.0,286,2026-02-04 12:38:27.184452
CLD,65.78,65.77,65.79,50000000.0,50000000.0,286,2026-02-04 12:38:27.184452
GGD,34.16,34.15,34.17,50000000.0,50000000.0,286,2026-02-04 12:38:27.184452
PNR,59.39,59.38,59.4,50000000.0,50000000.0,286,2026-02-04 12:38:27.184452
FSR,36.36,36.35,36.37,50000000.0,50000000.0,286,2026-02-04 12:38:27.184452
ATB,65.97,65.96,65.98,50000000.0,50000000.0,286,2026-02-04 12:38:27.184452
SPK,57.06,57.05,57.07,50000000.0,50000000.0,286,2026-02-04 12:38:27.184452
EEC,51.63,51.62,51.64,50000000.0,50000000.0,286,2026-02-04 12:38:27.184452
TGX,45.25,45.24,45.26,50000000.0,50000000.0,287,2026-02-04 12:38:28.226302
PHR,49.73,49.72,49.74,50000000.0,50000000.0,287,2026-02-04 12:38:28.226302
BYL,37.76,37.75,37.77,50000000.0,50000000.0,287,2026-02-04 12:38:28.226302
CLD,65.74,65.73,65.75,50000000.0,50000000.0,287,2026-02-04 12:38:28.226302
GGD,34.14,34.13,34.15,50000000.0,50000000.0,287,2026-02-04 12:38:28.226302
PNR,59.27,59.26,59.28,50000000.0,50000000.0,287,2026-02-04 12:38:28.226302
FSR,36.38,36.37,36.39,50000000.0,50000000.0,287,2026-02-04 12:38:28.226302
ATB,66.17,66.16,66.18,50000000.0,50000000.0,287,2026-02-04 12:38:28.226302
SPK,56.87,56.86,56.88,50000000.0,50000000.0,287,2026-02-04 12:38:28.226302
EEC,51.38,51.37,51.39,50000000.0,50000000.0,287,2026-02-04 12:38:28.226302
TGX,45.32,45.31,45.33,50000000.0,50000000.0,288,2026-02-04 12:38:29.266152
PHR,49.94,49.93,49.95,50000000.0,50000000.0,288,2026-02-04 12:38:29.266152
BYL,37.57,37.56,37.58,50000000.0,50000000.0,288,2026-02-04 12:38:29.266152
CLD,65.4,65.39,65.41,50000000.0,50000000.0,288,2026-02-04 12:38:29.266152
GGD,34.18,34.17,34.19,50000000.0,50000000.0,288,2026-02-04 12:38:29.266152
PNR,59.55,59.54,59.56,50000000.0,50000000.0,288,2026-02-04 12:38:29.266152
FSR,36.44,36.43,36.45,50000000.0,50000000.0,288,2026-02-04 12:38:29.266152
ATB,64.81,64.8,64.82,50000000.0,50000000.0,288,2026-02-04 12:38:29.266152
SPK,56.77,56.76,56.78,50000000.0,50000000.0,288,2026-02-04 12:38:29.266152
EEC,51.23,51.22,51.24,50000000.0,50000000.0,288,2026-02-04 12:38:29.266152
TGX,45.31,45.3,45.32,50000000.0,50000000.0,289,2026-02-04 12:38:30.306130
PHR,49.54,49.53,49.55,50000000.0,50000000.0,289,2026-02-04 12:38:30.306130
BYL,37.78,37.77,37.79,50000000.0,50000000.0,289,2026-02-04 12:38:30.306130
CLD,65.93,65.92,65.94,50000000.0,50000000.0,289,2026-02-04 12:38:30.306130
GGD,34.22,34.21,34.23,50000000.0,50000000.0,289,2026-02-04 12:38:30.306130
PNR,59.58,59.57,59.59,50000000.0,50000000.0,289,2026-02-04 12:38:30.306130
FSR,36.4,36.39,36.41,50000000.0,50000000.0,289,2026-02-04 12:38:30.306130
ATB,64.56,64.55,64.57,50000000.0,50000000.0,289,2026-02-04 12:38:30.306130
SPK,56.57,56.56,56.58,50000000.0,50000000.0,289,2026-02-04 12:38:30.306130
EEC,50.97,50.96,50.98,50000000.0,50000000.0,289,2026-02-04 12:38:30.306130
TGX,45.34,45.33,45.35,50000000.0,50000000.0,290,2026-02-04 12:38:31.344114
PHR,49.08,49.07,49.09,50000000.0,50000000.0,290,2026-02-04 12:38:31.344114
BYL,37.88,37.87,37.89,50000000.0,50000000.0,290,2026-02-04 12:38:31.344114
CLD,66.23,66.22,66.24,50000000.0,50000000.0,290,2026-02-04 12:38:31.344114
GGD,34.25,34.24,34.26,50000000.0,50000000.0,290,2026-02-04 12:38:31.344114
PNR,59.55,59.54,59.56,50000000.0,50000000.0,290,2026-02-04 12:38:31.344114
FSR,36.4,36.39,36.41,50000000.0,50000000.0,290,2026-02-04 12:38:31.344114
ATB,64.66,64.65,64.67,50000000.0,50000000.0,290,2026-02-04 12:38:31.344114
SPK,56.33,56.32,56.34,50000000.0,50000000.0,290,2026-02-04 12:38:31.344114
EEC,50.67,50.66,50.68,50000000.0,50000000.0,290,2026-02-04 12:38:31.344114
TGX,45.33,45.32,45.34,50000000.0,50000000.0,291,2026-02-04 12:38:32.380022
PHR,48.99,48.98,49.0,50000000.0,50000000.0,291,2026-02-04 12:38:32.380022
BYL,37.77,37.76,37.78,50000000.0,50000000.0,291,2026-02-04 12:38:32.380022
CLD,65.97,65.96,65.98,50000000.0,50000000.0,291,2026-02-04 12:38:32.380022
GGD,34.19,34.18,34.2,50000000.0,50000000.0,291,2026-02-04 12:38:32.380022
PNR,59.11,59.1,59.12,50000000.0,50000000.0,291,2026-02-04 12:38:32.380022
FSR,36.48,36.47,36.49,50000000.0,50000000.0,291,2026-02-04 12:38:32.380022
ATB,64.92,64.91,64.93,50000000.0,50000000.0,291,2026-02-04 12:38:32.380022
SPK,56.35,56.34,56.36,50000000.0,50000000.0,291,2026-02-04 12:38:32.380022
EEC,50.71,50.7,50.72,50000000.0,50000000.0,291,2026-02-04 12:38:32.380022
TGX,45.36,45.35,45.37,50000000.0,50000000.0,292,2026-02-04 12:38:33.420436
PHR,49.1,49.09,49.11,50000000.0,50000000.0,292,2026-02-04 12:38:33.420436
BYL,37.89,37.88,37.9,50000000.0,50000000.0,292,2026-02-04 12:38:33.420436
CLD,66.17,66.16,66.18,50000000.0,50000000.0,292,2026-02-04 12:38:33.420436
GGD,34.18,34.17,34.19,50000000.0,50000000.0,292,2026-02-04 12:38:33.420436
PNR,59.25,59.24,59.26,50000000.0,50000000.0,292,2026-02-04 12:38:33.420436
FSR,36.59,36.58,36.6,50000000.0,50000000.0,292,2026-02-04 12:38:33.420436
ATB,64.78,64.77,64.79,50000000.0,50000000.0,292,2026-02-04 12:38:33.420436
SPK,56.67,56.66,56.68,50000000.0,50000000.0,292,2026-02-04 12:38:33.420436
EEC,51.18,51.17,51.19,50000000.0,50000000.0,292,2026-02-04 12:38:33.420436
TGX,45.34,45.33,45.35,50000000.0,50000000.0,293,2026-02-04 12:38:34.459546
PHR,49.22,49.21,49.23,50000000.0,50000000.0,293,2026-02-04 12:38:34.459546
BYL,37.9,37.89,37.91,50000000.0,50000000.0,293,2026-02-04 12:38:34.459546
CLD,66.28,66.27,66.29,50000000.0,50000000.0,293,2026-02-04 12:38:34.459546
GGD,34.17,34.16,34.18,50000000.0,50000000.0,293,2026-02-04 12:38:34.459546
PNR,59.19,59.18,59.2,50000000.0,50000000.0,293,2026-02-04 12:38:34.459546
FSR,36.54,36.53,36.55,50000000.0,50000000.0,293,2026-02-04 12:38:34.459546
ATB,64.81,64.8,64.82,50000000.0,50000000.0,293,2026-02-04 12:38:34.459546
SPK,56.66,56.65,56.67,50000000.0,50000000.0,293,2026-02-04 12:38:34.459546
EEC,51.16,51.15,51.17,50000000.0,50000000.0,293,2026-02-04 12:38:34.459546
TGX,45.34,45.33,45.35,50000000.0,50000000.0,294,2026-02-04 12:38:35.507161
PHR,49.47,49.46,49.48,50000000.0,50000000.0,294,2026-02-04 12:38:35.507161
BYL,37.91,37.9,37.92,50000000.0,50000000.0,294,2026-02-04 12:38:35.507161
CLD,66.26,66.25,66.27,50000000.0,50000000.0,294,2026-02-04 12:38:35.507161
GGD,34.13,34.12,34.14,50000000.0,50000000.0,294,2026-02-04 12:38:35.507161
PNR,59.02,59.01,59.03,50000000.0,50000000.0,294,2026-02-04 12:38:35.507161
FSR,36.54,36.53,36.55,50000000.0,50000000.0,294,2026-02-04 12:38:35.507161
ATB,64.11,64.1,64.12,50000000.0,50000000.0,294,2026-02-04 12:38:35.507161
SPK,56.66,56.65,56.67,50000000.0,50000000.0,294,2026-02-04 12:38:35.507161
EEC,51.13,51.12,51.14,50000000.0,50000000.0,294,2026-02-04 12:38:35.507161
TGX,45.3,45.29,45.31,50000000.0,50000000.0,295,2026-02-04 12:38:36.561987,27.0,1.0,294.0,D3-GGD/PNR,GreenGrid Schedules Shareholder Vote,Special meeting scheduled 75 days forward for shareholders to vote on merger transaction.
PHR,49.04,49.03,49.05,50000000.0,50000000.0,295,2026-02-04 12:38:36.561987,,,,,,
BYL,37.83,37.82,37.84,50000000.0,50000000.0,295,2026-02-04 12:38:36.561987,,,,,,
CLD,66.06,66.05,66.07,50000000.0,50000000.0,295,2026-02-04 12:38:36.561987,,,,,,
GGD,34.16,34.15,34.17,50000000.0,50000000.0,295,2026-02-04 12:38:36.561987,,,,,,
PNR,59.16,59.15,59.17,50000000.0,50000000.0,295,2026-02-04 12:38:36.561987,,,,,,
FSR,36.55,36.54,36.56,50000000.0,50000000.0,295,2026-02-04 12:38:36.561987,,,,,,
ATB,63.79,63.78,63.8,50000000.0,50000000.0,295,2026-02-04 12:38:36.561987,,,,,,
SPK,56.6,56.59,56.61,50000000.0,50000000.0,295,2026-02-04 12:38:36.561987,,,,,,
EEC,51.05,51.04,51.06,50000000.0,50000000.0,295,2026-02-04 12:38:36.561987,,,,,,
TGX,45.29,45.28,45.3,50000000.0,50000000.0,296,2026-02-04 12:38:37.113063,28.0,1.0,295.0,D4-FSR/ATB,Deposit Outflows Accelerate,Both banks experience accelerated deposit outflows amid regional banking sector concerns.
PHR,49.14,49.13,49.15,50000000.0,50000000.0,296,2026-02-04 12:38:37.113063,,,,,,
BYL,37.85,37.84,37.86,50000000.0,50000000.0,296,2026-02-04 12:38:37.113063,,,,,,
CLD,66.03,66.02,66.04,50000000.0,50000000.0,296,2026-02-04 12:38:37.113063,,,,,,
GGD,34.21,34.2,34.22,50000000.0,50000000.0,296,2026-02-04 12:38:37.113063,,,,,,
PNR,59.05,59.04,59.06,50000000.0,50000000.0,296,2026-02-04 12:38:37.113063,,,,,,
FSR,36.54,36.53,36.55,50000000.0,50000000.0,296,2026-02-04 12:38:37.113063,,,,,,
ATB,63.61,63.6,63.62,50000000.0,50000000.0,296,2026-02-04 12:38:37.113063,,,,,,
SPK,56.87,56.86,56.88,50000000.0,50000000.0,296,2026-02-04 12:38:37.113063,,,,,,
EEC,51.38,51.37,51.39,50000000.0,50000000.0,296,2026-02-04 12:38:37.113063,,,,,,
TGX,45.36,45.35,45.37,50000000.0,50000000.0,297,2026-02-04 12:38:38.154324,29.0,1.0,296.0,D2-BYL/CLD,Equity Research Downgrades CloudSys,Major investment bank downgrades CloudSys citing integration risks and market valuation concerns.
PHR,49.29,49.28,49.3,50000000.0,50000000.0,297,2026-02-04 12:38:38.154324,,,,,,
BYL,37.62,37.61,37.63,50000000.0,50000000.0,297,2026-02-04 12:38:38.154324,,,,,,
CLD,65.42,65.41,65.43,50000000.0,50000000.0,297,2026-02-04 12:38:38.154324,,,,,,
GGD,34.2,34.19,34.21,50000000.0,50000000.0,297,2026-02-04 12:38:38.154324,,,,,,
PNR,58.93,58.92,58.94,50000000.0,50000000.0,297,2026-02-04 12:38:38.154324,,,,,,
FSR,36.47,36.46,36.48,50000000.0,50000000.0,297,2026-02-04 12:38:38.154324,,,,,,
ATB,62.84,62.83,62.85,50000000.0,50000000.0,297,2026-02-04 12:38:38.154324,,,,,,
SPK,56.9,56.89,56.91,50000000.0,50000000.0,297,2026-02-04 12:38:38.154324,,,,,,
EEC,51.41,51.4,51.42,50000000.0,50000000.0,297,2026-02-04 12:38:38.154324,,,,,,
TGX,45.38,45.37,45.39,50000000.0,50000000.0,298,2026-02-04 12:38:39.186406
PHR,49.35,49.34,49.36,50000000.0,50000000.0,298,2026-02-04 12:38:39.186406
BYL,37.66,37.65,37.67,50000000.0,50000000.0,298,2026-02-04 12:38:39.186406
CLD,65.5,65.49,65.51,50000000.0,50000000.0,298,2026-02-04 12:38:39.186406
GGD,34.14,34.13,34.15,50000000.0,50000000.0,298,2026-02-04 12:38:39.186406
PNR,58.61,58.6,58.62,50000000.0,50000000.0,298,2026-02-04 12:38:39.186406
FSR,36.53,36.52,36.54,50000000.0,50000000.0,298,2026-02-04 12:38:39.186406
ATB,62.59,62.58,62.6,50000000.0,50000000.0,298,2026-02-04 12:38:39.186406
SPK,57.11,57.1,57.12,50000000.0,50000000.0,298,2026-02-04 12:38:39.186406
EEC,51.67,51.66,51.68,50000000.0,50000000.0,298,2026-02-04 12:38:39.186406
TGX,45.32,45.31,45.33,50000000.0,50000000.0,299,2026-02-04 12:38:40.213907
PHR,49.68,49.67,49.69,50000000.0,50000000.0,299,2026-02-04 12:38:40.213907
BYL,37.55,37.54,37.56,50000000.0,50000000.0,299,2026-02-04 12:38:40.213907
CLD,65.28,65.27,65.29,50000000.0,50000000.0,299,2026-02-04 12:38:40.213907
GGD,34.12,34.11,34.13,50000000.0,50000000.0,299,2026-02-04 12:38:40.213907
PNR,58.65,58.64,58.66,50000000.0,50000000.0,299,2026-02-04 12:38:40.213907
FSR,36.6,36.59,36.61,50000000.0,50000000.0,299,2026-02-04 12:38:40.213907
ATB,62.08,62.07,62.09,50000000.0,50000000.0,299,2026-02-04 12:38:40.213907
SPK,56.86,56.85,56.87,50000000.0,50000000.0,299,2026-02-04 12:38:40.213907
EEC,51.36,51.35,51.37,50000000.0,50000000.0,299,2026-02-04 12:38:40.213907
TGX,45.3,45.29,45.31,50000000.0,50000000.0,300,2026-02-04 12:38:41.246233
PHR,49.54,49.53,49.55,50000000.0,50000000.0,300,2026-02-04 12:38:41.246233
BYL,37.21,37.2,37.22,50000000.0,50000000.0,300,2026-02-04 12:38:41.246233
CLD,64.58,64.57,64.59,50000000.0,50000000.0,300,2026-02-04 12:38:41.246233
GGD,34.09,34.08,34.1,50000000.0,50000000.0,300,2026-02-04 12:38:41.246233
PNR,58.94,58.93,58.95,50000000.0,50000000.0,300,2026-02-04 12:38:41.246233
FSR,36.51,36.5,36.52,50000000.0,50000000.0,300,2026-02-04 12:38:41.246233
ATB,61.27,61.26,61.28,50000000.0,50000000.0,300,2026-02-04 12:38:41.246233
SPK,56.65,56.64,56.66,50000000.0,50000000.0,300,2026-02-04 12:38:41.246233
EEC,51.06,51.05,51.07,50000000.0,50000000.0,300,2026-02-04 12:38:41.246233
TGX,45.31,45.3,45.32,50000000.0,50000000.0,301,2026-02-04 12:38:42.277267
PHR,49.43,49.42,49.44,50000000.0,50000000.0,301,2026-02-04 12:38:42.277267
BYL,36.95,36.94,36.96,50000000.0,50000000.0,301,2026-02-04 12:38:42.277267
CLD,63.92,63.91,63.93,50000000.0,50000000.0,301,2026-02-04 12:38:42.277267
GGD,34.11,34.1,34.12,50000000.0,50000000.0,301,2026-02-04 12:38:42.277267
PNR,58.97,58.96,58.98,50000000.0,50000000.0,301,2026-02-04 12:38:42.277267
FSR,36.48,36.47,36.49,50000000.0,50000000.0,301,2026-02-04 12:38:42.277267
ATB,61.22,61.21,61.23,50000000.0,50000000.0,301,2026-02-04 12:38:42.277267
SPK,56.6,56.59,56.61,50000000.0,50000000.0,301,2026-02-04 12:38:42.277267
EEC,50.92,50.91,50.93,50000000.0,50000000.0,301,2026-02-04 12:38:42.277267
TGX,45.29,45.28,45.3,50000000.0,50000000.0,302,2026-02-04 12:38:43.309539,30.0,1.0,301.0,D2-BYL/CLD,Counsel Provides Updated Risk Factor Disclosure,Legal counsel for ByteLayer has filed an amended proxy statement containing updated risk factor disclosures related to the pending CloudSys transaction. The amendments include both newly identified risks and downward revisions to previously disclosed risk factors. Proxy specialists note that such amendments can reflect routine legal diligence or may signal evolving conditions that counsel believes warrant additional shareholder attention.
PHR,49.35,49.34,49.36,50000000.0,50000000.0,302,2026-02-04 12:38:43.309539,,,,,,
BYL,37.07,37.06,37.08,50000000.0,50000000.0,302,2026-02-04 12:38:43.309539,,,,,,
CLD,64.13,64.12,64.14,50000000.0,50000000.0,302,2026-02-04 12:38:43.309539,,,,,,
GGD,34.11,34.1,34.12,50000000.0,50000000.0,302,2026-02-04 12:38:43.309539,,,,,,
PNR,59.24,59.23,59.25,50000000.0,50000000.0,302,2026-02-04 12:38:43.309539,,,,,,
FSR,36.45,36.44,36.46,50000000.0,50000000.0,302,2026-02-04 12:38:43.309539,,,,,,
ATB,61.89,61.88,61.9,50000000.0,50000000.0,302,2026-02-04 12:38:43.309539,,,,,,
SPK,56.53,56.52,56.54,50000000.0,50000000.0,302,2026-02-04 12:38:43.309539,,,,,,
EEC,50.85,50.84,50.86,50000000.0,50000000.0,302,2026-02-04 12:38:43.309539,,,,,,
TGX,45.25,45.24,45.26,50000000.0,50000000.0,303,2026-02-04 12:38:44.353459
PHR,49.66,49.65,49.67,50000000.0,50000000.0,303,2026-02-04 12:38:44.353459
BYL,37.1,37.09,37.11,50000000.0,50000000.0,303,2026-02-04 12:38:44.353459
CLD,64.07,64.06,64.08,50000000.0,50000000.0,303,2026-02-04 12:38:44.353459
GGD,34.11,34.1,34.12,50000000.0,50000000.0,303,2026-02-04 12:38:44.353459
PNR,59.28,59.27,59.29,50000000.0,50000000.0,303,2026-02-04 12:38:44.353459
FSR,36.44,36.43,36.45,50000000.0,50000000.0,303,2026-02-04 12:38:44.353459
ATB,61.25,61.24,61.26,50000000.0,50000000.0,303,2026-02-04 12:38:44.353459
SPK,56.47,56.46,56.48,50000000.0,50000000.0,303,2026-02-04 12:38:44.353459
EEC,50.75,50.74,50.76,50000000.0,50000000.0,303,2026-02-04 12:38:44.353459
TGX,45.3,45.29,45.31,50000000.0,50000000.0,304,2026-02-04 12:38:45.387429
PHR,49.75,49.74,49.76,50000000.0,50000000.0,304,2026-02-04 12:38:45.387429
BYL,36.96,36.95,36.97,50000000.0,50000000.0,304,2026-02-04 12:38:45.387429
CLD,63.89,63.88,63.9,50000000.0,50000000.0,304,2026-02-04 12:38:45.387429
GGD,34.12,34.11,34.13,50000000.0,50000000.0,304,2026-02-04 12:38:45.387429
PNR,59.49,59.48,59.5,50000000.0,50000000.0,304,2026-02-04 12:38:45.387429
FSR,36.5,36.49,36.51,50000000.0,50000000.0,304,2026-02-04 12:38:45.387429
ATB,60.84,60.83,60.85,50000000.0,50000000.0,304,2026-02-04 12:38:45.387429
SPK,56.69,56.68,56.7,50000000.0,50000000.0,304,2026-02-04 12:38:45.387429
EEC,51.06,51.05,51.07,50000000.0,50000000.0,304,2026-02-04 12:38:45.387429
TGX,45.28,45.27,45.29,50000000.0,50000000.0,305,2026-02-04 12:38:46.418107
PHR,49.55,49.54,49.56,50000000.0,50000000.0,305,2026-02-04 12:38:46.418107
BYL,36.82,36.81,36.83,50000000.0,50000000.0,305,2026-02-04 12:38:46.418107
CLD,63.42,63.41,63.43,50000000.0,50000000.0,305,2026-02-04 12:38:46.418107
GGD,34.08,34.07,34.09,50000000.0,50000000.0,305,2026-02-04 12:38:46.418107
PNR,59.34,59.33,59.35,50000000.0,50000000.0,305,2026-02-04 12:38:46.418107
FSR,36.6,36.59,36.61,50000000.0,50000000.0,305,2026-02-04 12:38:46.418107
ATB,61.17,61.16,61.18,50000000.0,50000000.0,305,2026-02-04 12:38:46.418107
SPK,56.66,56.65,56.67,50000000.0,50000000.0,305,2026-02-04 12:38:46.418107
EEC,51.01,51.0,51.02,50000000.0,50000000.0,305,2026-02-04 12:38:46.418107
TGX,45.28,45.27,45.29,50000000.0,50000000.0,306,2026-02-04 12:38:47.453756
PHR,50.0,49.99,50.01,50000000.0,50000000.0,306,2026-02-04 12:38:47.453756
BYL,37.01,37.0,37.02,50000000.0,50000000.0,306,2026-02-04 12:38:47.453756
CLD,63.9,63.89,63.91,50000000.0,50000000.0,306,2026-02-04 12:38:47.453756
GGD,34.12,34.11,34.13,50000000.0,50000000.0,306,2026-02-04 12:38:47.453756
PNR,59.42,59.41,59.43,50000000.0,50000000.0,306,2026-02-04 12:38:47.453756
FSR,36.6,36.59,36.61,50000000.0,50000000.0,306,2026-02-04 12:38:47.453756
ATB,61.58,61.57,61.59,50000000.0,50000000.0,306,2026-02-04 12:38:47.453756
SPK,56.96,56.95,56.97,50000000.0,50000000.0,306,2026-02-04 12:38:47.453756
EEC,51.43,51.42,51.44,50000000.0,50000000.0,306,2026-02-04 12:38:47.453756
TGX,45.29,45.28,45.3,50000000.0,50000000.0,307,2026-02-04 12:38:48.495410
PHR,50.16,50.15,50.17,50000000.0,50000000.0,307,2026-02-04 12:38:48.495410
BYL,37.14,37.13,37.15,50000000.0,50000000.0,307,2026-02-04 12:38:48.495410
CLD,64.23,64.22,64.24,50000000.0,50000000.0,307,2026-02-04 12:38:48.495410
GGD,34.09,34.08,34.1,50000000.0,50000000.0,307,2026-02-04 12:38:48.495410
PNR,59.11,59.1,59.12,50000000.0,50000000.0,307,2026-02-04 12:38:48.495410
FSR,36.54,36.53,36.55,50000000.0,50000000.0,307,2026-02-04 12:38:48.495410
ATB,61.03,61.02,61.04,50000000.0,50000000.0,307,2026-02-04 12:38:48.495410
SPK,57.12,57.11,57.13,50000000.0,50000000.0,307,2026-02-04 12:38:48.495410
EEC,51.65,51.64,51.66,50000000.0,50000000.0,307,2026-02-04 12:38:48.495410
TGX,45.32,45.31,45.33,50000000.0,50000000.0,308,2026-02-04 12:38:49.534689
PHR,49.8,49.79,49.81,50000000.0,50000000.0,308,2026-02-04 12:38:49.534689
BYL,37.06,37.05,37.07,50000000.0,50000000.0,308,2026-02-04 12:38:49.534689
CLD,63.82,63.81,63.83,50000000.0,50000000.0,308,2026-02-04 12:38:49.534689
GGD,34.09,34.08,34.1,50000000.0,50000000.0,308,2026-02-04 12:38:49.534689
PNR,59.12,59.11,59.13,50000000.0,50000000.0,308,2026-02-04 12:38:49.534689
FSR,36.45,36.44,36.46,50000000.0,50000000.0,308,2026-02-04 12:38:49.534689
ATB,59.99,59.98,60.0,50000000.0,50000000.0,308,2026-02-04 12:38:49.534689
SPK,56.84,56.83,56.85,50000000.0,50000000.0,308,2026-02-04 12:38:49.534689
EEC,51.34,51.33,51.35,50000000.0,50000000.0,308,2026-02-04 12:38:49.534689
TGX,45.28,45.27,45.29,50000000.0,50000000.0,309,2026-02-04 12:38:50.563700
PHR,49.71,49.7,49.72,50000000.0,50000000.0,309,2026-02-04 12:38:50.563700
BYL,37.21,37.2,37.22,50000000.0,50000000.0,309,2026-02-04 12:38:50.563700
CLD,64.25,64.24,64.26,50000000.0,50000000.0,309,2026-02-04 12:38:50.563700
GGD,34.0,33.99,34.01,50000000.0,50000000.0,309,2026-02-04 12:38:50.563700
PNR,58.87,58.86,58.88,50000000.0,50000000.0,309,2026-02-04 12:38:50.563700
FSR,36.42,36.41,36.43,50000000.0,50000000.0,309,2026-02-04 12:38:50.563700
ATB,59.76,59.75,59.77,50000000.0,50000000.0,309,2026-02-04 12:38:50.563700
SPK,57.13,57.12,57.14,50000000.0,50000000.0,309,2026-02-04 12:38:50.563700
EEC,51.65,51.64,51.66,50000000.0,50000000.0,309,2026-02-04 12:38:50.563700
TGX,45.26,45.25,45.27,50000000.0,50000000.0,310,2026-02-04 12:38:51.593987
PHR,49.47,49.46,49.48,50000000.0,50000000.0,310,2026-02-04 12:38:51.593987
BYL,37.31,37.3,37.32,50000000.0,50000000.0,310,2026-02-04 12:38:51.593987
CLD,64.34,64.33,64.35,50000000.0,50000000.0,310,2026-02-04 12:38:51.593987
GGD,34.0,33.99,34.01,50000000.0,50000000.0,310,2026-02-04 12:38:51.593987
PNR,58.59,58.58,58.6,50000000.0,50000000.0,310,2026-02-04 12:38:51.593987
FSR,36.35,36.34,36.36,50000000.0,50000000.0,310,2026-02-04 12:38:51.593987
ATB,59.71,59.7,59.72,50000000.0,50000000.0,310,2026-02-04 12:38:51.593987
SPK,57.05,57.04,57.06,50000000.0,50000000.0,310,2026-02-04 12:38:51.593987
EEC,51.64,51.63,51.65,50000000.0,50000000.0,310,2026-02-04 12:38:51.593987
TGX,45.31,45.3,45.32,50000000.0,50000000.0,311,2026-02-04 12:38:52.633286
PHR,49.45,49.44,49.46,50000000.0,50000000.0,311,2026-02-04 12:38:52.633286
BYL,37.53,37.52,37.54,50000000.0,50000000.0,311,2026-02-04 12:38:52.633286
CLD,64.93,64.92,64.94,50000000.0,50000000.0,311,2026-02-04 12:38:52.633286
GGD,34.02,34.01,34.03,50000000.0,50000000.0,311,2026-02-04 12:38:52.633286
PNR,58.66,58.65,58.67,50000000.0,50000000.0,311,2026-02-04 12:38:52.633286
FSR,36.32,36.31,36.33,50000000.0,50000000.0,311,2026-02-04 12:38:52.633286
ATB,59.81,59.8,59.82,50000000.0,50000000.0,311,2026-02-04 12:38:52.633286
SPK,57.11,57.1,57.12,50000000.0,50000000.0,311,2026-02-04 12:38:52.633286
EEC,51.75,51.74,51.76,50000000.0,50000000.0,311,2026-02-04 12:38:52.633286
TGX,45.28,45.27,45.29,50000000.0,50000000.0,312,2026-02-04 12:38:53.165242
PHR,49.28,49.27,49.29,50000000.0,50000000.0,312,2026-02-04 12:38:53.165242
BYL,37.33,37.32,37.34,50000000.0,50000000.0,312,2026-02-04 12:38:53.165242
CLD,64.45,64.44,64.46,50000000.0,50000000.0,312,2026-02-04 12:38:53.165242
GGD,34.07,34.06,34.08,50000000.0,50000000.0,312,2026-02-04 12:38:53.165242
PNR,58.88,58.87,58.89,50000000.0,50000000.0,312,2026-02-04 12:38:53.165242
FSR,36.31,36.3,36.32,50000000.0,50000000.0,312,2026-02-04 12:38:53.165242
ATB,59.88,59.87,59.89,50000000.0,50000000.0,312,2026-02-04 12:38:53.165242
SPK,57.28,57.27,57.29,50000000.0,50000000.0,312,2026-02-04 12:38:53.165242
EEC,52.01,52.0,52.02,50000000.0,50000000.0,312,2026-02-04 12:38:53.165242
TGX,45.28,45.27,45.29,50000000.0,50000000.0,313,2026-02-04 12:38:54.202301
PHR,49.22,49.21,49.23,50000000.0,50000000.0,313,2026-02-04 12:38:54.202301
BYL,37.19,37.18,37.2,50000000.0,50000000.0,313,2026-02-04 12:38:54.202301
CLD,64.11,64.1,64.12,50000000.0,50000000.0,313,2026-02-04 12:38:54.202301
GGD,34.12,34.11,34.13,50000000.0,50000000.0,313,2026-02-04 12:38:54.202301
PNR,58.83,58.82,58.84,50000000.0,50000000.0,313,2026-02-04 12:38:54.202301
FSR,36.35,36.34,36.36,50000000.0,50000000.0,313,2026-02-04 12:38:54.202301
ATB,59.42,59.41,59.43,50000000.0,50000000.0,313,2026-02-04 12:38:54.202301
SPK,57.39,57.38,57.4,50000000.0,50000000.0,313,2026-02-04 12:38:54.202301
EEC,52.17,52.16,52.18,50000000.0,50000000.0,313,2026-02-04 12:38:54.202301
TGX,45.27,45.26,45.28,50000000.0,50000000.0,314,2026-02-04 12:38:55.237947
PHR,49.4,49.39,49.41,50000000.0,50000000.0,314,2026-02-04 12:38:55.237947
BYL,37.29,37.28,37.3,50000000.0,50000000.0,314,2026-02-04 12:38:55.237947
CLD,64.32,64.31,64.33,50000000.0,50000000.0,314,2026-02-04 12:38:55.237947
GGD,34.11,34.1,34.12,50000000.0,50000000.0,314,2026-02-04 12:38:55.237947
PNR,58.87,58.86,58.88,50000000.0,50000000.0,314,2026-02-04 12:38:55.237947
FSR,36.22,36.21,36.23,50000000.0,50000000.0,314,2026-02-04 12:38:55.237947
ATB,59.57,59.56,59.58,50000000.0,50000000.0,314,2026-02-04 12:38:55.237947
SPK,57.59,57.58,57.6,50000000.0,50000000.0,314,2026-02-04 12:38:55.237947
EEC,52.44,52.43,52.45,50000000.0,50000000.0,314,2026-02-04 12:38:55.237947
TGX,45.25,45.24,45.26,50000000.0,50000000.0,315,2026-02-04 12:38:56.279167
PHR,49.66,49.65,49.67,50000000.0,50000000.0,315,2026-02-04 12:38:56.279167
BYL,37.18,37.17,37.19,50000000.0,50000000.0,315,2026-02-04 12:38:56.279167
CLD,64.2,64.19,64.21,50000000.0,50000000.0,315,2026-02-04 12:38:56.279167
GGD,34.19,34.18,34.2,50000000.0,50000000.0,315,2026-02-04 12:38:56.279167
PNR,58.95,58.94,58.96,50000000.0,50000000.0,315,2026-02-04 12:38:56.279167
FSR,36.17,36.16,36.18,50000000.0,50000000.0,315,2026-02-04 12:38:56.279167
ATB,59.33,59.32,59.34,50000000.0,50000000.0,315,2026-02-04 12:38:56.279167
SPK,57.89,57.88,57.9,50000000.0,50000000.0,315,2026-02-04 12:38:56.279167
EEC,52.81,52.8,52.82,50000000.0,50000000.0,315,2026-02-04 12:38:56.279167
TGX,45.26,45.25,45.27,50000000.0,50000000.0,316,2026-02-04 12:38:57.315725
PHR,49.34,49.33,49.35,50000000.0,50000000.0,316,2026-02-04 12:38:57.315725
BYL,36.92,36.91,36.93,50000000.0,50000000.0,316,2026-02-04 12:38:57.315725
CLD,63.72,63.71,63.73,50000000.0,50000000.0,316,2026-02-04 12:38:57.315725
GGD,34.15,34.14,34.16,50000000.0,50000000.0,316,2026-02-04 12:38:57.315725
PNR,58.58,58.57,58.59,50000000.0,50000000.0,316,2026-02-04 12:38:57.315725
FSR,36.08,36.07,36.09,50000000.0,50000000.0,316,2026-02-04 12:38:57.315725
ATB,59.2,59.19,59.21,50000000.0,50000000.0,316,2026-02-04 12:38:57.315725
SPK,57.98,57.97,57.99,50000000.0,50000000.0,316,2026-02-04 12:38:57.315725
EEC,52.93,52.92,52.94,50000000.0,50000000.0,316,2026-02-04 12:38:57.315725
TGX,45.28,45.27,45.29,50000000.0,50000000.0,317,2026-02-04 12:38:58.348783
PHR,49.34,49.33,49.35,50000000.0,50000000.0,317,2026-02-04 12:38:58.348783
BYL,36.98,36.97,36.99,50000000.0,50000000.0,317,2026-02-04 12:38:58.348783
CLD,63.68,63.67,63.69,50000000.0,50000000.0,317,2026-02-04 12:38:58.348783
GGD,34.17,34.16,34.18,50000000.0,50000000.0,317,2026-02-04 12:38:58.348783
PNR,58.67,58.66,58.68,50000000.0,50000000.0,317,2026-02-04 12:38:58.348783
FSR,36.1,36.09,36.11,50000000.0,50000000.0,317,2026-02-04 12:38:58.348783
ATB,59.52,59.51,59.53,50000000.0,50000000.0,317,2026-02-04 12:38:58.348783
SPK,58.03,58.02,58.04,50000000.0,50000000.0,317,2026-02-04 12:38:58.348783
EEC,53.0,52.99,53.01,50000000.0,50000000.0,317,2026-02-04 12:38:58.348783
TGX,45.23,45.22,45.24,50000000.0,50000000.0,318,2026-02-04 12:38:59.385892
PHR,49.21,49.2,49.22,50000000.0,50000000.0,318,2026-02-04 12:38:59.385892
BYL,36.99,36.98,37.0,50000000.0,50000000.0,318,2026-02-04 12:38:59.385892
CLD,63.75,63.74,63.76,50000000.0,50000000.0,318,2026-02-04 12:38:59.385892
GGD,34.17,34.16,34.18,50000000.0,50000000.0,318,2026-02-04 12:38:59.385892
PNR,58.52,58.51,58.53,50000000.0,50000000.0,318,2026-02-04 12:38:59.385892
FSR,36.15,36.14,36.16,50000000.0,50000000.0,318,2026-02-04 12:38:59.385892
ATB,59.12,59.11,59.13,50000000.0,50000000.0,318,2026-02-04 12:38:59.385892
SPK,57.91,57.9,57.92,50000000.0,50000000.0,318,2026-02-04 12:38:59.385892
EEC,52.81,52.8,52.82,50000000.0,50000000.0,318,2026-02-04 12:38:59.385892
TGX,45.16,45.15,45.17,50000000.0,50000000.0,319,2026-02-04 12:39:00.416258
PHR,49.4,49.39,49.41,50000000.0,50000000.0,319,2026-02-04 12:39:00.416258
BYL,36.89,36.88,36.9,50000000.0,50000000.0,319,2026-02-04 12:39:00.416258
CLD,63.32,63.31,63.33,50000000.0,50000000.0,319,2026-02-04 12:39:00.416258
GGD,34.2,34.19,34.21,50000000.0,50000000.0,319,2026-02-04 12:39:00.416258
PNR,58.48,58.47,58.49,50000000.0,50000000.0,319,2026-02-04 12:39:00.416258
FSR,36.15,36.14,36.16,50000000.0,50000000.0,319,2026-02-04 12:39:00.416258
ATB,59.35,59.34,59.36,50000000.0,50000000.0,319,2026-02-04 12:39:00.416258
SPK,57.78,57.77,57.79,50000000.0,50000000.0,319,2026-02-04 12:39:00.416258
EEC,52.61,52.6,52.62,50000000.0,50000000.0,319,2026-02-04 12:39:00.416258
TGX,45.21,45.2,45.22,50000000.0,50000000.0,320,2026-02-04 12:39:01.446921
PHR,49.2,49.19,49.21,50000000.0,50000000.0,320,2026-02-04 12:39:01.446921
BYL,36.79,36.78,36.8,50000000.0,50000000.0,320,2026-02-04 12:39:01.446921
CLD,63.07,63.06,63.08,50000000.0,50000000.0,320,2026-02-04 12:39:01.446921
GGD,34.19,34.18,34.2,50000000.0,50000000.0,320,2026-02-04 12:39:01.446921
PNR,58.39,58.38,58.4,50000000.0,50000000.0,320,2026-02-04 12:39:01.446921
FSR,35.32,35.31,35.33,50000000.0,50000000.0,320,2026-02-04 12:39:01.446921
ATB,59.24,59.23,59.25,50000000.0,50000000.0,320,2026-02-04 12:39:01.446921
SPK,57.35,57.34,57.36,50000000.0,50000000.0,320,2026-02-04 12:39:01.446921
EEC,52.06,52.05,52.07,50000000.0,50000000.0,320,2026-02-04 12:39:01.446921
TGX,45.2,45.19,45.21,50000000.0,50000000.0,321,2026-02-04 12:39:02.479525
PHR,49.33,49.32,49.34,50000000.0,50000000.0,321,2026-02-04 12:39:02.479525
BYL,37.11,37.1,37.12,50000000.0,50000000.0,321,2026-02-04 12:39:02.479525
CLD,63.9,63.89,63.91,50000000.0,50000000.0,321,2026-02-04 12:39:02.479525
GGD,34.18,34.17,34.19,50000000.0,50000000.0,321,2026-02-04 12:39:02.479525
PNR,58.42,58.41,58.43,50000000.0,50000000.0,321,2026-02-04 12:39:02.479525
FSR,35.37,35.36,35.38,50000000.0,50000000.0,321,2026-02-04 12:39:02.479525
ATB,59.65,59.64,59.66,50000000.0,50000000.0,321,2026-02-04 12:39:02.479525
SPK,57.51,57.5,57.52,50000000.0,50000000.0,321,2026-02-04 12:39:02.479525
EEC,52.34,52.33,52.35,50000000.0,50000000.0,321,2026-02-04 12:39:02.479525
TGX,45.22,45.21,45.23,50000000.0,50000000.0,322,2026-02-04 12:39:03.516587
PHR,49.34,49.33,49.35,50000000.0,50000000.0,322,2026-02-04 12:39:03.516587
BYL,36.9,36.89,36.91,50000000.0,50000000.0,322,2026-02-04 12:39:03.516587
CLD,63.47,63.46,63.48,50000000.0,50000000.0,322,2026-02-04 12:39:03.516587
GGD,34.14,34.13,34.15,50000000.0,50000000.0,322,2026-02-04 12:39:03.516587
PNR,57.95,57.94,57.96,50000000.0,50000000.0,322,2026-02-04 12:39:03.516587
FSR,35.35,35.34,35.36,50000000.0,50000000.0,322,2026-02-04 12:39:03.516587
ATB,60.54,60.53,60.55,50000000.0,50000000.0,322,2026-02-04 12:39:03.516587
SPK,58.12,58.11,58.13,50000000.0,50000000.0,322,2026-02-04 12:39:03.516587
EEC,53.12,53.11,53.13,50000000.0,50000000.0,322,2026-02-04 12:39:03.516587
TGX,45.26,45.25,45.27,50000000.0,50000000.0,323,2026-02-04 12:39:04.544567
PHR,49.39,49.38,49.4,50000000.0,50000000.0,323,2026-02-04 12:39:04.544567
BYL,36.96,36.95,36.97,50000000.0,50000000.0,323,2026-02-04 12:39:04.544567
CLD,63.68,63.67,63.69,50000000.0,50000000.0,323,2026-02-04 12:39:04.544567
GGD,34.17,34.16,34.18,50000000.0,50000000.0,323,2026-02-04 12:39:04.544567
PNR,58.12,58.11,58.13,50000000.0,50000000.0,323,2026-02-04 12:39:04.544567
FSR,35.33,35.32,35.34,50000000.0,50000000.0,323,2026-02-04 12:39:04.544567
ATB,60.46,60.45,60.47,50000000.0,50000000.0,323,2026-02-04 12:39:04.544567
SPK,58.47,58.46,58.48,50000000.0,50000000.0,323,2026-02-04 12:39:04.544567
EEC,53.54,53.53,53.55,50000000.0,50000000.0,323,2026-02-04 12:39:04.544567
TGX,45.25,45.24,45.26,50000000.0,50000000.0,324,2026-02-04 12:39:05.584902
PHR,49.44,49.43,49.45,50000000.0,50000000.0,324,2026-02-04 12:39:05.584902
BYL,36.84,36.83,36.85,50000000.0,50000000.0,324,2026-02-04 12:39:05.584902
CLD,63.33,63.32,63.34,50000000.0,50000000.0,324,2026-02-04 12:39:05.584902
GGD,34.09,34.08,34.1,50000000.0,50000000.0,324,2026-02-04 12:39:05.584902
PNR,58.24,58.23,58.25,50000000.0,50000000.0,324,2026-02-04 12:39:05.584902
FSR,35.24,35.23,35.25,50000000.0,50000000.0,324,2026-02-04 12:39:05.584902
ATB,60.61,60.6,60.62,50000000.0,50000000.0,324,2026-02-04 12:39:05.584902
SPK,58.5,58.49,58.51,50000000.0,50000000.0,324,2026-02-04 12:39:05.584902
EEC,53.55,53.54,53.56,50000000.0,50000000.0,324,2026-02-04 12:39:05.584902
TGX,45.21,45.2,45.22,50000000.0,50000000.0,325,2026-02-04 12:39:06.614305
PHR,49.56,49.55,49.57,50000000.0,50000000.0,325,2026-02-04 12:39:06.614305
BYL,36.91,36.9,36.92,50000000.0,50000000.0,325,2026-02-04 12:39:06.614305
CLD,63.55,63.54,63.56,50000000.0,50000000.0,325,2026-02-04 12:39:06.614305
GGD,33.99,33.98,34.0,50000000.0,50000000.0,325,2026-02-04 12:39:06.614305
PNR,58.36,58.35,58.37,50000000.0,50000000.0,325,2026-02-04 12:39:06.614305
FSR,35.27,35.26,35.28,50000000.0,50000000.0,325,2026-02-04 12:39:06.614305
ATB,61.33,61.32,61.34,50000000.0,50000000.0,325,2026-02-04 12:39:06.614305
SPK,58.78,58.77,58.79,50000000.0,50000000.0,325,2026-02-04 12:39:06.614305
EEC,53.97,53.96,53.98,50000000.0,50000000.0,325,2026-02-04 12:39:06.614305
TGX,45.23,45.22,45.24,50000000.0,50000000.0,326,2026-02-04 12:39:07.645701
PHR,50.01,50.0,50.02,50000000.0,50000000.0,326,2026-02-04 12:39:07.645701
BYL,37.09,37.08,37.1,50000000.0,50000000.0,326,2026-02-04 12:39:07.645701
CLD,64.12,64.11,64.13,50000000.0,50000000.0,326,2026-02-04 12:39:07.645701
GGD,34.0,33.99,34.01,50000000.0,50000000.0,326,2026-02-04 12:39:07.645701
PNR,58.18,58.17,58.19,50000000.0,50000000.0,326,2026-02-04 12:39:07.645701
FSR,35.17,35.16,35.18,50000000.0,50000000.0,326,2026-02-04 12:39:07.645701
ATB,61.14,61.13,61.15,50000000.0,50000000.0,326,2026-02-04 12:39:07.645701
SPK,58.66,58.65,58.67,50000000.0,50000000.0,326,2026-02-04 12:39:07.645701
EEC,53.74,53.73,53.75,50000000.0,50000000.0,326,2026-02-04 12:39:07.645701
TGX,45.26,45.25,45.27,50000000.0,50000000.0,327,2026-02-04 12:39:08.678110
PHR,50.08,50.07,50.09,50000000.0,50000000.0,327,2026-02-04 12:39:08.678110
BYL,37.42,37.41,37.43,50000000.0,50000000.0,327,2026-02-04 12:39:08.678110
CLD,64.8,64.79,64.81,50000000.0,50000000.0,327,2026-02-04 12:39:08.678110
GGD,33.92,33.91,33.93,50000000.0,50000000.0,327,2026-02-04 12:39:08.678110
PNR,58.16,58.15,58.17,50000000.0,50000000.0,327,2026-02-04 12:39:08.678110
FSR,35.23,35.22,35.24,50000000.0,50000000.0,327,2026-02-04 12:39:08.678110
ATB,60.72,60.71,60.73,50000000.0,50000000.0,327,2026-02-04 12:39:08.678110
SPK,58.52,58.51,58.53,50000000.0,50000000.0,327,2026-02-04 12:39:08.678110
EEC,53.6,53.59,53.61,50000000.0,50000000.0,327,2026-02-04 12:39:08.678110
TGX,45.27,45.26,45.28,50000000.0,50000000.0,328,2026-02-04 12:39:09.715488
PHR,49.99,49.98,50.0,50000000.0,50000000.0,328,2026-02-04 12:39:09.715488
BYL,37.42,37.41,37.43,50000000.0,50000000.0,328,2026-02-04 12:39:09.715488
CLD,64.68,64.67,64.69,50000000.0,50000000.0,328,2026-02-04 12:39:09.715488
GGD,33.9,33.89,33.91,50000000.0,50000000.0,328,2026-02-04 12:39:09.715488
PNR,58.12,58.11,58.13,50000000.0,50000000.0,328,2026-02-04 12:39:09.715488
FSR,35.17,35.16,35.18,50000000.0,50000000.0,328,2026-02-04 12:39:09.715488
ATB,60.69,60.68,60.7,50000000.0,50000000.0,328,2026-02-04 12:39:09.715488
SPK,58.86,58.85,58.87,50000000.0,50000000.0,328,2026-02-04 12:39:09.715488
EEC,54.04,54.03,54.05,50000000.0,50000000.0,328,2026-02-04 12:39:09.715488
TGX,45.31,45.3,45.32,50000000.0,50000000.0,329,2026-02-04 12:39:10.750504
PHR,50.09,50.08,50.1,50000000.0,50000000.0,329,2026-02-04 12:39:10.750504
BYL,37.32,37.31,37.33,50000000.0,50000000.0,329,2026-02-04 12:39:10.750504
CLD,64.42,64.41,64.43,50000000.0,50000000.0,329,2026-02-04 12:39:10.750504
GGD,33.89,33.88,33.9,50000000.0,50000000.0,329,2026-02-04 12:39:10.750504
PNR,58.12,58.11,58.13,50000000.0,50000000.0,329,2026-02-04 12:39:10.750504
FSR,35.12,35.11,35.13,50000000.0,50000000.0,329,2026-02-04 12:39:10.750504
ATB,60.86,60.85,60.87,50000000.0,50000000.0,329,2026-02-04 12:39:10.750504
SPK,58.84,58.83,58.85,50000000.0,50000000.0,329,2026-02-04 12:39:10.750504
EEC,54.04,54.03,54.05,50000000.0,50000000.0,329,2026-02-04 12:39:10.750504
TGX,45.32,45.31,45.33,50000000.0,50000000.0,330,2026-02-04 12:39:11.286173
PHR,50.15,50.14,50.16,50000000.0,50000000.0,330,2026-02-04 12:39:11.286173
BYL,37.2,37.19,37.21,50000000.0,50000000.0,330,2026-02-04 12:39:11.286173
CLD,64.2,64.19,64.21,50000000.0,50000000.0,330,2026-02-04 12:39:11.286173
GGD,33.93,33.92,33.94,50000000.0,50000000.0,330,2026-02-04 12:39:11.286173
PNR,58.25,58.24,58.26,50000000.0,50000000.0,330,2026-02-04 12:39:11.286173
FSR,35.11,35.1,35.12,50000000.0,50000000.0,330,2026-02-04 12:39:11.286173
ATB,61.03,61.02,61.04,50000000.0,50000000.0,330,2026-02-04 12:39:11.286173
SPK,59.02,59.01,59.03,50000000.0,50000000.0,330,2026-02-04 12:39:11.286173
EEC,54.24,54.23,54.25,50000000.0,50000000.0,330,2026-02-04 12:39:11.286173
TGX,45.37,45.36,45.38,50000000.0,50000000.0,331,2026-02-04 12:39:12.317600
PHR,50.41,50.4,50.42,50000000.0,50000000.0,331,2026-02-04 12:39:12.317600
BYL,37.15,37.14,37.16,50000000.0,50000000.0,331,2026-02-04 12:39:12.317600
CLD,63.9,63.89,63.91,50000000.0,50000000.0,331,2026-02-04 12:39:12.317600
GGD,33.81,33.8,33.82,50000000.0,50000000.0,331,2026-02-04 12:39:12.317600
PNR,57.99,57.98,58.0,50000000.0,50000000.0,331,2026-02-04 12:39:12.317600
FSR,35.11,35.1,35.12,50000000.0,50000000.0,331,2026-02-04 12:39:12.317600
ATB,60.71,60.7,60.72,50000000.0,50000000.0,331,2026-02-04 12:39:12.317600
SPK,59.16,59.15,59.17,50000000.0,50000000.0,331,2026-02-04 12:39:12.317600
EEC,54.45,54.44,54.46,50000000.0,50000000.0,331,2026-02-04 12:39:12.317600
TGX,45.33,45.32,45.34,50000000.0,50000000.0,332,2026-02-04 12:39:13.344914
PHR,50.2,50.19,50.21,50000000.0,50000000.0,332,2026-02-04 12:39:13.344914
BYL,37.26,37.25,37.27,50000000.0,50000000.0,332,2026-02-04 12:39:13.344914
CLD,64.11,64.1,64.12,50000000.0,50000000.0,332,2026-02-04 12:39:13.344914
GGD,33.8,33.79,33.81,50000000.0,50000000.0,332,2026-02-04 12:39:13.344914
PNR,58.12,58.11,58.13,50000000.0,50000000.0,332,2026-02-04 12:39:13.344914
FSR,35.18,35.17,35.19,50000000.0,50000000.0,332,2026-02-04 12:39:13.344914
ATB,61.05,61.04,61.06,50000000.0,50000000.0,332,2026-02-04 12:39:13.344914
SPK,59.93,59.92,59.94,50000000.0,50000000.0,332,2026-02-04 12:39:13.344914
EEC,55.44,55.43,55.45,50000000.0,50000000.0,332,2026-02-04 12:39:13.344914
TGX,45.38,45.37,45.39,50000000.0,50000000.0,333,2026-02-04 12:39:14.373508
PHR,50.69,50.68,50.7,50000000.0,50000000.0,333,2026-02-04 12:39:14.373508
BYL,37.12,37.11,37.13,50000000.0,50000000.0,333,2026-02-04 12:39:14.373508
CLD,63.85,63.84,63.86,50000000.0,50000000.0,333,2026-02-04 12:39:14.373508
GGD,33.69,33.68,33.7,50000000.0,50000000.0,333,2026-02-04 12:39:14.373508
PNR,58.07,58.06,58.08,50000000.0,50000000.0,333,2026-02-04 12:39:14.373508
FSR,35.23,35.22,35.24,50000000.0,50000000.0,333,2026-02-04 12:39:14.373508
ATB,61.67,61.66,61.68,50000000.0,50000000.0,333,2026-02-04 12:39:14.373508
SPK,60.17,60.16,60.18,50000000.0,50000000.0,333,2026-02-04 12:39:14.373508
EEC,55.75,55.74,55.76,50000000.0,50000000.0,333,2026-02-04 12:39:14.373508
TGX,45.39,45.38,45.4,50000000.0,50000000.0,334,2026-02-04 12:39:15.408586
PHR,50.64,50.63,50.65,50000000.0,50000000.0,334,2026-02-04 12:39:15.408586
BYL,37.2,37.19,37.21,50000000.0,50000000.0,334,2026-02-04 12:39:15.408586
CLD,64.03,64.02,64.04,50000000.0,50000000.0,334,2026-02-04 12:39:15.408586
GGD,33.66,33.65,33.67,50000000.0,50000000.0,334,2026-02-04 12:39:15.408586
PNR,58.18,58.17,58.19,50000000.0,50000000.0,334,2026-02-04 12:39:15.408586
FSR,35.25,35.24,35.26,50000000.0,50000000.0,334,2026-02-04 12:39:15.408586
ATB,61.62,61.61,61.63,50000000.0,50000000.0,334,2026-02-04 12:39:15.408586
SPK,60.35,60.34,60.36,50000000.0,50000000.0,334,2026-02-04 12:39:15.408586
EEC,55.95,55.94,55.96,50000000.0,50000000.0,334,2026-02-04 12:39:15.408586
TGX,45.45,45.44,45.46,50000000.0,50000000.0,335,2026-02-04 12:39:16.439589
PHR,51.02,51.01,51.03,50000000.0,50000000.0,335,2026-02-04 12:39:16.439589
BYL,36.86,36.85,36.87,50000000.0,50000000.0,335,2026-02-04 12:39:16.439589
CLD,63.33,63.32,63.34,50000000.0,50000000.0,335,2026-02-04 12:39:16.439589
GGD,33.7,33.69,33.71,50000000.0,50000000.0,335,2026-02-04 12:39:16.439589
PNR,58.28,58.27,58.29,50000000.0,50000000.0,335,2026-02-04 12:39:16.439589
FSR,35.15,35.14,35.16,50000000.0,50000000.0,335,2026-02-04 12:39:16.439589
ATB,61.72,61.71,61.73,50000000.0,50000000.0,335,2026-02-04 12:39:16.439589
SPK,60.43,60.42,60.44,50000000.0,50000000.0,335,2026-02-04 12:39:16.439589
EEC,56.04,56.03,56.05,50000000.0,50000000.0,335,2026-02-04 12:39:16.439589
TGX,45.43,45.42,45.44,50000000.0,50000000.0,336,2026-02-04 12:39:17.472872
PHR,51.13,51.12,51.14,50000000.0,50000000.0,336,2026-02-04 12:39:17.472872
BYL,36.97,36.96,36.98,50000000.0,50000000.0,336,2026-02-04 12:39:17.472872
CLD,63.64,63.63,63.65,50000000.0,50000000.0,336,2026-02-04 12:39:17.472872
GGD,33.75,33.74,33.76,50000000.0,50000000.0,336,2026-02-04 12:39:17.472872
PNR,58.32,58.31,58.33,50000000.0,50000000.0,336,2026-02-04 12:39:17.472872
FSR,35.26,35.25,35.27,50000000.0,50000000.0,336,2026-02-04 12:39:17.472872
ATB,61.39,61.38,61.4,50000000.0,50000000.0,336,2026-02-04 12:39:17.472872
SPK,60.47,60.46,60.48,50000000.0,50000000.0,336,2026-02-04 12:39:17.472872
EEC,56.09,56.08,56.1,50000000.0,50000000.0,336,2026-02-04 12:39:17.472872
TGX,45.36,45.35,45.37,50000000.0,50000000.0,337,2026-02-04 12:39:18.506746
PHR,51.39,51.38,51.4,50000000.0,50000000.0,337,2026-02-04 12:39:18.506746
BYL,36.99,36.98,37.0,50000000.0,50000000.0,337,2026-02-04 12:39:18.506746
CLD,63.52,63.51,63.53,50000000.0,50000000.0,337,2026-02-04 12:39:18.506746
GGD,33.76,33.75,33.77,50000000.0,50000000.0,337,2026-02-04 12:39:18.506746
PNR,58.05,58.04,58.06,50000000.0,50000000.0,337,2026-02-04 12:39:18.506746
FSR,35.35,35.34,35.36,50000000.0,50000000.0,337,2026-02-04 12:39:18.506746
ATB,60.94,60.93,60.95,50000000.0,50000000.0,337,2026-02-04 12:39:18.506746
SPK,60.17,60.16,60.18,50000000.0,50000000.0,337,2026-02-04 12:39:18.506746
EEC,55.71,55.7,55.72,50000000.0,50000000.0,337,2026-02-04 12:39:18.506746
TGX,45.35,45.34,45.36,50000000.0,50000000.0,338,2026-02-04 12:39:19.543992
PHR,50.85,50.84,50.86,50000000.0,50000000.0,338,2026-02-04 12:39:19.543992
BYL,36.85,36.84,36.86,50000000.0,50000000.0,338,2026-02-04 12:39:19.543992
CLD,63.37,63.36,63.38,50000000.0,50000000.0,338,2026-02-04 12:39:19.543992
GGD,33.84,33.83,33.85,50000000.0,50000000.0,338,2026-02-04 12:39:19.543992
PNR,58.02,58.01,58.03,50000000.0,50000000.0,338,2026-02-04 12:39:19.543992
FSR,35.4,35.39,35.41,50000000.0,50000000.0,338,2026-02-04 12:39:19.543992
ATB,60.73,60.72,60.74,50000000.0,50000000.0,338,2026-02-04 12:39:19.543992
SPK,59.74,59.73,59.75,50000000.0,50000000.0,338,2026-02-04 12:39:19.543992
EEC,55.06,55.05,55.07,50000000.0,50000000.0,338,2026-02-04 12:39:19.543992
TGX,45.35,45.34,45.36,50000000.0,50000000.0,339,2026-02-04 12:39:20.584772
PHR,50.63,50.62,50.64,50000000.0,50000000.0,339,2026-02-04 12:39:20.584772
BYL,36.67,36.66,36.68,50000000.0,50000000.0,339,2026-02-04 12:39:20.584772
CLD,63.02,63.01,63.03,50000000.0,50000000.0,339,2026-02-04 12:39:20.584772
GGD,33.83,33.82,33.84,50000000.0,50000000.0,339,2026-02-04 12:39:20.584772
PNR,58.01,58.0,58.02,50000000.0,50000000.0,339,2026-02-04 12:39:20.584772
FSR,35.33,35.32,35.34,50000000.0,50000000.0,339,2026-02-04 12:39:20.584772
ATB,60.68,60.67,60.69,50000000.0,50000000.0,339,2026-02-04 12:39:20.584772
SPK,59.56,59.55,59.57,50000000.0,50000000.0,339,2026-02-04 12:39:20.584772
EEC,54.78,54.77,54.79,50000000.0,50000000.0,339,2026-02-04 12:39:20.584772
TGX,45.41,45.4,45.42,50000000.0,50000000.0,340,2026-02-04 12:39:21.615486
PHR,50.47,50.46,50.48,50000000.0,50000000.0,340,2026-02-04 12:39:21.615486
BYL,36.67,36.66,36.68,50000000.0,50000000.0,340,2026-02-04 12:39:21.615486
CLD,62.94,62.93,62.95,50000000.0,50000000.0,340,2026-02-04 12:39:21.615486
GGD,33.83,33.82,33.84,50000000.0,50000000.0,340,2026-02-04 12:39:21.615486
PNR,57.96,57.95,57.97,50000000.0,50000000.0,340,2026-02-04 12:39:21.615486
FSR,35.31,35.3,35.32,50000000.0,50000000.0,340,2026-02-04 12:39:21.615486
ATB,60.24,60.23,60.25,50000000.0,50000000.0,340,2026-02-04 12:39:21.615486
SPK,58.95,58.94,58.96,50000000.0,50000000.0,340,2026-02-04 12:39:21.615486
EEC,53.93,53.92,53.94,50000000.0,50000000.0,340,2026-02-04 12:39:21.615486
TGX,45.44,45.43,45.45,50000000.0,50000000.0,341,2026-02-04 12:39:22.642716
PHR,50.3,50.29,50.31,50000000.0,50000000.0,341,2026-02-04 12:39:22.642716
BYL,36.73,36.72,36.74,50000000.0,50000000.0,341,2026-02-04 12:39:22.642716
CLD,63.03,63.02,63.04,50000000.0,50000000.0,341,2026-02-04 12:39:22.642716
GGD,33.78,33.77,33.79,50000000.0,50000000.0,341,2026-02-04 12:39:22.642716
PNR,57.89,57.88,57.9,50000000.0,50000000.0,341,2026-02-04 12:39:22.642716
FSR,35.32,35.31,35.33,50000000.0,50000000.0,341,2026-02-04 12:39:22.642716
ATB,61.01,61.0,61.02,50000000.0,50000000.0,341,2026-02-04 12:39:22.642716
SPK,59.07,59.06,59.08,50000000.0,50000000.0,341,2026-02-04 12:39:22.642716
EEC,54.07,54.06,54.08,50000000.0,50000000.0,341,2026-02-04 12:39:22.642716
TGX,45.45,45.44,45.46,50000000.0,50000000.0,342,2026-02-04 12:39:23.677946
PHR,50.37,50.36,50.38,50000000.0,50000000.0,342,2026-02-04 12:39:23.677946
BYL,36.95,36.94,36.96,50000000.0,50000000.0,342,2026-02-04 12:39:23.677946
CLD,63.61,63.6,63.62,50000000.0,50000000.0,342,2026-02-04 12:39:23.677946
GGD,33.8,33.79,33.81,50000000.0,50000000.0,342,2026-02-04 12:39:23.677946
PNR,58.12,58.11,58.13,50000000.0,50000000.0,342,2026-02-04 12:39:23.677946
FSR,35.25,35.24,35.26,50000000.0,50000000.0,342,2026-02-04 12:39:23.677946
ATB,61.34,61.33,61.35,50000000.0,50000000.0,342,2026-02-04 12:39:23.677946
SPK,59.66,59.65,59.67,50000000.0,50000000.0,342,2026-02-04 12:39:23.677946
EEC,54.89,54.88,54.9,50000000.0,50000000.0,342,2026-02-04 12:39:23.677946
TGX,45.43,45.42,45.44,50000000.0,50000000.0,343,2026-02-04 12:39:24.709472
PHR,50.37,50.36,50.38,50000000.0,50000000.0,343,2026-02-04 12:39:24.709472
BYL,37.03,37.02,37.04,50000000.0,50000000.0,343,2026-02-04 12:39:24.709472
CLD,63.76,63.75,63.77,50000000.0,50000000.0,343,2026-02-04 12:39:24.709472
GGD,33.76,33.75,33.77,50000000.0,50000000.0,343,2026-02-04 12:39:24.709472
PNR,57.93,57.92,57.94,50000000.0,50000000.0,343,2026-02-04 12:39:24.709472
FSR,35.23,35.22,35.24,50000000.0,50000000.0,343,2026-02-04 12:39:24.709472
ATB,61.29,61.28,61.3,50000000.0,50000000.0,343,2026-02-04 12:39:24.709472
SPK,59.95,59.94,59.96,50000000.0,50000000.0,343,2026-02-04 12:39:24.709472
EEC,55.31,55.3,55.32,50000000.0,50000000.0,343,2026-02-04 12:39:24.709472
TGX,45.44,45.43,45.45,50000000.0,50000000.0,344,2026-02-04 12:39:25.739939
PHR,50.0,49.99,50.01,50000000.0,50000000.0,344,2026-02-04 12:39:25.739939
BYL,36.82,36.81,36.83,50000000.0,50000000.0,344,2026-02-04 12:39:25.739939
CLD,63.26,63.25,63.27,50000000.0,50000000.0,344,2026-02-04 12:39:25.739939
GGD,33.79,33.78,33.8,50000000.0,50000000.0,344,2026-02-04 12:39:25.739939
PNR,57.76,57.75,57.77,50000000.0,50000000.0,344,2026-02-04 12:39:25.739939
FSR,35.27,35.26,35.28,50000000.0,50000000.0,344,2026-02-04 12:39:25.739939
ATB,61.21,61.2,61.22,50000000.0,50000000.0,344,2026-02-04 12:39:25.739939
SPK,60.03,60.02,60.04,50000000.0,50000000.0,344,2026-02-04 12:39:25.739939
EEC,55.45,55.44,55.46,50000000.0,50000000.0,344,2026-02-04 12:39:25.739939
TGX,45.4,45.39,45.41,50000000.0,50000000.0,345,2026-02-04 12:39:26.781023
PHR,49.91,49.9,49.92,50000000.0,50000000.0,345,2026-02-04 12:39:26.781023
BYL,36.64,36.63,36.65,50000000.0,50000000.0,345,2026-02-04 12:39:26.781023
CLD,62.87,62.86,62.88,50000000.0,50000000.0,345,2026-02-04 12:39:26.781023
GGD,33.82,33.81,33.83,50000000.0,50000000.0,345,2026-02-04 12:39:26.781023
PNR,57.68,57.67,57.69,50000000.0,50000000.0,345,2026-02-04 12:39:26.781023
FSR,35.23,35.22,35.24,50000000.0,50000000.0,345,2026-02-04 12:39:26.781023
ATB,60.93,60.92,60.94,50000000.0,50000000.0,345,2026-02-04 12:39:26.781023
SPK,59.75,59.74,59.76,50000000.0,50000000.0,345,2026-02-04 12:39:26.781023
EEC,55.06,55.05,55.07,50000000.0,50000000.0,345,2026-02-04 12:39:26.781023
TGX,45.36,45.35,45.37,50000000.0,50000000.0,346,2026-02-04 12:39:27.814060
PHR,50.09,50.08,50.1,50000000.0,50000000.0,346,2026-02-04 12:39:27.814060
BYL,36.25,36.24,36.26,50000000.0,50000000.0,346,2026-02-04 12:39:27.814060
CLD,62.1,62.09,62.11,50000000.0,50000000.0,346,2026-02-04 12:39:27.814060
GGD,33.78,33.77,33.79,50000000.0,50000000.0,346,2026-02-04 12:39:27.814060
PNR,57.69,57.68,57.7,50000000.0,50000000.0,346,2026-02-04 12:39:27.814060
FSR,35.15,35.14,35.16,50000000.0,50000000.0,346,2026-02-04 12:39:27.814060
ATB,61.14,61.13,61.15,50000000.0,50000000.0,346,2026-02-04 12:39:27.814060
SPK,59.56,59.55,59.57,50000000.0,50000000.0,346,2026-02-04 12:39:27.814060
EEC,54.83,54.82,54.84,50000000.0,50000000.0,346,2026-02-04 12:39:27.814060
TGX,45.4,45.39,45.41,50000000.0,50000000.0,347,2026-02-04 12:39:28.349530
PHR,50.02,50.01,50.03,50000000.0,50000000.0,347,2026-02-04 12:39:28.349530
BYL,36.28,36.27,36.29,50000000.0,50000000.0,347,2026-02-04 12:39:28.349530
CLD,62.22,62.21,62.23,50000000.0,50000000.0,347,2026-02-04 12:39:28.349530
GGD,33.71,33.7,33.72,50000000.0,50000000.0,347,2026-02-04 12:39:28.349530
PNR,57.71,57.7,57.72,50000000.0,50000000.0,347,2026-02-04 12:39:28.349530
FSR,35.15,35.14,35.16,50000000.0,50000000.0,347,2026-02-04 12:39:28.349530
ATB,61.74,61.73,61.75,50000000.0,50000000.0,347,2026-02-04 12:39:28.349530
SPK,58.58,58.57,58.59,50000000.0,50000000.0,347,2026-02-04 12:39:28.349530
EEC,53.48,53.47,53.49,50000000.0,50000000.0,347,2026-02-04 12:39:28.349530
TGX,45.35,45.34,45.36,50000000.0,50000000.0,348,2026-02-04 12:39:29.379187
PHR,49.95,49.94,49.96,50000000.0,50000000.0,348,2026-02-04 12:39:29.379187
BYL,36.25,36.24,36.26,50000000.0,50000000.0,348,2026-02-04 12:39:29.379187
CLD,62.23,62.22,62.24,50000000.0,50000000.0,348,2026-02-04 12:39:29.379187
GGD,33.64,33.63,33.65,50000000.0,50000000.0,348,2026-02-04 12:39:29.379187
PNR,57.56,57.55,57.57,50000000.0,50000000.0,348,2026-02-04 12:39:29.379187
FSR,35.15,35.14,35.16,50000000.0,50000000.0,348,2026-02-04 12:39:29.379187
ATB,62.27,62.26,62.28,50000000.0,50000000.0,348,2026-02-04 12:39:29.379187
SPK,58.88,58.87,58.89,50000000.0,50000000.0,348,2026-02-04 12:39:29.379187
EEC,53.86,53.85,53.87,50000000.0,50000000.0,348,2026-02-04 12:39:29.379187
TGX,45.38,45.37,45.39,50000000.0,50000000.0,349,2026-02-04 12:39:30.413895
PHR,49.93,49.92,49.94,50000000.0,50000000.0,349,2026-02-04 12:39:30.413895
BYL,36.1,36.09,36.11,50000000.0,50000000.0,349,2026-02-04 12:39:30.413895
CLD,61.91,61.9,61.92,50000000.0,50000000.0,349,2026-02-04 12:39:30.413895
GGD,33.59,33.58,33.6,50000000.0,50000000.0,349,2026-02-04 12:39:30.413895
PNR,57.69,57.68,57.7,50000000.0,50000000.0,349,2026-02-04 12:39:30.413895
FSR,35.12,35.11,35.13,50000000.0,50000000.0,349,2026-02-04 12:39:30.413895
ATB,62.08,62.07,62.09,50000000.0,50000000.0,349,2026-02-04 12:39:30.413895
SPK,58.17,58.16,58.18,50000000.0,50000000.0,349,2026-02-04 12:39:30.413895
EEC,52.93,52.92,52.94,50000000.0,50000000.0,349,2026-02-04 12:39:30.413895
TGX,45.37,45.36,45.38,50000000.0,50000000.0,350,2026-02-04 12:39:31.452332
PHR,49.74,49.73,49.75,50000000.0,50000000.0,350,2026-02-04 12:39:31.452332
BYL,36.03,36.02,36.04,50000000.0,50000000.0,350,2026-02-04 12:39:31.452332
CLD,61.55,61.54,61.56,50000000.0,50000000.0,350,2026-02-04 12:39:31.452332
GGD,33.67,33.66,33.68,50000000.0,50000000.0,350,2026-02-04 12:39:31.452332
PNR,57.64,57.63,57.65,50000000.0,50000000.0,350,2026-02-04 12:39:31.452332
FSR,35.19,35.18,35.2,50000000.0,50000000.0,350,2026-02-04 12:39:31.452332
ATB,63.1,63.09,63.11,50000000.0,50000000.0,350,2026-02-04 12:39:31.452332
SPK,58.25,58.24,58.26,50000000.0,50000000.0,350,2026-02-04 12:39:31.452332
EEC,53.11,53.1,53.12,50000000.0,50000000.0,350,2026-02-04 12:39:31.452332
TGX,45.36,45.35,45.37,50000000.0,50000000.0,351,2026-02-04 12:39:32.488660
PHR,50.34,50.33,50.35,50000000.0,50000000.0,351,2026-02-04 12:39:32.488660
BYL,35.88,35.87,35.89,50000000.0,50000000.0,351,2026-02-04 12:39:32.488660
CLD,61.1,61.09,61.11,50000000.0,50000000.0,351,2026-02-04 12:39:32.488660
GGD,33.75,33.74,33.76,50000000.0,50000000.0,351,2026-02-04 12:39:32.488660
PNR,57.74,57.73,57.75,50000000.0,50000000.0,351,2026-02-04 12:39:32.488660
FSR,35.23,35.22,35.24,50000000.0,50000000.0,351,2026-02-04 12:39:32.488660
ATB,62.49,62.48,62.5,50000000.0,50000000.0,351,2026-02-04 12:39:32.488660
SPK,57.93,57.92,57.94,50000000.0,50000000.0,351,2026-02-04 12:39:32.488660
EEC,52.71,52.7,52.72,50000000.0,50000000.0,351,2026-02-04 12:39:32.488660
TGX,45.34,45.33,45.35,50000000.0,50000000.0,352,2026-02-04 12:39:33.524883
PHR,49.92,49.91,49.93,50000000.0,50000000.0,352,2026-02-04 12:39:33.524883
BYL,35.93,35.92,35.94,50000000.0,50000000.0,352,2026-02-04 12:39:33.524883
CLD,61.35,61.34,61.36,50000000.0,50000000.0,352,2026-02-04 12:39:33.524883
GGD,33.71,33.7,33.72,50000000.0,50000000.0,352,2026-02-04 12:39:33.524883
PNR,57.74,57.73,57.75,50000000.0,50000000.0,352,2026-02-04 12:39:33.524883
FSR,35.34,35.33,35.35,50000000.0,50000000.0,352,2026-02-04 12:39:33.524883
ATB,61.92,61.91,61.93,50000000.0,50000000.0,352,2026-02-04 12:39:33.524883
SPK,58.04,58.03,58.05,50000000.0,50000000.0,352,2026-02-04 12:39:33.524883
EEC,52.78,52.77,52.79,50000000.0,50000000.0,352,2026-02-04 12:39:33.524883
TGX,45.27,45.26,45.28,50000000.0,50000000.0,353,2026-02-04 12:39:34.566503
PHR,49.6,49.59,49.61,50000000.0,50000000.0,353,2026-02-04 12:39:34.566503
BYL,35.95,35.94,35.96,50000000.0,50000000.0,353,2026-02-04 12:39:34.566503
CLD,61.47,61.46,61.48,50000000.0,50000000.0,353,2026-02-04 12:39:34.566503
GGD,33.75,33.74,33.76,50000000.0,50000000.0,353,2026-02-04 12:39:34.566503
PNR,57.69,57.68,57.7,50000000.0,50000000.0,353,2026-02-04 12:39:34.566503
FSR,35.34,35.33,35.35,50000000.0,50000000.0,353,2026-02-04 12:39:34.566503
ATB,61.79,61.78,61.8,50000000.0,50000000.0,353,2026-02-04 12:39:34.566503
SPK,57.83,57.82,57.84,50000000.0,50000000.0,353,2026-02-04 12:39:34.566503
EEC,52.58,52.57,52.59,50000000.0,50000000.0,353,2026-02-04 12:39:34.566503
TGX,45.28,45.27,45.29,50000000.0,50000000.0,354,2026-02-04 12:39:35.612637
PHR,49.52,49.51,49.53,50000000.0,50000000.0,354,2026-02-04 12:39:35.612637
BYL,35.97,35.96,35.98,50000000.0,50000000.0,354,2026-02-04 12:39:35.612637
CLD,61.53,61.52,61.54,50000000.0,50000000.0,354,2026-02-04 12:39:35.612637
GGD,33.82,33.81,33.83,50000000.0,50000000.0,354,2026-02-04 12:39:35.612637
PNR,57.91,57.9,57.92,50000000.0,50000000.0,354,2026-02-04 12:39:35.612637
FSR,35.31,35.3,35.32,50000000.0,50000000.0,354,2026-02-04 12:39:35.612637
ATB,61.54,61.53,61.55,50000000.0,50000000.0,354,2026-02-04 12:39:35.612637
SPK,57.61,57.6,57.62,50000000.0,50000000.0,354,2026-02-04 12:39:35.612637
EEC,52.35,52.34,52.36,50000000.0,50000000.0,354,2026-02-04 12:39:35.612637
TGX,45.28,45.27,45.29,50000000.0,50000000.0,355,2026-02-04 12:39:36.658276
PHR,49.58,49.57,49.59,50000000.0,50000000.0,355,2026-02-04 12:39:36.658276
BYL,36.02,36.01,36.03,50000000.0,50000000.0,355,2026-02-04 12:39:36.658276
CLD,61.52,61.51,61.53,50000000.0,50000000.0,355,2026-02-04 12:39:36.658276
GGD,33.84,33.83,33.85,50000000.0,50000000.0,355,2026-02-04 12:39:36.658276
PNR,57.88,57.87,57.89,50000000.0,50000000.0,355,2026-02-04 12:39:36.658276
FSR,35.4,35.39,35.41,50000000.0,50000000.0,355,2026-02-04 12:39:36.658276
ATB,62.01,62.0,62.02,50000000.0,50000000.0,355,2026-02-04 12:39:36.658276
SPK,57.36,57.35,57.37,50000000.0,50000000.0,355,2026-02-04 12:39:36.658276
EEC,52.0,51.99,52.01,50000000.0,50000000.0,355,2026-02-04 12:39:36.658276
TGX,45.31,45.3,45.32,50000000.0,50000000.0,356,2026-02-04 12:39:37.716751
PHR,48.97,48.96,48.98,50000000.0,50000000.0,356,2026-02-04 12:39:37.716751
BYL,35.71,35.7,35.72,50000000.0,50000000.0,356,2026-02-04 12:39:37.716751
CLD,60.74,60.73,60.75,50000000.0,50000000.0,356,2026-02-04 12:39:37.716751
GGD,33.85,33.84,33.86,50000000.0,50000000.0,356,2026-02-04 12:39:37.716751
PNR,57.83,57.82,57.84,50000000.0,50000000.0,356,2026-02-04 12:39:37.716751
FSR,35.34,35.33,35.35,50000000.0,50000000.0,356,2026-02-04 12:39:37.716751
ATB,61.89,61.88,61.9,50000000.0,50000000.0,356,2026-02-04 12:39:37.716751
SPK,57.15,57.14,57.16,50000000.0,50000000.0,356,2026-02-04 12:39:37.716751
EEC,51.73,51.72,51.74,50000000.0,50000000.0,356,2026-02-04 12:39:37.716751
TGX,45.34,45.33,45.35,50000000.0,50000000.0,357,2026-02-04 12:39:38.755949
PHR,48.94,48.93,48.95,50000000.0,50000000.0,357,2026-02-04 12:39:38.755949
BYL,35.64,35.63,35.65,50000000.0,50000000.0,357,2026-02-04 12:39:38.755949
CLD,60.7,60.69,60.71,50000000.0,50000000.0,357,2026-02-04 12:39:38.755949
GGD,33.8,33.79,33.81,50000000.0,50000000.0,357,2026-02-04 12:39:38.755949
PNR,57.9,57.89,57.91,50000000.0,50000000.0,357,2026-02-04 12:39:38.755949
FSR,35.28,35.27,35.29,50000000.0,50000000.0,357,2026-02-04 12:39:38.755949
ATB,61.32,61.31,61.33,50000000.0,50000000.0,357,2026-02-04 12:39:38.755949
SPK,56.94,56.93,56.95,50000000.0,50000000.0,357,2026-02-04 12:39:38.755949
EEC,51.45,51.44,51.46,50000000.0,50000000.0,357,2026-02-04 12:39:38.755949
TGX,45.35,45.34,45.36,50000000.0,50000000.0,358,2026-02-04 12:39:39.798823,31.0,1.0,357.0,D4-FSR/ATB,Unusual Institutional Trading Activity Observed in FSR,"Market data providers have flagged elevated block trading activity in FinSure shares over the past several sessions, with several large institutional orders executed through dark pools. The direction and motivation behind the flows remain unclear, with some observers attributing them to merger arbitrage fund repositioning and others speculating about potential changes in institutional voting intentions ahead of the shareholder meeting."
PHR,48.78,48.77,48.79,50000000.0,50000000.0,358,2026-02-04 12:39:39.798823,,,,,,
BYL,35.64,35.63,35.65,50000000.0,50000000.0,358,2026-02-04 12:39:39.798823,,,,,,
CLD,60.68,60.67,60.69,50000000.0,50000000.0,358,2026-02-04 12:39:39.798823,,,,,,
GGD,33.85,33.84,33.86,50000000.0,50000000.0,358,2026-02-04 12:39:39.798823,,,,,,
PNR,58.08,58.07,58.09,50000000.0,50000000.0,358,2026-02-04 12:39:39.798823,,,,,,
FSR,35.33,35.32,35.34,50000000.0,50000000.0,358,2026-02-04 12:39:39.798823,,,,,,
ATB,61.36,61.35,61.37,50000000.0,50000000.0,358,2026-02-04 12:39:39.798823,,,,,,
SPK,56.65,56.64,56.66,50000000.0,50000000.0,358,2026-02-04 12:39:39.798823,,,,,,
EEC,51.02,51.01,51.03,50000000.0,50000000.0,358,2026-02-04 12:39:39.798823,,,,,,
TGX,45.3,45.29,45.31,50000000.0,50000000.0,359,2026-02-04 12:39:40.839091,32.0,1.0,358.0,D4-FSR/ATB,Shareholder Derivative Suit Filed,Derivative lawsuit filed in Delaware alleging board breached fiduciary duties in sales process.
PHR,49.06,49.05,49.07,50000000.0,50000000.0,359,2026-02-04 12:39:40.839091,,,,,,
BYL,35.52,35.51,35.53,50000000.0,50000000.0,359,2026-02-04 12:39:40.839091,,,,,,
CLD,60.38,60.37,60.39,50000000.0,50000000.0,359,2026-02-04 12:39:40.839091,,,,,,
GGD,33.91,33.9,33.92,50000000.0,50000000.0,359,2026-02-04 12:39:40.839091,,,,,,
PNR,58.08,58.07,58.09,50000000.0,50000000.0,359,2026-02-04 12:39:40.839091,,,,,,
FSR,35.28,35.27,35.29,50000000.0,50000000.0,359,2026-02-04 12:39:40.839091,,,,,,
ATB,61.47,61.46,61.48,50000000.0,50000000.0,359,2026-02-04 12:39:40.839091,,,,,,
SPK,56.64,56.63,56.65,50000000.0,50000000.0,359,2026-02-04 12:39:40.839091,,,,,,
EEC,51.06,51.05,51.07,50000000.0,50000000.0,359,2026-02-04 12:39:40.839091,,,,,,
TGX,45.29,45.28,45.3,50000000.0,50000000.0,360,2026-02-04 12:39:41.881555,35.0,1.0,359.0,ALL,Central Bank Announces Enhanced Liquidity Facilities,"The Federal Reserve has announced an expansion of its standing liquidity facilities, providing additional backstop capacity to the banking system and broader credit markets. The announcement has been interpreted as a signal that policymakers remain committed to orderly market functioning and will act to prevent credit market disruptions from impeding economic activity. Deal financing conditions have improved modestly, with committed credit facility margins tightening in secondary trading. Banking sector transactions benefit most directly from the reduced systemic risk perception, while all leveraged transactions see improved financing certainty."
PHR,49.39,49.38,49.4,50000000.0,50000000.0,360,2026-02-04 12:39:41.881555,34.0,1.0,359.0,D3-GGD/PNR,Credit Facility Amendment Negotiated,Successfully negotiates amendment to credit agreement providing additional financial flexibility.
BYL,35.43,35.42,35.44,50000000.0,50000000.0,360,2026-02-04 12:39:41.881555,33.0,1.0,359.0,D1-TGX/PHR,TGX Receives Unsolicited Inquiry,Targenix discloses in an SEC filing that it has received an unsolicited non-binding inquiry from an unnamed party regarding a potential acquisition.
CLD,59.9,59.89,59.91,50000000.0,50000000.0,360,2026-02-04 12:39:41.881555,,,,,,
GGD,33.93,33.92,33.94,50000000.0,50000000.0,360,2026-02-04 12:39:41.881555,,,,,,
PNR,58.11,58.1,58.12,50000000.0,50000000.0,360,2026-02-04 12:39:41.881555,,,,,,
FSR,35.23,35.22,35.24,50000000.0,50000000.0,360,2026-02-04 12:39:41.881555,,,,,,
ATB,61.04,61.03,61.05,50000000.0,50000000.0,360,2026-02-04 12:39:41.881555,,,,,,
SPK,56.93,56.92,56.94,50000000.0,50000000.0,360,2026-02-04 12:39:41.881555,,,,,,
EEC,51.46,51.45,51.47,50000000.0,50000000.0,360,2026-02-04 12:39:41.881555,,,,,,
TGX,45.34,45.33,45.35,50000000.0,50000000.0,361,2026-02-04 12:39:42.920175
PHR,49.23,49.22,49.24,50000000.0,50000000.0,361,2026-02-04 12:39:42.920175
BYL,35.22,35.21,35.23,50000000.0,50000000.0,361,2026-02-04 12:39:42.920175
CLD,59.19,59.18,59.2,50000000.0,50000000.0,361,2026-02-04 12:39:42.920175
GGD,33.97,33.96,33.98,50000000.0,50000000.0,361,2026-02-04 12:39:42.920175
PNR,58.23,58.22,58.24,50000000.0,50000000.0,361,2026-02-04 12:39:42.920175
FSR,35.18,35.17,35.19,50000000.0,50000000.0,361,2026-02-04 12:39:42.920175
ATB,61.19,61.18,61.2,50000000.0,50000000.0,361,2026-02-04 12:39:42.920175
SPK,56.7,56.69,56.71,50000000.0,50000000.0,361,2026-02-04 12:39:42.920175
EEC,51.07,51.06,51.08,50000000.0,50000000.0,361,2026-02-04 12:39:42.920175
TGX,45.28,45.27,45.29,50000000.0,50000000.0,362,2026-02-04 12:39:43.452216
PHR,48.87,48.86,48.88,50000000.0,50000000.0,362,2026-02-04 12:39:43.452216
BYL,35.11,35.1,35.12,50000000.0,50000000.0,362,2026-02-04 12:39:43.452216
CLD,58.93,58.92,58.94,50000000.0,50000000.0,362,2026-02-04 12:39:43.452216
GGD,34.07,34.06,34.08,50000000.0,50000000.0,362,2026-02-04 12:39:43.452216
PNR,57.99,57.98,58.0,50000000.0,50000000.0,362,2026-02-04 12:39:43.452216
FSR,35.12,35.11,35.13,50000000.0,50000000.0,362,2026-02-04 12:39:43.452216
ATB,61.21,61.2,61.22,50000000.0,50000000.0,362,2026-02-04 12:39:43.452216
SPK,56.39,56.38,56.4,50000000.0,50000000.0,362,2026-02-04 12:39:43.452216
EEC,50.63,50.62,50.64,50000000.0,50000000.0,362,2026-02-04 12:39:43.452216
TGX,45.34,45.33,45.35,50000000.0,50000000.0,363,2026-02-04 12:39:44.492450
PHR,49.12,49.11,49.13,50000000.0,50000000.0,363,2026-02-04 12:39:44.492450
BYL,35.25,35.24,35.26,50000000.0,50000000.0,363,2026-02-04 12:39:44.492450
CLD,58.96,58.95,58.97,50000000.0,50000000.0,363,2026-02-04 12:39:44.492450
GGD,34.06,34.05,34.07,50000000.0,50000000.0,363,2026-02-04 12:39:44.492450
PNR,57.95,57.94,57.96,50000000.0,50000000.0,363,2026-02-04 12:39:44.492450
FSR,35.1,35.09,35.11,50000000.0,50000000.0,363,2026-02-04 12:39:44.492450
ATB,60.7,60.69,60.71,50000000.0,50000000.0,363,2026-02-04 12:39:44.492450
SPK,56.9,56.89,56.91,50000000.0,50000000.0,363,2026-02-04 12:39:44.492450
EEC,51.32,51.31,51.33,50000000.0,50000000.0,363,2026-02-04 12:39:44.492450
TGX,45.38,45.37,45.39,50000000.0,50000000.0,364,2026-02-04 12:39:45.537289,37.0,1.0,363.0,D5-SPK/EEC,Closed-Door Meeting Between Transaction Principals Reported,"Sources indicate that senior executives from SolarPeak and EastEnergy held an unscheduled closed-door meeting to discuss matters related to the pending transaction. The meeting's agenda has not been disclosed, and representatives from both companies declined to comment. Such meetings can address a range of topics from integration planning to renegotiation of terms, and market participants are monitoring subsequent regulatory filings for indications of any changes to the deal structure or timeline."
PHR,49.04,49.03,49.05,50000000.0,50000000.0,364,2026-02-04 12:39:45.537289,36.0,1.0,363.0,D1-TGX/PHR,Congressional Hearing Announced,"The Senate Judiciary Committee announces hearings on pharmaceutical consolidation, specifically naming this transaction as a case study. Companies asked to testify."
BYL,35.08,35.07,35.09,50000000.0,50000000.0,364,2026-02-04 12:39:45.537289,,,,,,
CLD,58.32,58.31,58.33,50000000.0,50000000.0,364,2026-02-04 12:39:45.537289,,,,,,
GGD,34.06,34.05,34.07,50000000.0,50000000.0,364,2026-02-04 12:39:45.537289,,,,,,
PNR,57.87,57.86,57.88,50000000.0,50000000.0,364,2026-02-04 12:39:45.537289,,,,,,
FSR,35.12,35.11,35.13,50000000.0,50000000.0,364,2026-02-04 12:39:45.537289,,,,,,
ATB,61.46,61.45,61.47,50000000.0,50000000.0,364,2026-02-04 12:39:45.537289,,,,,,
SPK,56.62,56.61,56.63,50000000.0,50000000.0,364,2026-02-04 12:39:45.537289,,,,,,
EEC,50.99,50.98,51.0,50000000.0,50000000.0,364,2026-02-04 12:39:45.537289,,,,,,
TGX,45.36,45.35,45.37,50000000.0,50000000.0,365,2026-02-04 12:39:46.582496
PHR,49.0,48.99,49.01,50000000.0,50000000.0,365,2026-02-04 12:39:46.582496
BYL,35.13,35.12,35.14,50000000.0,50000000.0,365,2026-02-04 12:39:46.582496
CLD,58.45,58.44,58.46,50000000.0,50000000.0,365,2026-02-04 12:39:46.582496
GGD,33.99,33.98,34.0,50000000.0,50000000.0,365,2026-02-04 12:39:46.582496
PNR,57.97,57.96,57.98,50000000.0,50000000.0,365,2026-02-04 12:39:46.582496
FSR,35.12,35.11,35.13,50000000.0,50000000.0,365,2026-02-04 12:39:46.582496
ATB,61.34,61.33,61.35,50000000.0,50000000.0,365,2026-02-04 12:39:46.582496
SPK,56.64,56.63,56.65,50000000.0,50000000.0,365,2026-02-04 12:39:46.582496
EEC,50.99,50.98,51.0,50000000.0,50000000.0,365,2026-02-04 12:39:46.582496
TGX,45.37,45.36,45.38,50000000.0,50000000.0,366,2026-02-04 12:39:47.633621
PHR,49.24,49.23,49.25,50000000.0,50000000.0,366,2026-02-04 12:39:47.633621
BYL,34.96,34.95,34.97,50000000.0,50000000.0,366,2026-02-04 12:39:47.633621
CLD,58.12,58.11,58.13,50000000.0,50000000.0,366,2026-02-04 12:39:47.633621
GGD,33.93,33.92,33.94,50000000.0,50000000.0,366,2026-02-04 12:39:47.633621
PNR,57.83,57.82,57.84,50000000.0,50000000.0,366,2026-02-04 12:39:47.633621
FSR,35.23,35.22,35.24,50000000.0,50000000.0,366,2026-02-04 12:39:47.633621
ATB,61.62,61.61,61.63,50000000.0,50000000.0,366,2026-02-04 12:39:47.633621
SPK,56.71,56.7,56.72,50000000.0,50000000.0,366,2026-02-04 12:39:47.633621
EEC,51.12,51.11,51.13,50000000.0,50000000.0,366,2026-02-04 12:39:47.633621
TGX,45.37,45.36,45.38,50000000.0,50000000.0,367,2026-02-04 12:39:48.673018
PHR,49.57,49.56,49.58,50000000.0,50000000.0,367,2026-02-04 12:39:48.673018
BYL,35.19,35.18,35.2,50000000.0,50000000.0,367,2026-02-04 12:39:48.673018
CLD,58.71,58.7,58.72,50000000.0,50000000.0,367,2026-02-04 12:39:48.673018
GGD,34.0,33.99,34.01,50000000.0,50000000.0,367,2026-02-04 12:39:48.673018
PNR,57.83,57.82,57.84,50000000.0,50000000.0,367,2026-02-04 12:39:48.673018
FSR,35.24,35.23,35.25,50000000.0,50000000.0,367,2026-02-04 12:39:48.673018
ATB,61.66,61.65,61.67,50000000.0,50000000.0,367,2026-02-04 12:39:48.673018
SPK,56.35,56.34,56.36,50000000.0,50000000.0,367,2026-02-04 12:39:48.673018
EEC,50.68,50.67,50.69,50000000.0,50000000.0,367,2026-02-04 12:39:48.673018
TGX,45.36,45.35,45.37,50000000.0,50000000.0,368,2026-02-04 12:39:49.709384
PHR,49.28,49.27,49.29,50000000.0,50000000.0,368,2026-02-04 12:39:49.709384
BYL,35.1,35.09,35.11,50000000.0,50000000.0,368,2026-02-04 12:39:49.709384
CLD,58.48,58.47,58.49,50000000.0,50000000.0,368,2026-02-04 12:39:49.709384
GGD,33.96,33.95,33.97,50000000.0,50000000.0,368,2026-02-04 12:39:49.709384
PNR,57.84,57.83,57.85,50000000.0,50000000.0,368,2026-02-04 12:39:49.709384
FSR,35.2,35.19,35.21,50000000.0,50000000.0,368,2026-02-04 12:39:49.709384
ATB,62.15,62.14,62.16,50000000.0,50000000.0,368,2026-02-04 12:39:49.709384
SPK,56.04,56.03,56.05,50000000.0,50000000.0,368,2026-02-04 12:39:49.709384
EEC,50.26,50.25,50.27,50000000.0,50000000.0,368,2026-02-04 12:39:49.709384
TGX,45.35,45.34,45.36,50000000.0,50000000.0,369,2026-02-04 12:39:50.748362
PHR,49.24,49.23,49.25,50000000.0,50000000.0,369,2026-02-04 12:39:50.748362
BYL,34.99,34.98,35.0,50000000.0,50000000.0,369,2026-02-04 12:39:50.748362
CLD,58.24,58.23,58.25,50000000.0,50000000.0,369,2026-02-04 12:39:50.748362
GGD,33.88,33.87,33.89,50000000.0,50000000.0,369,2026-02-04 12:39:50.748362
PNR,57.68,57.67,57.69,50000000.0,50000000.0,369,2026-02-04 12:39:50.748362
FSR,35.16,35.15,35.17,50000000.0,50000000.0,369,2026-02-04 12:39:50.748362
ATB,62.13,62.12,62.14,50000000.0,50000000.0,369,2026-02-04 12:39:50.748362
SPK,56.09,56.08,56.1,50000000.0,50000000.0,369,2026-02-04 12:39:50.748362
EEC,50.3,50.29,50.31,50000000.0,50000000.0,369,2026-02-04 12:39:50.748362
TGX,45.34,45.33,45.35,50000000.0,50000000.0,370,2026-02-04 12:39:51.784069
PHR,49.11,49.1,49.12,50000000.0,50000000.0,370,2026-02-04 12:39:51.784069
BYL,34.72,34.71,34.73,50000000.0,50000000.0,370,2026-02-04 12:39:51.784069
CLD,57.53,57.52,57.54,50000000.0,50000000.0,370,2026-02-04 12:39:51.784069
GGD,33.89,33.88,33.9,50000000.0,50000000.0,370,2026-02-04 12:39:51.784069
PNR,57.55,57.54,57.56,50000000.0,50000000.0,370,2026-02-04 12:39:51.784069
FSR,35.11,35.1,35.12,50000000.0,50000000.0,370,2026-02-04 12:39:51.784069
ATB,62.27,62.26,62.28,50000000.0,50000000.0,370,2026-02-04 12:39:51.784069
SPK,56.41,56.4,56.42,50000000.0,50000000.0,370,2026-02-04 12:39:51.784069
EEC,50.76,50.75,50.77,50000000.0,50000000.0,370,2026-02-04 12:39:51.784069
TGX,45.35,45.34,45.36,50000000.0,50000000.0,371,2026-02-04 12:39:52.832030
PHR,48.7,48.69,48.71,50000000.0,50000000.0,371,2026-02-04 12:39:52.832030
BYL,34.79,34.78,34.8,50000000.0,50000000.0,371,2026-02-04 12:39:52.832030
CLD,57.67,57.66,57.68,50000000.0,50000000.0,371,2026-02-04 12:39:52.832030
GGD,33.86,33.85,33.87,50000000.0,50000000.0,371,2026-02-04 12:39:52.832030
PNR,57.71,57.7,57.72,50000000.0,50000000.0,371,2026-02-04 12:39:52.832030
FSR,35.07,35.06,35.08,50000000.0,50000000.0,371,2026-02-04 12:39:52.832030
ATB,62.38,62.37,62.39,50000000.0,50000000.0,371,2026-02-04 12:39:52.832030
SPK,56.73,56.72,56.74,50000000.0,50000000.0,371,2026-02-04 12:39:52.832030
EEC,51.14,51.13,51.15,50000000.0,50000000.0,371,2026-02-04 12:39:52.832030
TGX,45.32,45.31,45.33,50000000.0,50000000.0,372,2026-02-04 12:39:53.859894
PHR,48.86,48.85,48.87,50000000.0,50000000.0,372,2026-02-04 12:39:53.859894
BYL,34.53,34.52,34.54,50000000.0,50000000.0,372,2026-02-04 12:39:53.859894
CLD,57.22,57.21,57.23,50000000.0,50000000.0,372,2026-02-04 12:39:53.859894
GGD,33.83,33.82,33.84,50000000.0,50000000.0,372,2026-02-04 12:39:53.859894
PNR,57.7,57.69,57.71,50000000.0,50000000.0,372,2026-02-04 12:39:53.859894
FSR,35.09,35.08,35.1,50000000.0,50000000.0,372,2026-02-04 12:39:53.859894
ATB,62.23,62.22,62.24,50000000.0,50000000.0,372,2026-02-04 12:39:53.859894
SPK,56.93,56.92,56.94,50000000.0,50000000.0,372,2026-02-04 12:39:53.859894
EEC,51.4,51.39,51.41,50000000.0,50000000.0,372,2026-02-04 12:39:53.859894
TGX,45.33,45.32,45.34,50000000.0,50000000.0,373,2026-02-04 12:39:54.891348
PHR,48.76,48.75,48.77,50000000.0,50000000.0,373,2026-02-04 12:39:54.891348
BYL,34.46,34.45,34.47,50000000.0,50000000.0,373,2026-02-04 12:39:54.891348
CLD,57.18,57.17,57.19,50000000.0,50000000.0,373,2026-02-04 12:39:54.891348
GGD,33.9,33.89,33.91,50000000.0,50000000.0,373,2026-02-04 12:39:54.891348
PNR,58.14,58.13,58.15,50000000.0,50000000.0,373,2026-02-04 12:39:54.891348
FSR,35.02,35.01,35.03,50000000.0,50000000.0,373,2026-02-04 12:39:54.891348
ATB,62.38,62.37,62.39,50000000.0,50000000.0,373,2026-02-04 12:39:54.891348
SPK,57.2,57.19,57.21,50000000.0,50000000.0,373,2026-02-04 12:39:54.891348
EEC,51.74,51.73,51.75,50000000.0,50000000.0,373,2026-02-04 12:39:54.891348
TGX,45.36,45.35,45.37,50000000.0,50000000.0,374,2026-02-04 12:39:55.951655
PHR,48.85,48.84,48.86,50000000.0,50000000.0,374,2026-02-04 12:39:55.951655
BYL,34.37,34.36,34.38,50000000.0,50000000.0,374,2026-02-04 12:39:55.951655
CLD,57.11,57.1,57.12,50000000.0,50000000.0,374,2026-02-04 12:39:55.951655
GGD,33.94,33.93,33.95,50000000.0,50000000.0,374,2026-02-04 12:39:55.951655
PNR,58.04,58.03,58.05,50000000.0,50000000.0,374,2026-02-04 12:39:55.951655
FSR,35.04,35.03,35.05,50000000.0,50000000.0,374,2026-02-04 12:39:55.951655
ATB,61.8,61.79,61.81,50000000.0,50000000.0,374,2026-02-04 12:39:55.951655
SPK,57.17,57.16,57.18,50000000.0,50000000.0,374,2026-02-04 12:39:55.951655
EEC,51.72,51.71,51.73,50000000.0,50000000.0,374,2026-02-04 12:39:55.951655
TGX,45.36,45.35,45.37,50000000.0,50000000.0,375,2026-02-04 12:39:57.001464
PHR,49.33,49.32,49.34,50000000.0,50000000.0,375,2026-02-04 12:39:57.001464
BYL,34.57,34.56,34.58,50000000.0,50000000.0,375,2026-02-04 12:39:57.001464
CLD,57.59,57.58,57.6,50000000.0,50000000.0,375,2026-02-04 12:39:57.001464
GGD,33.94,33.93,33.95,50000000.0,50000000.0,375,2026-02-04 12:39:57.001464
PNR,57.76,57.75,57.77,50000000.0,50000000.0,375,2026-02-04 12:39:57.001464
FSR,34.96,34.95,34.97,50000000.0,50000000.0,375,2026-02-04 12:39:57.001464
ATB,62.24,62.23,62.25,50000000.0,50000000.0,375,2026-02-04 12:39:57.001464
SPK,57.14,57.13,57.15,50000000.0,50000000.0,375,2026-02-04 12:39:57.001464
EEC,51.72,51.71,51.73,50000000.0,50000000.0,375,2026-02-04 12:39:57.001464
TGX,45.34,45.33,45.35,50000000.0,50000000.0,376,2026-02-04 12:39:58.036801
PHR,48.85,48.84,48.86,50000000.0,50000000.0,376,2026-02-04 12:39:58.036801
BYL,34.85,34.84,34.86,50000000.0,50000000.0,376,2026-02-04 12:39:58.036801
CLD,57.51,57.5,57.52,50000000.0,50000000.0,376,2026-02-04 12:39:58.036801
GGD,33.87,33.86,33.88,50000000.0,50000000.0,376,2026-02-04 12:39:58.036801
PNR,57.5,57.49,57.51,50000000.0,50000000.0,376,2026-02-04 12:39:58.036801
FSR,34.93,34.92,34.94,50000000.0,50000000.0,376,2026-02-04 12:39:58.036801
ATB,61.74,61.73,61.75,50000000.0,50000000.0,376,2026-02-04 12:39:58.036801
SPK,57.14,57.13,57.15,50000000.0,50000000.0,376,2026-02-04 12:39:58.036801
EEC,51.66,51.65,51.67,50000000.0,50000000.0,376,2026-02-04 12:39:58.036801
TGX,45.34,45.33,45.35,50000000.0,50000000.0,377,2026-02-04 12:39:58.576330
PHR,48.63,48.62,48.64,50000000.0,50000000.0,377,2026-02-04 12:39:58.576330
BYL,35.27,35.26,35.28,50000000.0,50000000.0,377,2026-02-04 12:39:58.576330
CLD,57.72,57.71,57.73,50000000.0,50000000.0,377,2026-02-04 12:39:58.576330
GGD,33.8,33.79,33.81,50000000.0,50000000.0,377,2026-02-04 12:39:58.576330
PNR,57.48,57.47,57.49,50000000.0,50000000.0,377,2026-02-04 12:39:58.576330
FSR,34.98,34.97,34.99,50000000.0,50000000.0,377,2026-02-04 12:39:58.576330
ATB,62.5,62.49,62.51,50000000.0,50000000.0,377,2026-02-04 12:39:58.576330
SPK,56.52,56.51,56.53,50000000.0,50000000.0,377,2026-02-04 12:39:58.576330
EEC,50.9,50.89,50.91,50000000.0,50000000.0,377,2026-02-04 12:39:58.576330
TGX,45.35,45.34,45.36,50000000.0,50000000.0,378,2026-02-04 12:39:59.608682
PHR,48.54,48.53,48.55,50000000.0,50000000.0,378,2026-02-04 12:39:59.608682
BYL,35.37,35.36,35.38,50000000.0,50000000.0,378,2026-02-04 12:39:59.608682
CLD,57.9,57.89,57.91,50000000.0,50000000.0,378,2026-02-04 12:39:59.608682
GGD,33.82,33.81,33.83,50000000.0,50000000.0,378,2026-02-04 12:39:59.608682
PNR,57.57,57.56,57.58,50000000.0,50000000.0,378,2026-02-04 12:39:59.608682
FSR,35.06,35.05,35.07,50000000.0,50000000.0,378,2026-02-04 12:39:59.608682
ATB,62.61,62.6,62.62,50000000.0,50000000.0,378,2026-02-04 12:39:59.608682
SPK,56.68,56.67,56.69,50000000.0,50000000.0,378,2026-02-04 12:39:59.608682
EEC,51.16,51.15,51.17,50000000.0,50000000.0,378,2026-02-04 12:39:59.608682
TGX,45.34,45.33,45.35,50000000.0,50000000.0,379,2026-02-04 12:40:00.639501
PHR,48.53,48.52,48.54,50000000.0,50000000.0,379,2026-02-04 12:40:00.639501
BYL,35.41,35.4,35.42,50000000.0,50000000.0,379,2026-02-04 12:40:00.639501
CLD,57.9,57.89,57.91,50000000.0,50000000.0,379,2026-02-04 12:40:00.639501
GGD,33.83,33.82,33.84,50000000.0,50000000.0,379,2026-02-04 12:40:00.639501
PNR,57.4,57.39,57.41,50000000.0,50000000.0,379,2026-02-04 12:40:00.639501
FSR,35.07,35.06,35.08,50000000.0,50000000.0,379,2026-02-04 12:40:00.639501
ATB,62.13,62.12,62.14,50000000.0,50000000.0,379,2026-02-04 12:40:00.639501
SPK,56.76,56.75,56.77,50000000.0,50000000.0,379,2026-02-04 12:40:00.639501
EEC,51.31,51.3,51.32,50000000.0,50000000.0,379,2026-02-04 12:40:00.639501
TGX,47.39,47.38,47.4,50000000.0,50000000.0,380,2026-02-04 12:40:01.674069
PHR,48.45,48.44,48.46,50000000.0,50000000.0,380,2026-02-04 12:40:01.674069
BYL,35.42,35.41,35.43,50000000.0,50000000.0,380,2026-02-04 12:40:01.674069
CLD,57.99,57.98,58.0,50000000.0,50000000.0,380,2026-02-04 12:40:01.674069
GGD,33.81,33.8,33.82,50000000.0,50000000.0,380,2026-02-04 12:40:01.674069
PNR,57.46,57.45,57.47,50000000.0,50000000.0,380,2026-02-04 12:40:01.674069
FSR,35.05,35.04,35.06,50000000.0,50000000.0,380,2026-02-04 12:40:01.674069
ATB,61.77,61.76,61.78,50000000.0,50000000.0,380,2026-02-04 12:40:01.674069
SPK,56.67,56.66,56.68,50000000.0,50000000.0,380,2026-02-04 12:40:01.674069
EEC,51.21,51.2,51.22,50000000.0,50000000.0,380,2026-02-04 12:40:01.674069
TGX,47.38,47.37,47.39,50000000.0,50000000.0,381,2026-02-04 12:40:02.721057
PHR,48.32,48.31,48.33,50000000.0,50000000.0,381,2026-02-04 12:40:02.721057
BYL,35.39,35.38,35.4,50000000.0,50000000.0,381,2026-02-04 12:40:02.721057
CLD,57.97,57.96,57.98,50000000.0,50000000.0,381,2026-02-04 12:40:02.721057
GGD,33.83,33.82,33.84,50000000.0,50000000.0,381,2026-02-04 12:40:02.721057
PNR,57.6,57.59,57.61,50000000.0,50000000.0,381,2026-02-04 12:40:02.721057
FSR,35.06,35.05,35.07,50000000.0,50000000.0,381,2026-02-04 12:40:02.721057
ATB,61.45,61.44,61.46,50000000.0,50000000.0,381,2026-02-04 12:40:02.721057
SPK,56.4,56.39,56.41,50000000.0,50000000.0,381,2026-02-04 12:40:02.721057
EEC,50.82,50.81,50.83,50000000.0,50000000.0,381,2026-02-04 12:40:02.721057
TGX,47.39,47.38,47.4,50000000.0,50000000.0,382,2026-02-04 12:40:03.760638
PHR,48.33,48.32,48.34,50000000.0,50000000.0,382,2026-02-04 12:40:03.760638
BYL,35.51,35.5,35.52,50000000.0,50000000.0,382,2026-02-04 12:40:03.760638
CLD,58.27,58.26,58.28,50000000.0,50000000.0,382,2026-02-04 12:40:03.760638
GGD,33.81,33.8,33.82,50000000.0,50000000.0,382,2026-02-04 12:40:03.760638
PNR,57.62,57.61,57.63,50000000.0,50000000.0,382,2026-02-04 12:40:03.760638
FSR,35.09,35.08,35.1,50000000.0,50000000.0,382,2026-02-04 12:40:03.760638
ATB,61.25,61.24,61.26,50000000.0,50000000.0,382,2026-02-04 12:40:03.760638
SPK,56.29,56.28,56.3,50000000.0,50000000.0,382,2026-02-04 12:40:03.760638
EEC,50.54,50.53,50.55,50000000.0,50000000.0,382,2026-02-04 12:40:03.760638
TGX,46.31,46.3,46.32,50000000.0,50000000.0,383,2026-02-04 12:40:04.793640
PHR,48.39,48.38,48.4,50000000.0,50000000.0,383,2026-02-04 12:40:04.793640
BYL,35.54,35.53,35.55,50000000.0,50000000.0,383,2026-02-04 12:40:04.793640
CLD,58.27,58.26,58.28,50000000.0,50000000.0,383,2026-02-04 12:40:04.793640
GGD,33.82,33.81,33.83,50000000.0,50000000.0,383,2026-02-04 12:40:04.793640
PNR,57.65,57.64,57.66,50000000.0,50000000.0,383,2026-02-04 12:40:04.793640
FSR,34.52,34.51,34.53,50000000.0,50000000.0,383,2026-02-04 12:40:04.793640
ATB,61.45,61.44,61.46,50000000.0,50000000.0,383,2026-02-04 12:40:04.793640
SPK,56.1,56.09,56.11,50000000.0,50000000.0,383,2026-02-04 12:40:04.793640
EEC,50.3,50.29,50.31,50000000.0,50000000.0,383,2026-02-04 12:40:04.793640
TGX,46.37,46.36,46.38,50000000.0,50000000.0,384,2026-02-04 12:40:05.842857
PHR,48.22,48.21,48.23,50000000.0,50000000.0,384,2026-02-04 12:40:05.842857
BYL,35.69,35.68,35.7,50000000.0,50000000.0,384,2026-02-04 12:40:05.842857
CLD,58.67,58.66,58.68,50000000.0,50000000.0,384,2026-02-04 12:40:05.842857
GGD,33.84,33.83,33.85,50000000.0,50000000.0,384,2026-02-04 12:40:05.842857
PNR,57.71,57.7,57.72,50000000.0,50000000.0,384,2026-02-04 12:40:05.842857
FSR,34.54,34.53,34.55,50000000.0,50000000.0,384,2026-02-04 12:40:05.842857
ATB,61.78,61.77,61.79,50000000.0,50000000.0,384,2026-02-04 12:40:05.842857
SPK,56.85,56.84,56.86,50000000.0,50000000.0,384,2026-02-04 12:40:05.842857
EEC,51.25,51.24,51.26,50000000.0,50000000.0,384,2026-02-04 12:40:05.842857
TGX,46.38,46.37,46.39,50000000.0,50000000.0,385,2026-02-04 12:40:06.881590
PHR,48.15,48.14,48.16,50000000.0,50000000.0,385,2026-02-04 12:40:06.881590
BYL,35.64,35.63,35.65,50000000.0,50000000.0,385,2026-02-04 12:40:06.881590
CLD,58.64,58.63,58.65,50000000.0,50000000.0,385,2026-02-04 12:40:06.881590
GGD,33.84,33.83,33.85,50000000.0,50000000.0,385,2026-02-04 12:40:06.881590
PNR,57.87,57.86,57.88,50000000.0,50000000.0,385,2026-02-04 12:40:06.881590
FSR,34.59,34.58,34.6,50000000.0,50000000.0,385,2026-02-04 12:40:06.881590
ATB,61.51,61.5,61.52,50000000.0,50000000.0,385,2026-02-04 12:40:06.881590
SPK,57.44,57.43,57.45,50000000.0,50000000.0,385,2026-02-04 12:40:06.881590
EEC,52.05,52.04,52.06,50000000.0,50000000.0,385,2026-02-04 12:40:06.881590
TGX,46.38,46.37,46.39,50000000.0,50000000.0,386,2026-02-04 12:40:07.917999
PHR,47.91,47.9,47.92,50000000.0,50000000.0,386,2026-02-04 12:40:07.917999
BYL,35.68,35.67,35.69,50000000.0,50000000.0,386,2026-02-04 12:40:07.917999
CLD,58.76,58.75,58.77,50000000.0,50000000.0,386,2026-02-04 12:40:07.917999
GGD,33.77,33.76,33.78,50000000.0,50000000.0,386,2026-02-04 12:40:07.917999
PNR,57.84,57.83,57.85,50000000.0,50000000.0,386,2026-02-04 12:40:07.917999
FSR,34.65,34.64,34.66,50000000.0,50000000.0,386,2026-02-04 12:40:07.917999
ATB,61.06,61.05,61.07,50000000.0,50000000.0,386,2026-02-04 12:40:07.917999
SPK,57.7,57.69,57.71,50000000.0,50000000.0,386,2026-02-04 12:40:07.917999
EEC,52.38,52.37,52.39,50000000.0,50000000.0,386,2026-02-04 12:40:07.917999
TGX,46.42,46.41,46.43,50000000.0,50000000.0,387,2026-02-04 12:40:08.954487
PHR,47.9,47.89,47.91,50000000.0,50000000.0,387,2026-02-04 12:40:08.954487
BYL,35.72,35.71,35.73,50000000.0,50000000.0,387,2026-02-04 12:40:08.954487
CLD,58.91,58.9,58.92,50000000.0,50000000.0,387,2026-02-04 12:40:08.954487
GGD,33.81,33.8,33.82,50000000.0,50000000.0,387,2026-02-04 12:40:08.954487
PNR,57.89,57.88,57.9,50000000.0,50000000.0,387,2026-02-04 12:40:08.954487
FSR,34.62,34.61,34.63,50000000.0,50000000.0,387,2026-02-04 12:40:08.954487
ATB,61.21,61.2,61.22,50000000.0,50000000.0,387,2026-02-04 12:40:08.954487
SPK,57.64,57.63,57.65,50000000.0,50000000.0,387,2026-02-04 12:40:08.954487
EEC,52.35,52.34,52.36,50000000.0,50000000.0,387,2026-02-04 12:40:08.954487
TGX,46.42,46.41,46.43,50000000.0,50000000.0,388,2026-02-04 12:40:09.995048
PHR,47.92,47.91,47.93,50000000.0,50000000.0,388,2026-02-04 12:40:09.995048
BYL,36.18,36.17,36.19,50000000.0,50000000.0,388,2026-02-04 12:40:09.995048
CLD,59.98,59.97,59.99,50000000.0,50000000.0,388,2026-02-04 12:40:09.995048
GGD,33.73,33.72,33.74,50000000.0,50000000.0,388,2026-02-04 12:40:09.995048
PNR,57.75,57.74,57.76,50000000.0,50000000.0,388,2026-02-04 12:40:09.995048
FSR,34.61,34.6,34.62,50000000.0,50000000.0,388,2026-02-04 12:40:09.995048
ATB,60.49,60.48,60.5,50000000.0,50000000.0,388,2026-02-04 12:40:09.995048
SPK,57.64,57.63,57.65,50000000.0,50000000.0,388,2026-02-04 12:40:09.995048
EEC,52.3,52.29,52.31,50000000.0,50000000.0,388,2026-02-04 12:40:09.995048
TGX,46.4,46.39,46.41,50000000.0,50000000.0,389,2026-02-04 12:40:11.031500
PHR,48.07,48.06,48.08,50000000.0,50000000.0,389,2026-02-04 12:40:11.031500
BYL,36.25,36.24,36.26,50000000.0,50000000.0,389,2026-02-04 12:40:11.031500
CLD,60.13,60.12,60.14,50000000.0,50000000.0,389,2026-02-04 12:40:11.031500
GGD,33.65,33.64,33.66,50000000.0,50000000.0,389,2026-02-04 12:40:11.031500
PNR,57.48,57.47,57.49,50000000.0,50000000.0,389,2026-02-04 12:40:11.031500
FSR,34.58,34.57,34.59,50000000.0,50000000.0,389,2026-02-04 12:40:11.031500
ATB,61.13,61.12,61.14,50000000.0,50000000.0,389,2026-02-04 12:40:11.031500
SPK,57.5,57.49,57.51,50000000.0,50000000.0,389,2026-02-04 12:40:11.031500
EEC,52.13,52.12,52.14,50000000.0,50000000.0,389,2026-02-04 12:40:11.031500
TGX,46.34,46.33,46.35,50000000.0,50000000.0,390,2026-02-04 12:40:12.074910
PHR,47.94,47.93,47.95,50000000.0,50000000.0,390,2026-02-04 12:40:12.074910
BYL,36.16,36.15,36.17,50000000.0,50000000.0,390,2026-02-04 12:40:12.074910
CLD,59.9,59.89,59.91,50000000.0,50000000.0,390,2026-02-04 12:40:12.074910
GGD,33.68,33.67,33.69,50000000.0,50000000.0,390,2026-02-04 12:40:12.074910
PNR,57.67,57.66,57.68,50000000.0,50000000.0,390,2026-02-04 12:40:12.074910
FSR,34.49,34.48,34.5,50000000.0,50000000.0,390,2026-02-04 12:40:12.074910
ATB,61.17,61.16,61.18,50000000.0,50000000.0,390,2026-02-04 12:40:12.074910
SPK,57.33,57.32,57.34,50000000.0,50000000.0,390,2026-02-04 12:40:12.074910
EEC,51.91,51.9,51.92,50000000.0,50000000.0,390,2026-02-04 12:40:12.074910
TGX,46.28,46.27,46.29,50000000.0,50000000.0,391,2026-02-04 12:40:12.614099
PHR,47.81,47.8,47.82,50000000.0,50000000.0,391,2026-02-04 12:40:12.614099
BYL,36.27,36.26,36.28,50000000.0,50000000.0,391,2026-02-04 12:40:12.614099
CLD,60.14,60.13,60.15,50000000.0,50000000.0,391,2026-02-04 12:40:12.614099
GGD,33.72,33.71,33.73,50000000.0,50000000.0,391,2026-02-04 12:40:12.614099
PNR,57.81,57.8,57.82,50000000.0,50000000.0,391,2026-02-04 12:40:12.614099
FSR,34.49,34.48,34.5,50000000.0,50000000.0,391,2026-02-04 12:40:12.614099
ATB,60.85,60.84,60.86,50000000.0,50000000.0,391,2026-02-04 12:40:12.614099
SPK,57.03,57.02,57.04,50000000.0,50000000.0,391,2026-02-04 12:40:12.614099
EEC,51.56,51.55,51.57,50000000.0,50000000.0,391,2026-02-04 12:40:12.614099
TGX,46.24,46.23,46.25,50000000.0,50000000.0,392,2026-02-04 12:40:13.660609
PHR,48.02,48.01,48.03,50000000.0,50000000.0,392,2026-02-04 12:40:13.660609
BYL,36.09,36.08,36.1,50000000.0,50000000.0,392,2026-02-04 12:40:13.660609
CLD,59.82,59.81,59.83,50000000.0,50000000.0,392,2026-02-04 12:40:13.660609
GGD,33.73,33.72,33.74,50000000.0,50000000.0,392,2026-02-04 12:40:13.660609
PNR,57.56,57.55,57.57,50000000.0,50000000.0,392,2026-02-04 12:40:13.660609
FSR,34.54,34.53,34.55,50000000.0,50000000.0,392,2026-02-04 12:40:13.660609
ATB,60.57,60.56,60.58,50000000.0,50000000.0,392,2026-02-04 12:40:13.660609
SPK,57.17,57.16,57.18,50000000.0,50000000.0,392,2026-02-04 12:40:13.660609
EEC,51.71,51.7,51.72,50000000.0,50000000.0,392,2026-02-04 12:40:13.660609
TGX,46.14,46.13,46.15,50000000.0,50000000.0,393,2026-02-04 12:40:14.701104
PHR,47.85,47.84,47.86,50000000.0,50000000.0,393,2026-02-04 12:40:14.701104
BYL,36.22,36.21,36.23,50000000.0,50000000.0,393,2026-02-04 12:40:14.701104
CLD,60.09,60.08,60.1,50000000.0,50000000.0,393,2026-02-04 12:40:14.701104
GGD,33.65,33.64,33.66,50000000.0,50000000.0,393,2026-02-04 12:40:14.701104
PNR,57.36,57.35,57.37,50000000.0,50000000.0,393,2026-02-04 12:40:14.701104
FSR,34.56,34.55,34.57,50000000.0,50000000.0,393,2026-02-04 12:40:14.701104
ATB,61.08,61.07,61.09,50000000.0,50000000.0,393,2026-02-04 12:40:14.701104
SPK,57.01,57.0,57.02,50000000.0,50000000.0,393,2026-02-04 12:40:14.701104
EEC,51.52,51.51,51.53,50000000.0,50000000.0,393,2026-02-04 12:40:14.701104
TGX,46.17,46.16,46.18,50000000.0,50000000.0,394,2026-02-04 12:40:15.743121
PHR,47.9,47.89,47.91,50000000.0,50000000.0,394,2026-02-04 12:40:15.743121
BYL,35.96,35.95,35.97,50000000.0,50000000.0,394,2026-02-04 12:40:15.743121
CLD,59.53,59.52,59.54,50000000.0,50000000.0,394,2026-02-04 12:40:15.743121
GGD,33.56,33.55,33.57,50000000.0,50000000.0,394,2026-02-04 12:40:15.743121
PNR,57.23,57.22,57.24,50000000.0,50000000.0,394,2026-02-04 12:40:15.743121
FSR,34.68,34.67,34.69,50000000.0,50000000.0,394,2026-02-04 12:40:15.743121
ATB,60.87,60.86,60.88,50000000.0,50000000.0,394,2026-02-04 12:40:15.743121
SPK,57.02,57.01,57.03,50000000.0,50000000.0,394,2026-02-04 12:40:15.743121
EEC,51.5,51.49,51.51,50000000.0,50000000.0,394,2026-02-04 12:40:15.743121
TGX,46.16,46.15,46.17,50000000.0,50000000.0,395,2026-02-04 12:40:16.777118
PHR,48.29,48.28,48.3,50000000.0,50000000.0,395,2026-02-04 12:40:16.777118
BYL,36.09,36.08,36.1,50000000.0,50000000.0,395,2026-02-04 12:40:16.777118
CLD,59.79,59.78,59.8,50000000.0,50000000.0,395,2026-02-04 12:40:16.777118
GGD,33.51,33.5,33.52,50000000.0,50000000.0,395,2026-02-04 12:40:16.777118
PNR,57.16,57.15,57.17,50000000.0,50000000.0,395,2026-02-04 12:40:16.777118
FSR,34.58,34.57,34.59,50000000.0,50000000.0,395,2026-02-04 12:40:16.777118
ATB,61.16,61.15,61.17,50000000.0,50000000.0,395,2026-02-04 12:40:16.777118
SPK,56.43,56.42,56.44,50000000.0,50000000.0,395,2026-02-04 12:40:16.777118
EEC,50.79,50.78,50.8,50000000.0,50000000.0,395,2026-02-04 12:40:16.777118
TGX,46.18,46.17,46.19,50000000.0,50000000.0,396,2026-02-04 12:40:17.809955
PHR,48.4,48.39,48.41,50000000.0,50000000.0,396,2026-02-04 12:40:17.809955
BYL,35.85,35.84,35.86,50000000.0,50000000.0,396,2026-02-04 12:40:17.809955
CLD,59.26,59.25,59.27,50000000.0,50000000.0,396,2026-02-04 12:40:17.809955
GGD,33.53,33.52,33.54,50000000.0,50000000.0,396,2026-02-04 12:40:17.809955
PNR,57.13,57.12,57.14,50000000.0,50000000.0,396,2026-02-04 12:40:17.809955
FSR,34.62,34.61,34.63,50000000.0,50000000.0,396,2026-02-04 12:40:17.809955
ATB,61.49,61.48,61.5,50000000.0,50000000.0,396,2026-02-04 12:40:17.809955
SPK,56.44,56.43,56.45,50000000.0,50000000.0,396,2026-02-04 12:40:17.809955
EEC,50.73,50.72,50.74,50000000.0,50000000.0,396,2026-02-04 12:40:17.809955
TGX,46.24,46.23,46.25,50000000.0,50000000.0,397,2026-02-04 12:40:18.857295
PHR,48.16,48.15,48.17,50000000.0,50000000.0,397,2026-02-04 12:40:18.857295
BYL,35.6,35.59,35.61,50000000.0,50000000.0,397,2026-02-04 12:40:18.857295
CLD,58.73,58.72,58.74,50000000.0,50000000.0,397,2026-02-04 12:40:18.857295
GGD,33.54,33.53,33.55,50000000.0,50000000.0,397,2026-02-04 12:40:18.857295
PNR,56.93,56.92,56.94,50000000.0,50000000.0,397,2026-02-04 12:40:18.857295
FSR,34.61,34.6,34.62,50000000.0,50000000.0,397,2026-02-04 12:40:18.857295
ATB,60.9,60.89,60.91,50000000.0,50000000.0,397,2026-02-04 12:40:18.857295
SPK,57.01,57.0,57.02,50000000.0,50000000.0,397,2026-02-04 12:40:18.857295
EEC,51.4,51.39,51.41,50000000.0,50000000.0,397,2026-02-04 12:40:18.857295
TGX,46.26,46.25,46.27,50000000.0,50000000.0,398,2026-02-04 12:40:19.904627
PHR,48.01,48.0,48.02,50000000.0,50000000.0,398,2026-02-04 12:40:19.904627
BYL,35.52,35.51,35.53,50000000.0,50000000.0,398,2026-02-04 12:40:19.904627
CLD,58.61,58.6,58.62,50000000.0,50000000.0,398,2026-02-04 12:40:19.904627
GGD,33.54,33.53,33.55,50000000.0,50000000.0,398,2026-02-04 12:40:19.904627
PNR,56.9,56.89,56.91,50000000.0,50000000.0,398,2026-02-04 12:40:19.904627
FSR,34.58,34.57,34.59,50000000.0,50000000.0,398,2026-02-04 12:40:19.904627
ATB,61.23,61.22,61.24,50000000.0,50000000.0,398,2026-02-04 12:40:19.904627
SPK,57.47,57.46,57.48,50000000.0,50000000.0,398,2026-02-04 12:40:19.904627
EEC,51.94,51.93,51.95,50000000.0,50000000.0,398,2026-02-04 12:40:19.904627
TGX,46.18,46.17,46.19,50000000.0,50000000.0,399,2026-02-04 12:40:20.958835
PHR,47.86,47.85,47.87,50000000.0,50000000.0,399,2026-02-04 12:40:20.958835
BYL,35.44,35.43,35.45,50000000.0,50000000.0,399,2026-02-04 12:40:20.958835
CLD,58.41,58.4,58.42,50000000.0,50000000.0,399,2026-02-04 12:40:20.958835
GGD,33.62,33.61,33.63,50000000.0,50000000.0,399,2026-02-04 12:40:20.958835
PNR,57.19,57.18,57.2,50000000.0,50000000.0,399,2026-02-04 12:40:20.958835
FSR,34.57,34.56,34.58,50000000.0,50000000.0,399,2026-02-04 12:40:20.958835
ATB,61.57,61.56,61.58,50000000.0,50000000.0,399,2026-02-04 12:40:20.958835
SPK,57.61,57.6,57.62,50000000.0,50000000.0,399,2026-02-04 12:40:20.958835
EEC,52.14,52.13,52.15,50000000.0,50000000.0,399,2026-02-04 12:40:20.958835
TGX,46.24,46.23,46.25,50000000.0,50000000.0,400,2026-02-04 12:40:22.010203
PHR,47.9,47.89,47.91,50000000.0,50000000.0,400,2026-02-04 12:40:22.010203
BYL,35.55,35.54,35.56,50000000.0,50000000.0,400,2026-02-04 12:40:22.010203
CLD,58.56,58.55,58.57,50000000.0,50000000.0,400,2026-02-04 12:40:22.010203
GGD,33.62,33.61,33.63,50000000.0,50000000.0,400,2026-02-04 12:40:22.010203
PNR,57.25,57.24,57.26,50000000.0,50000000.0,400,2026-02-04 12:40:22.010203
FSR,34.63,34.62,34.64,50000000.0,50000000.0,400,2026-02-04 12:40:22.010203
ATB,61.25,61.24,61.26,50000000.0,50000000.0,400,2026-02-04 12:40:22.010203
SPK,57.56,57.55,57.57,50000000.0,50000000.0,400,2026-02-04 12:40:22.010203
EEC,52.07,52.06,52.08,50000000.0,50000000.0,400,2026-02-04 12:40:22.010203
TGX,46.24,46.23,46.25,50000000.0,50000000.0,401,2026-02-04 12:40:23.049136
PHR,47.51,47.5,47.52,50000000.0,50000000.0,401,2026-02-04 12:40:23.049136
BYL,35.65,35.64,35.66,50000000.0,50000000.0,401,2026-02-04 12:40:23.049136
CLD,58.8,58.79,58.81,50000000.0,50000000.0,401,2026-02-04 12:40:23.049136
GGD,33.67,33.66,33.68,50000000.0,50000000.0,401,2026-02-04 12:40:23.049136
PNR,57.54,57.53,57.55,50000000.0,50000000.0,401,2026-02-04 12:40:23.049136
FSR,34.56,34.55,34.57,50000000.0,50000000.0,401,2026-02-04 12:40:23.049136
ATB,60.59,60.58,60.6,50000000.0,50000000.0,401,2026-02-04 12:40:23.049136
SPK,57.76,57.75,57.77,50000000.0,50000000.0,401,2026-02-04 12:40:23.049136
EEC,52.36,52.35,52.37,50000000.0,50000000.0,401,2026-02-04 12:40:23.049136
TGX,46.18,46.17,46.19,50000000.0,50000000.0,402,2026-02-04 12:40:24.079171
PHR,47.3,47.29,47.31,50000000.0,50000000.0,402,2026-02-04 12:40:24.079171
BYL,35.58,35.57,35.59,50000000.0,50000000.0,402,2026-02-04 12:40:24.079171
CLD,58.66,58.65,58.67,50000000.0,50000000.0,402,2026-02-04 12:40:24.079171
GGD,33.73,33.72,33.74,50000000.0,50000000.0,402,2026-02-04 12:40:24.079171
PNR,57.36,57.35,57.37,50000000.0,50000000.0,402,2026-02-04 12:40:24.079171
FSR,34.48,34.47,34.49,50000000.0,50000000.0,402,2026-02-04 12:40:24.079171
ATB,60.45,60.44,60.46,50000000.0,50000000.0,402,2026-02-04 12:40:24.079171
SPK,58.05,58.04,58.06,50000000.0,50000000.0,402,2026-02-04 12:40:24.079171
EEC,52.68,52.67,52.69,50000000.0,50000000.0,402,2026-02-04 12:40:24.079171
TGX,46.18,46.17,46.19,50000000.0,50000000.0,403,2026-02-04 12:40:25.120881
PHR,47.57,47.56,47.58,50000000.0,50000000.0,403,2026-02-04 12:40:25.120881
BYL,35.81,35.8,35.82,50000000.0,50000000.0,403,2026-02-04 12:40:25.120881
CLD,59.17,59.16,59.18,50000000.0,50000000.0,403,2026-02-04 12:40:25.120881
GGD,33.7,33.69,33.71,50000000.0,50000000.0,403,2026-02-04 12:40:25.120881
PNR,57.33,57.32,57.34,50000000.0,50000000.0,403,2026-02-04 12:40:25.120881
FSR,34.48,34.47,34.49,50000000.0,50000000.0,403,2026-02-04 12:40:25.120881
ATB,60.13,60.12,60.14,50000000.0,50000000.0,403,2026-02-04 12:40:25.120881
SPK,58.1,58.09,58.11,50000000.0,50000000.0,403,2026-02-04 12:40:25.120881
EEC,52.64,52.63,52.65,50000000.0,50000000.0,403,2026-02-04 12:40:25.120881
TGX,46.21,46.2,46.22,50000000.0,50000000.0,404,2026-02-04 12:40:26.154483
PHR,47.41,47.4,47.42,50000000.0,50000000.0,404,2026-02-04 12:40:26.154483
BYL,35.94,35.93,35.95,50000000.0,50000000.0,404,2026-02-04 12:40:26.154483
CLD,59.4,59.39,59.41,50000000.0,50000000.0,404,2026-02-04 12:40:26.154483
GGD,33.69,33.68,33.7,50000000.0,50000000.0,404,2026-02-04 12:40:26.154483
PNR,57.58,57.57,57.59,50000000.0,50000000.0,404,2026-02-04 12:40:26.154483
FSR,34.45,34.44,34.46,50000000.0,50000000.0,404,2026-02-04 12:40:26.154483
ATB,60.73,60.72,60.74,50000000.0,50000000.0,404,2026-02-04 12:40:26.154483
SPK,58.09,58.08,58.1,50000000.0,50000000.0,404,2026-02-04 12:40:26.154483
EEC,52.61,52.6,52.62,50000000.0,50000000.0,404,2026-02-04 12:40:26.154483
TGX,46.22,46.21,46.23,50000000.0,50000000.0,405,2026-02-04 12:40:26.681607
PHR,47.67,47.66,47.68,50000000.0,50000000.0,405,2026-02-04 12:40:26.681607
BYL,36.1,36.09,36.11,50000000.0,50000000.0,405,2026-02-04 12:40:26.681607
CLD,59.72,59.71,59.73,50000000.0,50000000.0,405,2026-02-04 12:40:26.681607
GGD,33.81,33.8,33.82,50000000.0,50000000.0,405,2026-02-04 12:40:26.681607
PNR,57.82,57.81,57.83,50000000.0,50000000.0,405,2026-02-04 12:40:26.681607
FSR,34.54,34.53,34.55,50000000.0,50000000.0,405,2026-02-04 12:40:26.681607
ATB,60.0,59.99,60.01,50000000.0,50000000.0,405,2026-02-04 12:40:26.681607
SPK,57.88,57.87,57.89,50000000.0,50000000.0,405,2026-02-04 12:40:26.681607
EEC,52.34,52.33,52.35,50000000.0,50000000.0,405,2026-02-04 12:40:26.681607
TGX,46.22,46.21,46.23,50000000.0,50000000.0,406,2026-02-04 12:40:27.718840,38.0,1.0,405.0,D3-GGD/PNR,Outside Date Extended,Parties agree to extend outside date from December 31 to March 31 for final regulatory approvals.
PHR,47.66,47.65,47.67,50000000.0,50000000.0,406,2026-02-04 12:40:27.718840,,,,,,
BYL,35.99,35.98,36.0,50000000.0,50000000.0,406,2026-02-04 12:40:27.718840,,,,,,
CLD,59.59,59.58,59.6,50000000.0,50000000.0,406,2026-02-04 12:40:27.718840,,,,,,
GGD,33.66,33.65,33.67,50000000.0,50000000.0,406,2026-02-04 12:40:27.718840,,,,,,
PNR,57.56,57.55,57.57,50000000.0,50000000.0,406,2026-02-04 12:40:27.718840,,,,,,
FSR,34.58,34.57,34.59,50000000.0,50000000.0,406,2026-02-04 12:40:27.718840,,,,,,
ATB,59.78,59.77,59.79,50000000.0,50000000.0,406,2026-02-04 12:40:27.718840,,,,,,
SPK,57.97,57.96,57.98,50000000.0,50000000.0,406,2026-02-04 12:40:27.718840,,,,,,
EEC,52.45,52.44,52.46,50000000.0,50000000.0,406,2026-02-04 12:40:27.718840,,,,,,
TGX,46.25,46.24,46.26,50000000.0,50000000.0,407,2026-02-04 12:40:28.749880,39.0,1.0,406.0,D2-BYL/CLD,UK CMA Phase I Review Completed,The Competition and Markets Authority completes Phase I review without escalating to in-depth investigation.
PHR,47.47,47.46,47.48,50000000.0,50000000.0,407,2026-02-04 12:40:28.749880,,,,,,
BYL,35.99,35.98,36.0,50000000.0,50000000.0,407,2026-02-04 12:40:28.749880,,,,,,
CLD,59.41,59.4,59.42,50000000.0,50000000.0,407,2026-02-04 12:40:28.749880,,,,,,
GGD,33.57,33.56,33.58,50000000.0,50000000.0,407,2026-02-04 12:40:28.749880,,,,,,
PNR,57.6,57.59,57.61,50000000.0,50000000.0,407,2026-02-04 12:40:28.749880,,,,,,
FSR,34.56,34.55,34.57,50000000.0,50000000.0,407,2026-02-04 12:40:28.749880,,,,,,
ATB,59.26,59.25,59.27,50000000.0,50000000.0,407,2026-02-04 12:40:28.749880,,,,,,
SPK,58.32,58.31,58.33,50000000.0,50000000.0,407,2026-02-04 12:40:28.749880,,,,,,
EEC,52.94,52.93,52.95,50000000.0,50000000.0,407,2026-02-04 12:40:28.749880,,,,,,
TGX,46.27,46.26,46.28,50000000.0,50000000.0,408,2026-02-04 12:40:29.787101
PHR,47.55,47.54,47.56,50000000.0,50000000.0,408,2026-02-04 12:40:29.787101
BYL,35.95,35.94,35.96,50000000.0,50000000.0,408,2026-02-04 12:40:29.787101
CLD,59.3,59.29,59.31,50000000.0,50000000.0,408,2026-02-04 12:40:29.787101
GGD,33.56,33.55,33.57,50000000.0,50000000.0,408,2026-02-04 12:40:29.787101
PNR,57.77,57.76,57.78,50000000.0,50000000.0,408,2026-02-04 12:40:29.787101
FSR,34.55,34.54,34.56,50000000.0,50000000.0,408,2026-02-04 12:40:29.787101
ATB,59.67,59.66,59.68,50000000.0,50000000.0,408,2026-02-04 12:40:29.787101
SPK,58.5,58.49,58.51,50000000.0,50000000.0,408,2026-02-04 12:40:29.787101
EEC,53.18,53.17,53.19,50000000.0,50000000.0,408,2026-02-04 12:40:29.787101
TGX,46.29,46.28,46.3,50000000.0,50000000.0,409,2026-02-04 12:40:30.830013,40.0,1.0,408.0,D1-TGX/PHR,Industry Conference Generates Transaction Speculation,"Attendees at a major pharmaceutical conference report heightened corridor discussion regarding the Targenix/Pharmaco transaction, with mixed signals from industry executives and advisors. Some sources describe renewed interest from potential strategic parties, while others characterize the speculation as routine conference chatter without substantive backing. No formal approaches have been confirmed through regulatory filings."
PHR,47.63,47.62,47.64,50000000.0,50000000.0,409,2026-02-04 12:40:30.830013,,,,,,
BYL,35.77,35.76,35.78,50000000.0,50000000.0,409,2026-02-04 12:40:30.830013,,,,,,
CLD,58.94,58.93,58.95,50000000.0,50000000.0,409,2026-02-04 12:40:30.830013,,,,,,
GGD,33.63,33.62,33.64,50000000.0,50000000.0,409,2026-02-04 12:40:30.830013,,,,,,
PNR,57.88,57.87,57.89,50000000.0,50000000.0,409,2026-02-04 12:40:30.830013,,,,,,
FSR,34.61,34.6,34.62,50000000.0,50000000.0,409,2026-02-04 12:40:30.830013,,,,,,
ATB,60.26,60.25,60.27,50000000.0,50000000.0,409,2026-02-04 12:40:30.830013,,,,,,
SPK,58.55,58.54,58.56,50000000.0,50000000.0,409,2026-02-04 12:40:30.830013,,,,,,
EEC,53.25,53.24,53.26,50000000.0,50000000.0,409,2026-02-04 12:40:30.830013,,,,,,
TGX,46.29,46.28,46.3,50000000.0,50000000.0,410,2026-02-04 12:40:31.866254
PHR,47.75,47.74,47.76,50000000.0,50000000.0,410,2026-02-04 12:40:31.866254
BYL,35.95,35.94,35.96,50000000.0,50000000.0,410,2026-02-04 12:40:31.866254
CLD,59.32,59.31,59.33,50000000.0,50000000.0,410,2026-02-04 12:40:31.866254
GGD,33.59,33.58,33.6,50000000.0,50000000.0,410,2026-02-04 12:40:31.866254
PNR,57.66,57.65,57.67,50000000.0,50000000.0,410,2026-02-04 12:40:31.866254
FSR,34.61,34.6,34.62,50000000.0,50000000.0,410,2026-02-04 12:40:31.866254
ATB,60.35,60.34,60.36,50000000.0,50000000.0,410,2026-02-04 12:40:31.866254
SPK,58.78,58.77,58.79,50000000.0,50000000.0,410,2026-02-04 12:40:31.866254
EEC,53.54,53.53,53.55,50000000.0,50000000.0,410,2026-02-04 12:40:31.866254
TGX,46.29,46.28,46.3,50000000.0,50000000.0,411,2026-02-04 12:40:32.911044,42.0,1.0,410.0,D2-BYL/CLD,ByteLayer Engages Advisors for Strategic Review,"ByteLayer has reportedly retained a second financial advisor to conduct a parallel strategic review, a step that could indicate either a strengthening of the company's negotiating position within the existing deal or exploratory outreach to alternative parties. The engagement was not publicly announced and was identified through regulatory filing amendments. Market interpretation is divided, with some viewing this as standard deal-process diligence and others reading it as a signal of board-level dissatisfaction with current terms."
PHR,47.66,47.65,47.67,50000000.0,50000000.0,411,2026-02-04 12:40:32.911044,41.0,1.0,410.0,D1-TGX/PHR,Pharmaco Reports Strong Quarterly Earnings,"Better-than-expected Q2 results strengthen PHR's balance sheet and reduce financing concerns, with free cash flow up 18% year-over-year."
BYL,36.43,36.42,36.44,50000000.0,50000000.0,411,2026-02-04 12:40:32.911044,,,,,,
CLD,60.41,60.4,60.42,50000000.0,50000000.0,411,2026-02-04 12:40:32.911044,,,,,,
GGD,33.53,33.52,33.54,50000000.0,50000000.0,411,2026-02-04 12:40:32.911044,,,,,,
PNR,58.01,58.0,58.02,50000000.0,50000000.0,411,2026-02-04 12:40:32.911044,,,,,,
FSR,34.66,34.65,34.67,50000000.0,50000000.0,411,2026-02-04 12:40:32.911044,,,,,,
ATB,60.66,60.65,60.67,50000000.0,50000000.0,411,2026-02-04 12:40:32.911044,,,,,,
SPK,58.89,58.88,58.9,50000000.0,50000000.0,411,2026-02-04 12:40:32.911044,,,,,,
EEC,53.64,53.63,53.65,50000000.0,50000000.0,411,2026-02-04 12:40:32.911044,,,,,,
TGX,46.3,46.29,46.31,50000000.0,50000000.0,412,2026-02-04 12:40:33.951889
PHR,47.44,47.43,47.45,50000000.0,50000000.0,412,2026-02-04 12:40:33.951889
BYL,36.74,36.73,36.75,50000000.0,50000000.0,412,2026-02-04 12:40:33.951889
CLD,61.02,61.01,61.03,50000000.0,50000000.0,412,2026-02-04 12:40:33.951889
GGD,33.49,33.48,33.5,50000000.0,50000000.0,412,2026-02-04 12:40:33.951889
PNR,58.09,58.08,58.1,50000000.0,50000000.0,412,2026-02-04 12:40:33.951889
FSR,34.64,34.63,34.65,50000000.0,50000000.0,412,2026-02-04 12:40:33.951889
ATB,60.45,60.44,60.46,50000000.0,50000000.0,412,2026-02-04 12:40:33.951889
SPK,59.08,59.07,59.09,50000000.0,50000000.0,412,2026-02-04 12:40:33.951889
EEC,53.87,53.86,53.88,50000000.0,50000000.0,412,2026-02-04 12:40:33.951889
TGX,46.28,46.27,46.29,50000000.0,50000000.0,413,2026-02-04 12:40:34.995332,44.0,1.0,412.0,D3-GGD/PNR,Closed-Door Meeting Between Transaction Principals Reported,"Sources indicate that senior executives from GreenGrid and PetroNorth held an unscheduled closed-door meeting to discuss matters related to the pending transaction. The meeting's agenda has not been disclosed, and representatives from both companies declined to comment. Such meetings can address a range of topics from integration planning to renegotiation of terms, and market participants are monitoring subsequent regulatory filings for indications of any changes to the deal structure or timeline."
PHR,47.32,47.31,47.33,50000000.0,50000000.0,413,2026-02-04 12:40:34.995332,43.0,1.0,412.0,D2-BYL/CLD,Non-Binding Indication Received,ByteLayer confirms receipt of preliminary non-binding indication of interest at undisclosed valuation.
BYL,36.88,36.87,36.89,50000000.0,50000000.0,413,2026-02-04 12:40:34.995332,,,,,,
CLD,61.35,61.34,61.36,50000000.0,50000000.0,413,2026-02-04 12:40:34.995332,,,,,,
GGD,33.49,33.48,33.5,50000000.0,50000000.0,413,2026-02-04 12:40:34.995332,,,,,,
PNR,58.26,58.25,58.27,50000000.0,50000000.0,413,2026-02-04 12:40:34.995332,,,,,,
FSR,34.63,34.62,34.64,50000000.0,50000000.0,413,2026-02-04 12:40:34.995332,,,,,,
ATB,60.92,60.91,60.93,50000000.0,50000000.0,413,2026-02-04 12:40:34.995332,,,,,,
SPK,58.86,58.85,58.87,50000000.0,50000000.0,413,2026-02-04 12:40:34.995332,,,,,,
EEC,53.52,53.51,53.53,50000000.0,50000000.0,413,2026-02-04 12:40:34.995332,,,,,,
TGX,46.19,46.18,46.2,50000000.0,50000000.0,414,2026-02-04 12:40:36.040024,45.0,1.0,413.0,D2-BYL/CLD,Expected Timeline Revised,Companies update guidance extending expected closing from Q3 to Q4 due to regulatory review timing.
PHR,47.45,47.44,47.46,50000000.0,50000000.0,414,2026-02-04 12:40:36.040024,,,,,,
BYL,36.81,36.8,36.82,50000000.0,50000000.0,414,2026-02-04 12:40:36.040024,,,,,,
CLD,61.07,61.06,61.08,50000000.0,50000000.0,414,2026-02-04 12:40:36.040024,,,,,,
GGD,33.47,33.46,33.48,50000000.0,50000000.0,414,2026-02-04 12:40:36.040024,,,,,,
PNR,57.98,57.97,57.99,50000000.0,50000000.0,414,2026-02-04 12:40:36.040024,,,,,,
FSR,34.69,34.68,34.7,50000000.0,50000000.0,414,2026-02-04 12:40:36.040024,,,,,,
ATB,60.54,60.53,60.55,50000000.0,50000000.0,414,2026-02-04 12:40:36.040024,,,,,,
SPK,58.77,58.76,58.78,50000000.0,50000000.0,414,2026-02-04 12:40:36.040024,,,,,,
EEC,53.35,53.34,53.36,50000000.0,50000000.0,414,2026-02-04 12:40:36.040024,,,,,,
TGX,46.21,46.2,46.22,50000000.0,50000000.0,415,2026-02-04 12:40:37.080427
PHR,47.81,47.8,47.82,50000000.0,50000000.0,415,2026-02-04 12:40:37.080427
BYL,36.81,36.8,36.82,50000000.0,50000000.0,415,2026-02-04 12:40:37.080427
CLD,61.12,61.11,61.13,50000000.0,50000000.0,415,2026-02-04 12:40:37.080427
GGD,33.41,33.4,33.42,50000000.0,50000000.0,415,2026-02-04 12:40:37.080427
PNR,57.8,57.79,57.81,50000000.0,50000000.0,415,2026-02-04 12:40:37.080427
FSR,34.72,34.71,34.73,50000000.0,50000000.0,415,2026-02-04 12:40:37.080427
ATB,60.21,60.2,60.22,50000000.0,50000000.0,415,2026-02-04 12:40:37.080427
SPK,58.35,58.34,58.36,50000000.0,50000000.0,415,2026-02-04 12:40:37.080427
EEC,52.81,52.8,52.82,50000000.0,50000000.0,415,2026-02-04 12:40:37.080427
TGX,46.24,46.23,46.25,50000000.0,50000000.0,416,2026-02-04 12:40:38.113092,46.0,1.0,415.0,D1-TGX/PHR,Pharmaco Increases Bid to $52.50,"In response to competitive interest, Pharmaco increases its offer price from $50.00 to $52.50 per share, a 5% bump to preempt a potential bidding contest."
PHR,47.37,47.36,47.38,50000000.0,50000000.0,416,2026-02-04 12:40:38.113092,,,,,,
BYL,36.71,36.7,36.72,50000000.0,50000000.0,416,2026-02-04 12:40:38.113092,,,,,,
CLD,60.72,60.71,60.73,50000000.0,50000000.0,416,2026-02-04 12:40:38.113092,,,,,,
GGD,33.44,33.43,33.45,50000000.0,50000000.0,416,2026-02-04 12:40:38.113092,,,,,,
PNR,57.87,57.86,57.88,50000000.0,50000000.0,416,2026-02-04 12:40:38.113092,,,,,,
FSR,34.69,34.68,34.7,50000000.0,50000000.0,416,2026-02-04 12:40:38.113092,,,,,,
ATB,60.53,60.52,60.54,50000000.0,50000000.0,416,2026-02-04 12:40:38.113092,,,,,,
SPK,58.64,58.63,58.65,50000000.0,50000000.0,416,2026-02-04 12:40:38.113092,,,,,,
EEC,53.13,53.12,53.14,50000000.0,50000000.0,416,2026-02-04 12:40:38.113092,,,,,,
TGX,46.14,46.13,46.15,50000000.0,50000000.0,417,2026-02-04 12:40:39.152574
PHR,47.54,47.53,47.55,50000000.0,50000000.0,417,2026-02-04 12:40:39.152574
BYL,36.62,36.61,36.63,50000000.0,50000000.0,417,2026-02-04 12:40:39.152574
CLD,60.35,60.34,60.36,50000000.0,50000000.0,417,2026-02-04 12:40:39.152574
GGD,33.43,33.42,33.44,50000000.0,50000000.0,417,2026-02-04 12:40:39.152574
PNR,57.83,57.82,57.84,50000000.0,50000000.0,417,2026-02-04 12:40:39.152574
FSR,34.81,34.8,34.82,50000000.0,50000000.0,417,2026-02-04 12:40:39.152574
ATB,60.2,60.19,60.21,50000000.0,50000000.0,417,2026-02-04 12:40:39.152574
SPK,58.74,58.73,58.75,50000000.0,50000000.0,417,2026-02-04 12:40:39.152574
EEC,53.26,53.25,53.27,50000000.0,50000000.0,417,2026-02-04 12:40:39.152574
TGX,46.13,46.12,46.14,50000000.0,50000000.0,418,2026-02-04 12:40:40.190554
PHR,47.37,47.36,47.38,50000000.0,50000000.0,418,2026-02-04 12:40:40.190554
BYL,36.43,36.42,36.44,50000000.0,50000000.0,418,2026-02-04 12:40:40.190554
CLD,59.99,59.98,60.0,50000000.0,50000000.0,418,2026-02-04 12:40:40.190554
GGD,33.5,33.49,33.51,50000000.0,50000000.0,418,2026-02-04 12:40:40.190554
PNR,58.14,58.13,58.15,50000000.0,50000000.0,418,2026-02-04 12:40:40.190554
FSR,34.83,34.82,34.84,50000000.0,50000000.0,418,2026-02-04 12:40:40.190554
ATB,60.03,60.02,60.04,50000000.0,50000000.0,418,2026-02-04 12:40:40.190554
SPK,58.63,58.62,58.64,50000000.0,50000000.0,418,2026-02-04 12:40:40.190554
EEC,53.16,53.15,53.17,50000000.0,50000000.0,418,2026-02-04 12:40:40.190554
TGX,46.08,46.07,46.09,50000000.0,50000000.0,419,2026-02-04 12:40:41.228623
PHR,47.63,47.62,47.64,50000000.0,50000000.0,419,2026-02-04 12:40:41.228623
BYL,36.55,36.54,36.56,50000000.0,50000000.0,419,2026-02-04 12:40:41.228623
CLD,60.23,60.22,60.24,50000000.0,50000000.0,419,2026-02-04 12:40:41.228623
GGD,33.49,33.48,33.5,50000000.0,50000000.0,419,2026-02-04 12:40:41.228623
PNR,58.09,58.08,58.1,50000000.0,50000000.0,419,2026-02-04 12:40:41.228623
FSR,34.81,34.8,34.82,50000000.0,50000000.0,419,2026-02-04 12:40:41.228623
ATB,60.4,60.39,60.41,50000000.0,50000000.0,419,2026-02-04 12:40:41.228623
SPK,58.9,58.89,58.91,50000000.0,50000000.0,419,2026-02-04 12:40:41.228623
EEC,53.51,53.5,53.52,50000000.0,50000000.0,419,2026-02-04 12:40:41.228623
TGX,46.18,46.17,46.19,50000000.0,50000000.0,420,2026-02-04 12:40:41.762300
PHR,47.43,47.42,47.44,50000000.0,50000000.0,420,2026-02-04 12:40:41.762300
BYL,36.45,36.44,36.46,50000000.0,50000000.0,420,2026-02-04 12:40:41.762300
CLD,59.96,59.95,59.97,50000000.0,50000000.0,420,2026-02-04 12:40:41.762300
GGD,33.53,33.52,33.54,50000000.0,50000000.0,420,2026-02-04 12:40:41.762300
PNR,57.99,57.98,58.0,50000000.0,50000000.0,420,2026-02-04 12:40:41.762300
FSR,34.83,34.82,34.84,50000000.0,50000000.0,420,2026-02-04 12:40:41.762300
ATB,60.82,60.81,60.83,50000000.0,50000000.0,420,2026-02-04 12:40:41.762300
SPK,58.64,58.63,58.65,50000000.0,50000000.0,420,2026-02-04 12:40:41.762300
EEC,53.18,53.17,53.19,50000000.0,50000000.0,420,2026-02-04 12:40:41.762300
TGX,46.19,46.18,46.2,50000000.0,50000000.0,421,2026-02-04 12:40:42.795898
PHR,47.23,47.22,47.24,50000000.0,50000000.0,421,2026-02-04 12:40:42.795898
BYL,36.38,36.37,36.39,50000000.0,50000000.0,421,2026-02-04 12:40:42.795898
CLD,59.85,59.84,59.86,50000000.0,50000000.0,421,2026-02-04 12:40:42.795898
GGD,33.51,33.5,33.52,50000000.0,50000000.0,421,2026-02-04 12:40:42.795898
PNR,57.91,57.9,57.92,50000000.0,50000000.0,421,2026-02-04 12:40:42.795898
FSR,34.85,34.84,34.86,50000000.0,50000000.0,421,2026-02-04 12:40:42.795898
ATB,61.1,61.09,61.11,50000000.0,50000000.0,421,2026-02-04 12:40:42.795898
SPK,58.47,58.46,58.48,50000000.0,50000000.0,421,2026-02-04 12:40:42.795898
EEC,53.02,53.01,53.03,50000000.0,50000000.0,421,2026-02-04 12:40:42.795898
TGX,46.15,46.14,46.16,50000000.0,50000000.0,422,2026-02-04 12:40:43.824915
PHR,47.55,47.54,47.56,50000000.0,50000000.0,422,2026-02-04 12:40:43.824915
BYL,36.33,36.32,36.34,50000000.0,50000000.0,422,2026-02-04 12:40:43.824915
CLD,59.83,59.82,59.84,50000000.0,50000000.0,422,2026-02-04 12:40:43.824915
GGD,33.46,33.45,33.47,50000000.0,50000000.0,422,2026-02-04 12:40:43.824915
PNR,57.77,57.76,57.78,50000000.0,50000000.0,422,2026-02-04 12:40:43.824915
FSR,34.84,34.83,34.85,50000000.0,50000000.0,422,2026-02-04 12:40:43.824915
ATB,61.46,61.45,61.47,50000000.0,50000000.0,422,2026-02-04 12:40:43.824915
SPK,58.27,58.26,58.28,50000000.0,50000000.0,422,2026-02-04 12:40:43.824915
EEC,52.83,52.82,52.84,50000000.0,50000000.0,422,2026-02-04 12:40:43.824915
TGX,46.19,46.18,46.2,50000000.0,50000000.0,423,2026-02-04 12:40:44.852471
PHR,47.49,47.48,47.5,50000000.0,50000000.0,423,2026-02-04 12:40:44.852471
BYL,36.46,36.45,36.47,50000000.0,50000000.0,423,2026-02-04 12:40:44.852471
CLD,60.01,60.0,60.02,50000000.0,50000000.0,423,2026-02-04 12:40:44.852471
GGD,33.46,33.45,33.47,50000000.0,50000000.0,423,2026-02-04 12:40:44.852471
PNR,57.67,57.66,57.68,50000000.0,50000000.0,423,2026-02-04 12:40:44.852471
FSR,34.81,34.8,34.82,50000000.0,50000000.0,423,2026-02-04 12:40:44.852471
ATB,62.05,62.04,62.06,50000000.0,50000000.0,423,2026-02-04 12:40:44.852471
SPK,58.19,58.18,58.2,50000000.0,50000000.0,423,2026-02-04 12:40:44.852471
EEC,52.71,52.7,52.72,50000000.0,50000000.0,423,2026-02-04 12:40:44.852471
TGX,46.19,46.18,46.2,50000000.0,50000000.0,424,2026-02-04 12:40:45.886384
PHR,47.58,47.57,47.59,50000000.0,50000000.0,424,2026-02-04 12:40:45.886384
BYL,36.64,36.63,36.65,50000000.0,50000000.0,424,2026-02-04 12:40:45.886384
CLD,60.43,60.42,60.44,50000000.0,50000000.0,424,2026-02-04 12:40:45.886384
GGD,33.63,33.62,33.64,50000000.0,50000000.0,424,2026-02-04 12:40:45.886384
PNR,57.84,57.83,57.85,50000000.0,50000000.0,424,2026-02-04 12:40:45.886384
FSR,34.79,34.78,34.8,50000000.0,50000000.0,424,2026-02-04 12:40:45.886384
ATB,61.69,61.68,61.7,50000000.0,50000000.0,424,2026-02-04 12:40:45.886384
SPK,57.8,57.79,57.81,50000000.0,50000000.0,424,2026-02-04 12:40:45.886384
EEC,52.21,52.2,52.22,50000000.0,50000000.0,424,2026-02-04 12:40:45.886384
TGX,45.98,45.97,45.99,50000000.0,50000000.0,425,2026-02-04 12:40:46.919505
PHR,47.35,47.34,47.36,50000000.0,50000000.0,425,2026-02-04 12:40:46.919505
BYL,36.62,36.61,36.63,50000000.0,50000000.0,425,2026-02-04 12:40:46.919505
CLD,60.41,60.4,60.42,50000000.0,50000000.0,425,2026-02-04 12:40:46.919505
GGD,33.65,33.64,33.66,50000000.0,50000000.0,425,2026-02-04 12:40:46.919505
PNR,58.29,58.28,58.3,50000000.0,50000000.0,425,2026-02-04 12:40:46.919505
FSR,34.72,34.71,34.73,50000000.0,50000000.0,425,2026-02-04 12:40:46.919505
ATB,60.97,60.96,60.98,50000000.0,50000000.0,425,2026-02-04 12:40:46.919505
SPK,58.3,58.29,58.31,50000000.0,50000000.0,425,2026-02-04 12:40:46.919505
EEC,52.84,52.83,52.85,50000000.0,50000000.0,425,2026-02-04 12:40:46.919505
TGX,45.97,45.96,45.98,50000000.0,50000000.0,426,2026-02-04 12:40:47.967582
PHR,47.22,47.21,47.23,50000000.0,50000000.0,426,2026-02-04 12:40:47.967582
BYL,36.62,36.61,36.63,50000000.0,50000000.0,426,2026-02-04 12:40:47.967582
CLD,60.41,60.4,60.42,50000000.0,50000000.0,426,2026-02-04 12:40:47.967582
GGD,33.65,33.64,33.66,50000000.0,50000000.0,426,2026-02-04 12:40:47.967582
PNR,58.03,58.02,58.04,50000000.0,50000000.0,426,2026-02-04 12:40:47.967582
FSR,34.72,34.71,34.73,50000000.0,50000000.0,426,2026-02-04 12:40:47.967582
ATB,61.23,61.22,61.24,50000000.0,50000000.0,426,2026-02-04 12:40:47.967582
SPK,57.97,57.96,57.98,50000000.0,50000000.0,426,2026-02-04 12:40:47.967582
EEC,52.39,52.38,52.4,50000000.0,50000000.0,426,2026-02-04 12:40:47.967582
TGX,46.66,46.65,46.67,50000000.0,50000000.0,427,2026-02-04 12:40:49.008199
PHR,46.6,46.59,46.61,50000000.0,50000000.0,427,2026-02-04 12:40:49.008199
BYL,36.42,36.41,36.43,50000000.0,50000000.0,427,2026-02-04 12:40:49.008199
CLD,60.05,60.04,60.06,50000000.0,50000000.0,427,2026-02-04 12:40:49.008199
GGD,33.62,33.61,33.63,50000000.0,50000000.0,427,2026-02-04 12:40:49.008199
PNR,57.99,57.98,58.0,50000000.0,50000000.0,427,2026-02-04 12:40:49.008199
FSR,34.73,34.72,34.74,50000000.0,50000000.0,427,2026-02-04 12:40:49.008199
ATB,61.21,61.2,61.22,50000000.0,50000000.0,427,2026-02-04 12:40:49.008199
SPK,58.26,58.25,58.27,50000000.0,50000000.0,427,2026-02-04 12:40:49.008199
EEC,52.72,52.71,52.73,50000000.0,50000000.0,427,2026-02-04 12:40:49.008199
TGX,46.33,46.32,46.34,50000000.0,50000000.0,428,2026-02-04 12:40:50.046763
PHR,46.73,46.72,46.74,50000000.0,50000000.0,428,2026-02-04 12:40:50.046763
BYL,36.52,36.51,36.53,50000000.0,50000000.0,428,2026-02-04 12:40:50.046763
CLD,60.27,60.26,60.28,50000000.0,50000000.0,428,2026-02-04 12:40:50.046763
GGD,33.65,33.64,33.66,50000000.0,50000000.0,428,2026-02-04 12:40:50.046763
PNR,58.29,58.28,58.3,50000000.0,50000000.0,428,2026-02-04 12:40:50.046763
FSR,34.71,34.7,34.72,50000000.0,50000000.0,428,2026-02-04 12:40:50.046763
ATB,61.59,61.58,61.6,50000000.0,50000000.0,428,2026-02-04 12:40:50.046763
SPK,58.34,58.33,58.35,50000000.0,50000000.0,428,2026-02-04 12:40:50.046763
EEC,52.82,52.81,52.83,50000000.0,50000000.0,428,2026-02-04 12:40:50.046763
TGX,46.32,46.31,46.33,50000000.0,50000000.0,429,2026-02-04 12:40:51.090297
PHR,46.47,46.46,46.48,50000000.0,50000000.0,429,2026-02-04 12:40:51.090297
BYL,36.76,36.75,36.77,50000000.0,50000000.0,429,2026-02-04 12:40:51.090297
CLD,60.81,60.8,60.82,50000000.0,50000000.0,429,2026-02-04 12:40:51.090297
GGD,33.6,33.59,33.61,50000000.0,50000000.0,429,2026-02-04 12:40:51.090297
PNR,58.14,58.13,58.15,50000000.0,50000000.0,429,2026-02-04 12:40:51.090297
FSR,34.75,34.74,34.76,50000000.0,50000000.0,429,2026-02-04 12:40:51.090297
ATB,61.89,61.88,61.9,50000000.0,50000000.0,429,2026-02-04 12:40:51.090297
SPK,58.24,58.23,58.25,50000000.0,50000000.0,429,2026-02-04 12:40:51.090297
EEC,52.7,52.69,52.71,50000000.0,50000000.0,429,2026-02-04 12:40:51.090297
TGX,46.33,46.32,46.34,50000000.0,50000000.0,430,2026-02-04 12:40:52.131109
PHR,46.39,46.38,46.4,50000000.0,50000000.0,430,2026-02-04 12:40:52.131109
BYL,38.81,38.8,38.82,50000000.0,50000000.0,430,2026-02-04 12:40:52.131109
CLD,60.51,60.5,60.52,50000000.0,50000000.0,430,2026-02-04 12:40:52.131109
GGD,33.63,33.62,33.64,50000000.0,50000000.0,430,2026-02-04 12:40:52.131109
PNR,58.16,58.15,58.17,50000000.0,50000000.0,430,2026-02-04 12:40:52.131109
FSR,34.82,34.81,34.83,50000000.0,50000000.0,430,2026-02-04 12:40:52.131109
ATB,61.79,61.78,61.8,50000000.0,50000000.0,430,2026-02-04 12:40:52.131109
SPK,58.51,58.5,58.52,50000000.0,50000000.0,430,2026-02-04 12:40:52.131109
EEC,53.08,53.07,53.09,50000000.0,50000000.0,430,2026-02-04 12:40:52.131109
TGX,49.98,49.97,49.99,50000000.0,50000000.0,431,2026-02-04 12:40:53.169224
PHR,46.03,46.02,46.04,50000000.0,50000000.0,431,2026-02-04 12:40:53.169224
BYL,38.6,38.59,38.61,50000000.0,50000000.0,431,2026-02-04 12:40:53.169224
CLD,60.15,60.14,60.16,50000000.0,50000000.0,431,2026-02-04 12:40:53.169224
GGD,33.55,33.54,33.56,50000000.0,50000000.0,431,2026-02-04 12:40:53.169224
PNR,57.92,57.91,57.93,50000000.0,50000000.0,431,2026-02-04 12:40:53.169224
FSR,34.79,34.78,34.8,50000000.0,50000000.0,431,2026-02-04 12:40:53.169224
ATB,62.28,62.27,62.29,50000000.0,50000000.0,431,2026-02-04 12:40:53.169224
SPK,58.52,58.51,58.53,50000000.0,50000000.0,431,2026-02-04 12:40:53.169224
EEC,53.1,53.09,53.11,50000000.0,50000000.0,431,2026-02-04 12:40:53.169224
TGX,49.69,49.68,49.7,50000000.0,50000000.0,432,2026-02-04 12:40:54.207945
PHR,45.83,45.82,45.84,50000000.0,50000000.0,432,2026-02-04 12:40:54.207945
BYL,38.52,38.51,38.53,50000000.0,50000000.0,432,2026-02-04 12:40:54.207945
CLD,60.09,60.08,60.1,50000000.0,50000000.0,432,2026-02-04 12:40:54.207945
GGD,33.58,33.57,33.59,50000000.0,50000000.0,432,2026-02-04 12:40:54.207945
PNR,58.02,58.01,58.03,50000000.0,50000000.0,432,2026-02-04 12:40:54.207945
FSR,34.77,34.76,34.78,50000000.0,50000000.0,432,2026-02-04 12:40:54.207945
ATB,62.18,62.17,62.19,50000000.0,50000000.0,432,2026-02-04 12:40:54.207945
SPK,58.76,58.75,58.77,50000000.0,50000000.0,432,2026-02-04 12:40:54.207945
EEC,53.43,53.42,53.44,50000000.0,50000000.0,432,2026-02-04 12:40:54.207945
TGX,49.66,49.65,49.67,50000000.0,50000000.0,433,2026-02-04 12:40:55.245055
PHR,45.64,45.63,45.65,50000000.0,50000000.0,433,2026-02-04 12:40:55.245055
BYL,38.72,38.71,38.73,50000000.0,50000000.0,433,2026-02-04 12:40:55.245055
CLD,60.51,60.5,60.52,50000000.0,50000000.0,433,2026-02-04 12:40:55.245055
GGD,33.57,33.56,33.58,50000000.0,50000000.0,433,2026-02-04 12:40:55.245055
PNR,57.84,57.83,57.85,50000000.0,50000000.0,433,2026-02-04 12:40:55.245055
FSR,34.78,34.77,34.79,50000000.0,50000000.0,433,2026-02-04 12:40:55.245055
ATB,62.64,62.63,62.65,50000000.0,50000000.0,433,2026-02-04 12:40:55.245055
SPK,58.71,58.7,58.72,50000000.0,50000000.0,433,2026-02-04 12:40:55.245055
EEC,53.35,53.34,53.36,50000000.0,50000000.0,433,2026-02-04 12:40:55.245055
TGX,49.7,49.69,49.71,50000000.0,50000000.0,434,2026-02-04 12:40:56.287730
PHR,45.91,45.9,45.92,50000000.0,50000000.0,434,2026-02-04 12:40:56.287730
BYL,40.79,40.78,40.8,50000000.0,50000000.0,434,2026-02-04 12:40:56.287730
CLD,60.27,60.26,60.28,50000000.0,50000000.0,434,2026-02-04 12:40:56.287730
GGD,33.54,33.53,33.55,50000000.0,50000000.0,434,2026-02-04 12:40:56.287730
PNR,57.89,57.88,57.9,50000000.0,50000000.0,434,2026-02-04 12:40:56.287730
FSR,34.74,34.73,34.75,50000000.0,50000000.0,434,2026-02-04 12:40:56.287730
ATB,61.86,61.85,61.87,50000000.0,50000000.0,434,2026-02-04 12:40:56.287730
SPK,58.78,58.77,58.79,50000000.0,50000000.0,434,2026-02-04 12:40:56.287730
EEC,53.48,53.47,53.49,50000000.0,50000000.0,434,2026-02-04 12:40:56.287730
TGX,50.02,50.01,50.03,50000000.0,50000000.0,435,2026-02-04 12:40:57.326125
PHR,45.77,45.76,45.78,50000000.0,50000000.0,435,2026-02-04 12:40:57.326125
BYL,41.03,41.02,41.04,50000000.0,50000000.0,435,2026-02-04 12:40:57.326125
CLD,60.72,60.71,60.73,50000000.0,50000000.0,435,2026-02-04 12:40:57.326125
GGD,33.53,33.52,33.54,50000000.0,50000000.0,435,2026-02-04 12:40:57.326125
PNR,57.99,57.98,58.0,50000000.0,50000000.0,435,2026-02-04 12:40:57.326125
FSR,34.7,34.69,34.71,50000000.0,50000000.0,435,2026-02-04 12:40:57.326125
ATB,62.0,61.99,62.01,50000000.0,50000000.0,435,2026-02-04 12:40:57.326125
SPK,59.21,59.2,59.22,50000000.0,50000000.0,435,2026-02-04 12:40:57.326125
EEC,53.99,53.98,54.0,50000000.0,50000000.0,435,2026-02-04 12:40:57.326125
TGX,49.95,49.94,49.96,50000000.0,50000000.0,436,2026-02-04 12:40:57.859642
PHR,45.78,45.77,45.79,50000000.0,50000000.0,436,2026-02-04 12:40:57.859642
BYL,41.11,41.1,41.12,50000000.0,50000000.0,436,2026-02-04 12:40:57.859642
CLD,60.92,60.91,60.93,50000000.0,50000000.0,436,2026-02-04 12:40:57.859642
GGD,33.42,33.41,33.43,50000000.0,50000000.0,436,2026-02-04 12:40:57.859642
PNR,57.89,57.88,57.9,50000000.0,50000000.0,436,2026-02-04 12:40:57.859642
FSR,34.73,34.72,34.74,50000000.0,50000000.0,436,2026-02-04 12:40:57.859642
ATB,61.94,61.93,61.95,50000000.0,50000000.0,436,2026-02-04 12:40:57.859642
SPK,58.61,58.6,58.62,50000000.0,50000000.0,436,2026-02-04 12:40:57.859642
EEC,53.24,53.23,53.25,50000000.0,50000000.0,436,2026-02-04 12:40:57.859642
TGX,49.93,49.92,49.94,50000000.0,50000000.0,437,2026-02-04 12:40:58.894076
PHR,45.81,45.8,45.82,50000000.0,50000000.0,437,2026-02-04 12:40:58.894076
BYL,40.86,40.85,40.87,50000000.0,50000000.0,437,2026-02-04 12:40:58.894076
CLD,60.55,60.54,60.56,50000000.0,50000000.0,437,2026-02-04 12:40:58.894076
GGD,33.47,33.46,33.48,50000000.0,50000000.0,437,2026-02-04 12:40:58.894076
PNR,57.91,57.9,57.92,50000000.0,50000000.0,437,2026-02-04 12:40:58.894076
FSR,34.73,34.72,34.74,50000000.0,50000000.0,437,2026-02-04 12:40:58.894076
ATB,61.6,61.59,61.61,50000000.0,50000000.0,437,2026-02-04 12:40:58.894076
SPK,58.92,58.91,58.93,50000000.0,50000000.0,437,2026-02-04 12:40:58.894076
EEC,53.58,53.57,53.59,50000000.0,50000000.0,437,2026-02-04 12:40:58.894076
TGX,49.94,49.93,49.95,50000000.0,50000000.0,438,2026-02-04 12:40:59.923106
PHR,46.21,46.2,46.22,50000000.0,50000000.0,438,2026-02-04 12:40:59.923106
BYL,40.65,40.64,40.66,50000000.0,50000000.0,438,2026-02-04 12:40:59.923106
CLD,60.23,60.22,60.24,50000000.0,50000000.0,438,2026-02-04 12:40:59.923106
GGD,33.51,33.5,33.52,50000000.0,50000000.0,438,2026-02-04 12:40:59.923106
PNR,58.01,58.0,58.02,50000000.0,50000000.0,438,2026-02-04 12:40:59.923106
FSR,34.7,34.69,34.71,50000000.0,50000000.0,438,2026-02-04 12:40:59.923106
ATB,61.81,61.8,61.82,50000000.0,50000000.0,438,2026-02-04 12:40:59.923106
SPK,58.74,58.73,58.75,50000000.0,50000000.0,438,2026-02-04 12:40:59.923106
EEC,53.3,53.29,53.31,50000000.0,50000000.0,438,2026-02-04 12:40:59.923106
TGX,49.96,49.95,49.97,50000000.0,50000000.0,439,2026-02-04 12:41:00.955775
PHR,46.34,46.33,46.35,50000000.0,50000000.0,439,2026-02-04 12:41:00.955775
BYL,40.45,40.44,40.46,50000000.0,50000000.0,439,2026-02-04 12:41:00.955775
CLD,59.77,59.76,59.78,50000000.0,50000000.0,439,2026-02-04 12:41:00.955775
GGD,33.55,33.54,33.56,50000000.0,50000000.0,439,2026-02-04 12:41:00.955775
PNR,57.89,57.88,57.9,50000000.0,50000000.0,439,2026-02-04 12:41:00.955775
FSR,34.68,34.67,34.69,50000000.0,50000000.0,439,2026-02-04 12:41:00.955775
ATB,61.46,61.45,61.47,50000000.0,50000000.0,439,2026-02-04 12:41:00.955775
SPK,58.58,58.57,58.59,50000000.0,50000000.0,439,2026-02-04 12:41:00.955775
EEC,53.1,53.09,53.11,50000000.0,50000000.0,439,2026-02-04 12:41:00.955775
TGX,50.02,50.01,50.03,50000000.0,50000000.0,440,2026-02-04 12:41:01.989479
PHR,46.29,46.28,46.3,50000000.0,50000000.0,440,2026-02-04 12:41:01.989479
BYL,41.09,41.08,41.1,50000000.0,50000000.0,440,2026-02-04 12:41:01.989479
CLD,60.78,60.77,60.79,50000000.0,50000000.0,440,2026-02-04 12:41:01.989479
GGD,33.48,33.47,33.49,50000000.0,50000000.0,440,2026-02-04 12:41:01.989479
PNR,57.65,57.64,57.66,50000000.0,50000000.0,440,2026-02-04 12:41:01.989479
FSR,34.66,34.65,34.67,50000000.0,50000000.0,440,2026-02-04 12:41:01.989479
ATB,61.23,61.22,61.24,50000000.0,50000000.0,440,2026-02-04 12:41:01.989479
SPK,58.96,58.95,58.97,50000000.0,50000000.0,440,2026-02-04 12:41:01.989479
EEC,53.58,53.57,53.59,50000000.0,50000000.0,440,2026-02-04 12:41:01.989479
TGX,50.07,50.06,50.08,50000000.0,50000000.0,441,2026-02-04 12:41:03.032728
PHR,46.27,46.26,46.28,50000000.0,50000000.0,441,2026-02-04 12:41:03.032728
BYL,41.08,41.07,41.09,50000000.0,50000000.0,441,2026-02-04 12:41:03.032728
CLD,60.68,60.67,60.69,50000000.0,50000000.0,441,2026-02-04 12:41:03.032728
GGD,33.57,33.56,33.58,50000000.0,50000000.0,441,2026-02-04 12:41:03.032728
PNR,57.73,57.72,57.74,50000000.0,50000000.0,441,2026-02-04 12:41:03.032728
FSR,34.54,34.53,34.55,50000000.0,50000000.0,441,2026-02-04 12:41:03.032728
ATB,60.47,60.46,60.48,50000000.0,50000000.0,441,2026-02-04 12:41:03.032728
SPK,59.69,59.68,59.7,50000000.0,50000000.0,441,2026-02-04 12:41:03.032728
EEC,54.52,54.51,54.53,50000000.0,50000000.0,441,2026-02-04 12:41:03.032728
TGX,50.03,50.02,50.04,50000000.0,50000000.0,442,2026-02-04 12:41:04.224094
PHR,46.51,46.5,46.52,50000000.0,50000000.0,442,2026-02-04 12:41:04.224094
BYL,41.04,41.03,41.05,50000000.0,50000000.0,442,2026-02-04 12:41:04.224094
CLD,60.58,60.57,60.59,50000000.0,50000000.0,442,2026-02-04 12:41:04.224094
GGD,33.56,33.55,33.57,50000000.0,50000000.0,442,2026-02-04 12:41:04.224094
PNR,57.83,57.82,57.84,50000000.0,50000000.0,442,2026-02-04 12:41:04.224094
FSR,34.58,34.57,34.59,50000000.0,50000000.0,442,2026-02-04 12:41:04.224094
ATB,61.05,61.04,61.06,50000000.0,50000000.0,442,2026-02-04 12:41:04.224094
SPK,60.17,60.16,60.18,50000000.0,50000000.0,442,2026-02-04 12:41:04.224094
EEC,55.17,55.16,55.18,50000000.0,50000000.0,442,2026-02-04 12:41:04.224094
TGX,49.99,49.98,50.0,50000000.0,50000000.0,443,2026-02-04 12:41:05.322077
PHR,46.33,46.32,46.34,50000000.0,50000000.0,443,2026-02-04 12:41:05.322077
BYL,40.97,40.96,40.98,50000000.0,50000000.0,443,2026-02-04 12:41:05.322077
CLD,60.55,60.54,60.56,50000000.0,50000000.0,443,2026-02-04 12:41:05.322077
GGD,33.6,33.59,33.61,50000000.0,50000000.0,443,2026-02-04 12:41:05.322077
PNR,57.68,57.67,57.69,50000000.0,50000000.0,443,2026-02-04 12:41:05.322077
FSR,34.6,34.59,34.61,50000000.0,50000000.0,443,2026-02-04 12:41:05.322077
ATB,60.83,60.82,60.84,50000000.0,50000000.0,443,2026-02-04 12:41:05.322077
SPK,60.25,60.24,60.26,50000000.0,50000000.0,443,2026-02-04 12:41:05.322077
EEC,55.35,55.34,55.36,50000000.0,50000000.0,443,2026-02-04 12:41:05.322077
TGX,49.97,49.96,49.98,50000000.0,50000000.0,444,2026-02-04 12:41:06.359705
PHR,46.31,46.3,46.32,50000000.0,50000000.0,444,2026-02-04 12:41:06.359705
BYL,40.94,40.93,40.95,50000000.0,50000000.0,444,2026-02-04 12:41:06.359705
CLD,60.45,60.44,60.46,50000000.0,50000000.0,444,2026-02-04 12:41:06.359705
GGD,33.63,33.62,33.64,50000000.0,50000000.0,444,2026-02-04 12:41:06.359705
PNR,57.81,57.8,57.82,50000000.0,50000000.0,444,2026-02-04 12:41:06.359705
FSR,34.52,34.51,34.53,50000000.0,50000000.0,444,2026-02-04 12:41:06.359705
ATB,60.65,60.64,60.66,50000000.0,50000000.0,444,2026-02-04 12:41:06.359705
SPK,60.56,60.55,60.57,50000000.0,50000000.0,444,2026-02-04 12:41:06.359705
EEC,55.78,55.77,55.79,50000000.0,50000000.0,444,2026-02-04 12:41:06.359705
TGX,50.01,50.0,50.02,50000000.0,50000000.0,445,2026-02-04 12:41:06.909162
PHR,46.03,46.02,46.04,50000000.0,50000000.0,445,2026-02-04 12:41:06.909162
BYL,40.65,40.64,40.66,50000000.0,50000000.0,445,2026-02-04 12:41:06.909162
CLD,59.93,59.92,59.94,50000000.0,50000000.0,445,2026-02-04 12:41:06.909162
GGD,33.57,33.56,33.58,50000000.0,50000000.0,445,2026-02-04 12:41:06.909162
PNR,57.94,57.93,57.95,50000000.0,50000000.0,445,2026-02-04 12:41:06.909162
FSR,34.54,34.53,34.55,50000000.0,50000000.0,445,2026-02-04 12:41:06.909162
ATB,60.78,60.77,60.79,50000000.0,50000000.0,445,2026-02-04 12:41:06.909162
SPK,60.55,60.54,60.56,50000000.0,50000000.0,445,2026-02-04 12:41:06.909162
EEC,55.82,55.81,55.83,50000000.0,50000000.0,445,2026-02-04 12:41:06.909162
TGX,50.01,50.0,50.02,50000000.0,50000000.0,446,2026-02-04 12:41:07.952201
PHR,46.09,46.08,46.1,50000000.0,50000000.0,446,2026-02-04 12:41:07.952201
BYL,40.75,40.74,40.76,50000000.0,50000000.0,446,2026-02-04 12:41:07.952201
CLD,60.09,60.08,60.1,50000000.0,50000000.0,446,2026-02-04 12:41:07.952201
GGD,33.58,33.57,33.59,50000000.0,50000000.0,446,2026-02-04 12:41:07.952201
PNR,57.82,57.81,57.83,50000000.0,50000000.0,446,2026-02-04 12:41:07.952201
FSR,34.55,34.54,34.56,50000000.0,50000000.0,446,2026-02-04 12:41:07.952201
ATB,61.12,61.11,61.13,50000000.0,50000000.0,446,2026-02-04 12:41:07.952201
SPK,59.95,59.94,59.96,50000000.0,50000000.0,446,2026-02-04 12:41:07.952201
EEC,55.03,55.02,55.04,50000000.0,50000000.0,446,2026-02-04 12:41:07.952201
TGX,50.02,50.01,50.03,50000000.0,50000000.0,447,2026-02-04 12:41:08.985902
PHR,45.93,45.92,45.94,50000000.0,50000000.0,447,2026-02-04 12:41:08.985902
BYL,40.46,40.45,40.47,50000000.0,50000000.0,447,2026-02-04 12:41:08.985902
CLD,59.59,59.58,59.6,50000000.0,50000000.0,447,2026-02-04 12:41:08.985902
GGD,33.57,33.56,33.58,50000000.0,50000000.0,447,2026-02-04 12:41:08.985902
PNR,57.73,57.72,57.74,50000000.0,50000000.0,447,2026-02-04 12:41:08.985902
FSR,34.56,34.55,34.57,50000000.0,50000000.0,447,2026-02-04 12:41:08.985902
ATB,60.84,60.83,60.85,50000000.0,50000000.0,447,2026-02-04 12:41:08.985902
SPK,60.34,60.33,60.35,50000000.0,50000000.0,447,2026-02-04 12:41:08.985902
EEC,55.53,55.52,55.54,50000000.0,50000000.0,447,2026-02-04 12:41:08.985902
TGX,50.01,50.0,50.02,50000000.0,50000000.0,448,2026-02-04 12:41:10.016513
PHR,46.1,46.09,46.11,50000000.0,50000000.0,448,2026-02-04 12:41:10.016513
BYL,40.44,40.43,40.45,50000000.0,50000000.0,448,2026-02-04 12:41:10.016513
CLD,59.59,59.58,59.6,50000000.0,50000000.0,448,2026-02-04 12:41:10.016513
GGD,33.54,33.53,33.55,50000000.0,50000000.0,448,2026-02-04 12:41:10.016513
PNR,58.09,58.08,58.1,50000000.0,50000000.0,448,2026-02-04 12:41:10.016513
FSR,34.58,34.57,34.59,50000000.0,50000000.0,448,2026-02-04 12:41:10.016513
ATB,60.02,60.01,60.03,50000000.0,50000000.0,448,2026-02-04 12:41:10.016513
SPK,60.24,60.23,60.25,50000000.0,50000000.0,448,2026-02-04 12:41:10.016513
EEC,55.36,55.35,55.37,50000000.0,50000000.0,448,2026-02-04 12:41:10.016513
TGX,49.97,49.96,49.98,50000000.0,50000000.0,449,2026-02-04 12:41:11.048245
PHR,45.82,45.81,45.83,50000000.0,50000000.0,449,2026-02-04 12:41:11.048245
BYL,40.24,40.23,40.25,50000000.0,50000000.0,449,2026-02-04 12:41:11.048245
CLD,59.2,59.19,59.21,50000000.0,50000000.0,449,2026-02-04 12:41:11.048245
GGD,33.38,33.37,33.39,50000000.0,50000000.0,449,2026-02-04 12:41:11.048245
PNR,57.83,57.82,57.84,50000000.0,50000000.0,449,2026-02-04 12:41:11.048245
FSR,34.47,34.46,34.48,50000000.0,50000000.0,449,2026-02-04 12:41:11.048245
ATB,59.58,59.57,59.59,50000000.0,50000000.0,449,2026-02-04 12:41:11.048245
SPK,59.98,59.97,59.99,50000000.0,50000000.0,449,2026-02-04 12:41:11.048245
EEC,55.05,55.04,55.06,50000000.0,50000000.0,449,2026-02-04 12:41:11.048245
TGX,50.01,50.0,50.02,50000000.0,50000000.0,450,2026-02-04 12:41:12.090338
PHR,45.77,45.76,45.78,50000000.0,50000000.0,450,2026-02-04 12:41:12.090338
BYL,40.43,40.42,40.44,50000000.0,50000000.0,450,2026-02-04 12:41:12.090338
CLD,59.45,59.44,59.46,50000000.0,50000000.0,450,2026-02-04 12:41:12.090338
GGD,33.36,33.35,33.37,50000000.0,50000000.0,450,2026-02-04 12:41:12.090338
PNR,57.71,57.7,57.72,50000000.0,50000000.0,450,2026-02-04 12:41:12.090338
FSR,34.5,34.49,34.51,50000000.0,50000000.0,450,2026-02-04 12:41:12.090338
ATB,58.91,58.9,58.92,50000000.0,50000000.0,450,2026-02-04 12:41:12.090338
SPK,59.78,59.77,59.79,50000000.0,50000000.0,450,2026-02-04 12:41:12.090338
EEC,54.84,54.83,54.85,50000000.0,50000000.0,450,2026-02-04 12:41:12.090338
TGX,49.98,49.97,49.99,50000000.0,50000000.0,451,2026-02-04 12:41:13.134623
PHR,45.9,45.89,45.91,50000000.0,50000000.0,451,2026-02-04 12:41:13.134623
BYL,40.47,40.46,40.48,50000000.0,50000000.0,451,2026-02-04 12:41:13.134623
CLD,59.47,59.46,59.48,50000000.0,50000000.0,451,2026-02-04 12:41:13.134623
GGD,33.31,33.3,33.32,50000000.0,50000000.0,451,2026-02-04 12:41:13.134623
PNR,57.51,57.5,57.52,50000000.0,50000000.0,451,2026-02-04 12:41:13.134623
FSR,34.55,34.54,34.56,50000000.0,50000000.0,451,2026-02-04 12:41:13.134623
ATB,59.34,59.33,59.35,50000000.0,50000000.0,451,2026-02-04 12:41:13.134623
SPK,59.33,59.32,59.34,50000000.0,50000000.0,451,2026-02-04 12:41:13.134623
EEC,54.24,54.23,54.25,50000000.0,50000000.0,451,2026-02-04 12:41:13.134623
TGX,50.01,50.0,50.02,50000000.0,50000000.0,452,2026-02-04 12:41:14.171607
PHR,46.24,46.23,46.25,50000000.0,50000000.0,452,2026-02-04 12:41:14.171607
BYL,40.56,40.55,40.57,50000000.0,50000000.0,452,2026-02-04 12:41:14.171607
CLD,59.65,59.64,59.66,50000000.0,50000000.0,452,2026-02-04 12:41:14.171607
GGD,33.35,33.34,33.36,50000000.0,50000000.0,452,2026-02-04 12:41:14.171607
PNR,57.48,57.47,57.49,50000000.0,50000000.0,452,2026-02-04 12:41:14.171607
FSR,34.5,34.49,34.51,50000000.0,50000000.0,452,2026-02-04 12:41:14.171607
ATB,59.5,59.49,59.51,50000000.0,50000000.0,452,2026-02-04 12:41:14.171607
SPK,59.24,59.23,59.25,50000000.0,50000000.0,452,2026-02-04 12:41:14.171607
EEC,54.16,54.15,54.17,50000000.0,50000000.0,452,2026-02-04 12:41:14.171607
TGX,49.99,49.98,50.0,50000000.0,50000000.0,453,2026-02-04 12:41:15.226034
PHR,46.22,46.21,46.23,50000000.0,50000000.0,453,2026-02-04 12:41:15.226034
BYL,40.24,40.23,40.25,50000000.0,50000000.0,453,2026-02-04 12:41:15.226034
CLD,59.17,59.16,59.18,50000000.0,50000000.0,453,2026-02-04 12:41:15.226034
GGD,33.28,33.27,33.29,50000000.0,50000000.0,453,2026-02-04 12:41:15.226034
PNR,57.45,57.44,57.46,50000000.0,50000000.0,453,2026-02-04 12:41:15.226034
FSR,34.52,34.51,34.53,50000000.0,50000000.0,453,2026-02-04 12:41:15.226034
ATB,59.37,59.36,59.38,50000000.0,50000000.0,453,2026-02-04 12:41:15.226034
SPK,59.16,59.15,59.17,50000000.0,50000000.0,453,2026-02-04 12:41:15.226034
EEC,54.08,54.07,54.09,50000000.0,50000000.0,453,2026-02-04 12:41:15.226034
TGX,49.93,49.92,49.94,50000000.0,50000000.0,454,2026-02-04 12:41:16.262062
PHR,46.21,46.2,46.22,50000000.0,50000000.0,454,2026-02-04 12:41:16.262062
BYL,39.95,39.94,39.96,50000000.0,50000000.0,454,2026-02-04 12:41:16.262062
CLD,58.79,58.78,58.8,50000000.0,50000000.0,454,2026-02-04 12:41:16.262062
GGD,33.33,33.32,33.34,50000000.0,50000000.0,454,2026-02-04 12:41:16.262062
PNR,57.2,57.19,57.21,50000000.0,50000000.0,454,2026-02-04 12:41:16.262062
FSR,34.48,34.47,34.49,50000000.0,50000000.0,454,2026-02-04 12:41:16.262062
ATB,59.29,59.28,59.3,50000000.0,50000000.0,454,2026-02-04 12:41:16.262062
SPK,58.95,58.94,58.96,50000000.0,50000000.0,454,2026-02-04 12:41:16.262062
EEC,53.78,53.77,53.79,50000000.0,50000000.0,454,2026-02-04 12:41:16.262062
TGX,49.91,49.9,49.92,50000000.0,50000000.0,455,2026-02-04 12:41:17.291681
PHR,46.27,46.26,46.28,50000000.0,50000000.0,455,2026-02-04 12:41:17.291681
BYL,39.84,39.83,39.85,50000000.0,50000000.0,455,2026-02-04 12:41:17.291681
CLD,58.57,58.56,58.58,50000000.0,50000000.0,455,2026-02-04 12:41:17.291681
GGD,33.33,33.32,33.34,50000000.0,50000000.0,455,2026-02-04 12:41:17.291681
PNR,57.48,57.47,57.49,50000000.0,50000000.0,455,2026-02-04 12:41:17.291681
FSR,34.48,34.47,34.49,50000000.0,50000000.0,455,2026-02-04 12:41:17.291681
ATB,59.7,59.69,59.71,50000000.0,50000000.0,455,2026-02-04 12:41:17.291681
SPK,58.87,58.86,58.88,50000000.0,50000000.0,455,2026-02-04 12:41:17.291681
EEC,53.69,53.68,53.7,50000000.0,50000000.0,455,2026-02-04 12:41:17.291681
TGX,50.02,50.01,50.03,50000000.0,50000000.0,456,2026-02-04 12:41:18.323344
PHR,46.11,46.1,46.12,50000000.0,50000000.0,456,2026-02-04 12:41:18.323344
BYL,39.98,39.97,39.99,50000000.0,50000000.0,456,2026-02-04 12:41:18.323344
CLD,58.68,58.67,58.69,50000000.0,50000000.0,456,2026-02-04 12:41:18.323344
GGD,33.38,33.37,33.39,50000000.0,50000000.0,456,2026-02-04 12:41:18.323344
PNR,57.38,57.37,57.39,50000000.0,50000000.0,456,2026-02-04 12:41:18.323344
FSR,34.34,34.33,34.35,50000000.0,50000000.0,456,2026-02-04 12:41:18.323344
ATB,59.52,59.51,59.53,50000000.0,50000000.0,456,2026-02-04 12:41:18.323344
SPK,58.95,58.94,58.96,50000000.0,50000000.0,456,2026-02-04 12:41:18.323344
EEC,53.83,53.82,53.84,50000000.0,50000000.0,456,2026-02-04 12:41:18.323344
TGX,49.99,49.98,50.0,50000000.0,50000000.0,457,2026-02-04 12:41:19.361426
PHR,46.17,46.16,46.18,50000000.0,50000000.0,457,2026-02-04 12:41:19.361426
BYL,39.99,39.98,40.0,50000000.0,50000000.0,457,2026-02-04 12:41:19.361426
CLD,58.74,58.73,58.75,50000000.0,50000000.0,457,2026-02-04 12:41:19.361426
GGD,33.38,33.37,33.39,50000000.0,50000000.0,457,2026-02-04 12:41:19.361426
PNR,57.28,57.27,57.29,50000000.0,50000000.0,457,2026-02-04 12:41:19.361426
FSR,34.39,34.38,34.4,50000000.0,50000000.0,457,2026-02-04 12:41:19.361426
ATB,59.64,59.63,59.65,50000000.0,50000000.0,457,2026-02-04 12:41:19.361426
SPK,58.73,58.72,58.74,50000000.0,50000000.0,457,2026-02-04 12:41:19.361426
EEC,53.56,53.55,53.57,50000000.0,50000000.0,457,2026-02-04 12:41:19.361426
TGX,50.02,50.01,50.03,50000000.0,50000000.0,458,2026-02-04 12:41:20.418672
PHR,46.35,46.34,46.36,50000000.0,50000000.0,458,2026-02-04 12:41:20.418672
BYL,40.17,40.16,40.18,50000000.0,50000000.0,458,2026-02-04 12:41:20.418672
CLD,58.98,58.97,58.99,50000000.0,50000000.0,458,2026-02-04 12:41:20.418672
GGD,33.29,33.28,33.3,50000000.0,50000000.0,458,2026-02-04 12:41:20.418672
PNR,57.06,57.05,57.07,50000000.0,50000000.0,458,2026-02-04 12:41:20.418672
FSR,34.39,34.38,34.4,50000000.0,50000000.0,458,2026-02-04 12:41:20.418672
ATB,59.69,59.68,59.7,50000000.0,50000000.0,458,2026-02-04 12:41:20.418672
SPK,59.02,59.01,59.03,50000000.0,50000000.0,458,2026-02-04 12:41:20.418672
EEC,53.84,53.83,53.85,50000000.0,50000000.0,458,2026-02-04 12:41:20.418672
TGX,50.07,50.06,50.08,50000000.0,50000000.0,459,2026-02-04 12:41:20.949225
PHR,46.41,46.4,46.42,50000000.0,50000000.0,459,2026-02-04 12:41:20.949225
BYL,40.15,40.14,40.16,50000000.0,50000000.0,459,2026-02-04 12:41:20.949225
CLD,58.98,58.97,58.99,50000000.0,50000000.0,459,2026-02-04 12:41:20.949225
GGD,33.28,33.27,33.29,50000000.0,50000000.0,459,2026-02-04 12:41:20.949225
PNR,57.31,57.3,57.32,50000000.0,50000000.0,459,2026-02-04 12:41:20.949225
FSR,34.31,34.3,34.32,50000000.0,50000000.0,459,2026-02-04 12:41:20.949225
ATB,59.98,59.97,59.99,50000000.0,50000000.0,459,2026-02-04 12:41:20.949225
SPK,59.29,59.28,59.3,50000000.0,50000000.0,459,2026-02-04 12:41:20.949225
EEC,54.25,54.24,54.26,50000000.0,50000000.0,459,2026-02-04 12:41:20.949225
TGX,50.08,50.07,50.09,50000000.0,50000000.0,460,2026-02-04 12:41:21.983395
PHR,46.47,46.46,46.48,50000000.0,50000000.0,460,2026-02-04 12:41:21.983395
BYL,40.08,40.07,40.09,50000000.0,50000000.0,460,2026-02-04 12:41:21.983395
CLD,58.83,58.82,58.84,50000000.0,50000000.0,460,2026-02-04 12:41:21.983395
GGD,33.26,33.25,33.27,50000000.0,50000000.0,460,2026-02-04 12:41:21.983395
PNR,57.3,57.29,57.31,50000000.0,50000000.0,460,2026-02-04 12:41:21.983395
FSR,34.28,34.27,34.29,50000000.0,50000000.0,460,2026-02-04 12:41:21.983395
ATB,59.04,59.03,59.05,50000000.0,50000000.0,460,2026-02-04 12:41:21.983395
SPK,58.89,58.88,58.9,50000000.0,50000000.0,460,2026-02-04 12:41:21.983395
EEC,53.79,53.78,53.8,50000000.0,50000000.0,460,2026-02-04 12:41:21.983395
TGX,50.09,50.08,50.1,50000000.0,50000000.0,461,2026-02-04 12:41:23.017603
PHR,46.68,46.67,46.69,50000000.0,50000000.0,461,2026-02-04 12:41:23.017603
BYL,40.04,40.03,40.05,50000000.0,50000000.0,461,2026-02-04 12:41:23.017603
CLD,58.8,58.79,58.81,50000000.0,50000000.0,461,2026-02-04 12:41:23.017603
GGD,33.25,33.24,33.26,50000000.0,50000000.0,461,2026-02-04 12:41:23.017603
PNR,57.34,57.33,57.35,50000000.0,50000000.0,461,2026-02-04 12:41:23.017603
FSR,34.33,34.32,34.34,50000000.0,50000000.0,461,2026-02-04 12:41:23.017603
ATB,58.37,58.36,58.38,50000000.0,50000000.0,461,2026-02-04 12:41:23.017603
SPK,58.53,58.52,58.54,50000000.0,50000000.0,461,2026-02-04 12:41:23.017603
EEC,53.31,53.3,53.32,50000000.0,50000000.0,461,2026-02-04 12:41:23.017603
TGX,50.05,50.04,50.06,50000000.0,50000000.0,462,2026-02-04 12:41:24.048945
PHR,46.65,46.64,46.66,50000000.0,50000000.0,462,2026-02-04 12:41:24.048945
BYL,40.28,40.27,40.29,50000000.0,50000000.0,462,2026-02-04 12:41:24.048945
CLD,59.19,59.18,59.2,50000000.0,50000000.0,462,2026-02-04 12:41:24.048945
GGD,33.27,33.26,33.28,50000000.0,50000000.0,462,2026-02-04 12:41:24.048945
PNR,57.24,57.23,57.25,50000000.0,50000000.0,462,2026-02-04 12:41:24.048945
FSR,34.33,34.32,34.34,50000000.0,50000000.0,462,2026-02-04 12:41:24.048945
ATB,58.31,58.3,58.32,50000000.0,50000000.0,462,2026-02-04 12:41:24.048945
SPK,58.03,58.02,58.04,50000000.0,50000000.0,462,2026-02-04 12:41:24.048945
EEC,52.61,52.6,52.62,50000000.0,50000000.0,462,2026-02-04 12:41:24.048945
TGX,50.01,50.0,50.02,50000000.0,50000000.0,463,2026-02-04 12:41:25.077361
PHR,46.56,46.55,46.57,50000000.0,50000000.0,463,2026-02-04 12:41:25.077361
BYL,40.16,40.15,40.17,50000000.0,50000000.0,463,2026-02-04 12:41:25.077361
CLD,59.03,59.02,59.04,50000000.0,50000000.0,463,2026-02-04 12:41:25.077361
GGD,33.29,33.28,33.3,50000000.0,50000000.0,463,2026-02-04 12:41:25.077361
PNR,57.25,57.24,57.26,50000000.0,50000000.0,463,2026-02-04 12:41:25.077361
FSR,34.3,34.29,34.31,50000000.0,50000000.0,463,2026-02-04 12:41:25.077361
ATB,58.73,58.72,58.74,50000000.0,50000000.0,463,2026-02-04 12:41:25.077361
SPK,58.11,58.1,58.12,50000000.0,50000000.0,463,2026-02-04 12:41:25.077361
EEC,52.76,52.75,52.77,50000000.0,50000000.0,463,2026-02-04 12:41:25.077361
TGX,50.02,50.01,50.03,50000000.0,50000000.0,464,2026-02-04 12:41:26.107549
PHR,46.68,46.67,46.69,50000000.0,50000000.0,464,2026-02-04 12:41:26.107549
BYL,40.5,40.49,40.51,50000000.0,50000000.0,464,2026-02-04 12:41:26.107549
CLD,59.58,59.57,59.59,50000000.0,50000000.0,464,2026-02-04 12:41:26.107549
GGD,33.21,33.2,33.22,50000000.0,50000000.0,464,2026-02-04 12:41:26.107549
PNR,57.21,57.2,57.22,50000000.0,50000000.0,464,2026-02-04 12:41:26.107549
FSR,34.37,34.36,34.38,50000000.0,50000000.0,464,2026-02-04 12:41:26.107549
ATB,58.79,58.78,58.8,50000000.0,50000000.0,464,2026-02-04 12:41:26.107549
SPK,58.7,58.69,58.71,50000000.0,50000000.0,464,2026-02-04 12:41:26.107549
EEC,53.53,53.52,53.54,50000000.0,50000000.0,464,2026-02-04 12:41:26.107549
TGX,50.0,49.99,50.01,50000000.0,50000000.0,465,2026-02-04 12:41:27.138082
PHR,46.49,46.48,46.5,50000000.0,50000000.0,465,2026-02-04 12:41:27.138082
BYL,40.47,40.46,40.48,50000000.0,50000000.0,465,2026-02-04 12:41:27.138082
CLD,59.59,59.58,59.6,50000000.0,50000000.0,465,2026-02-04 12:41:27.138082
GGD,33.14,33.13,33.15,50000000.0,50000000.0,465,2026-02-04 12:41:27.138082
PNR,57.38,57.37,57.39,50000000.0,50000000.0,465,2026-02-04 12:41:27.138082
FSR,34.29,34.28,34.3,50000000.0,50000000.0,465,2026-02-04 12:41:27.138082
ATB,58.85,58.84,58.86,50000000.0,50000000.0,465,2026-02-04 12:41:27.138082
SPK,58.36,58.35,58.37,50000000.0,50000000.0,465,2026-02-04 12:41:27.138082
EEC,53.05,53.04,53.06,50000000.0,50000000.0,465,2026-02-04 12:41:27.138082
TGX,49.99,49.98,50.0,50000000.0,50000000.0,466,2026-02-04 12:41:28.187142
PHR,46.56,46.55,46.57,50000000.0,50000000.0,466,2026-02-04 12:41:28.187142
BYL,40.57,40.56,40.58,50000000.0,50000000.0,466,2026-02-04 12:41:28.187142
CLD,59.89,59.88,59.9,50000000.0,50000000.0,466,2026-02-04 12:41:28.187142
GGD,33.14,33.13,33.15,50000000.0,50000000.0,466,2026-02-04 12:41:28.187142
PNR,57.4,57.39,57.41,50000000.0,50000000.0,466,2026-02-04 12:41:28.187142
FSR,34.36,34.35,34.37,50000000.0,50000000.0,466,2026-02-04 12:41:28.187142
ATB,58.56,58.55,58.57,50000000.0,50000000.0,466,2026-02-04 12:41:28.187142
SPK,58.32,58.31,58.33,50000000.0,50000000.0,466,2026-02-04 12:41:28.187142
EEC,52.98,52.97,52.99,50000000.0,50000000.0,466,2026-02-04 12:41:28.187142
TGX,50.04,50.03,50.05,50000000.0,50000000.0,467,2026-02-04 12:41:29.252955,47.0,1.0,466.0,D4-FSR/ATB,Sell-Side Analysts Issue Divergent Valuation Assessments,"Equity research analysts covering the FinSure/Atlas Bank transaction have published updated notes with materially different conclusions on deal accretion and synergy realization timelines. Bull-case estimates cite accelerated revenue opportunities, while bear-case analysts highlight integration execution risk and uncertain market conditions in retail and commercial banking. The divergence has contributed to wider-than-typical bid-ask spreads in both securities."
PHR,46.99,46.98,47.0,50000000.0,50000000.0,467,2026-02-04 12:41:29.252955,,,,,,
BYL,40.58,40.57,40.59,50000000.0,50000000.0,467,2026-02-04 12:41:29.252955,,,,,,
CLD,59.91,59.9,59.92,50000000.0,50000000.0,467,2026-02-04 12:41:29.252955,,,,,,
GGD,33.25,33.24,33.26,50000000.0,50000000.0,467,2026-02-04 12:41:29.252955,,,,,,
PNR,57.56,57.55,57.57,50000000.0,50000000.0,467,2026-02-04 12:41:29.252955,,,,,,
FSR,34.41,34.4,34.42,50000000.0,50000000.0,467,2026-02-04 12:41:29.252955,,,,,,
ATB,58.43,58.42,58.44,50000000.0,50000000.0,467,2026-02-04 12:41:29.252955,,,,,,
SPK,58.68,58.67,58.69,50000000.0,50000000.0,467,2026-02-04 12:41:29.252955,,,,,,
EEC,53.39,53.38,53.4,50000000.0,50000000.0,467,2026-02-04 12:41:29.252955,,,,,,
TGX,50.04,50.03,50.05,50000000.0,50000000.0,468,2026-02-04 12:41:30.291660,48.0,1.0,467.0,D1-TGX/PHR,FTC Staff Holds Technical Working Session,"Staff from the FTC convened a technical working session with advisors to both Targenix and Pharmaco to discuss outstanding questions regarding the proposed transaction. The agenda and tone of the meeting have not been disclosed. Some regulatory specialists interpret the session as constructive engagement, while others note that such meetings can also precede formal requests for additional information or remedies."
PHR,46.8,46.79,46.81,50000000.0,50000000.0,468,2026-02-04 12:41:30.291660,,,,,,
BYL,40.45,40.44,40.46,50000000.0,50000000.0,468,2026-02-04 12:41:30.291660,,,,,,
CLD,59.68,59.67,59.69,50000000.0,50000000.0,468,2026-02-04 12:41:30.291660,,,,,,
GGD,33.29,33.28,33.3,50000000.0,50000000.0,468,2026-02-04 12:41:30.291660,,,,,,
PNR,57.51,57.5,57.52,50000000.0,50000000.0,468,2026-02-04 12:41:30.291660,,,,,,
FSR,34.49,34.48,34.5,50000000.0,50000000.0,468,2026-02-04 12:41:30.291660,,,,,,
ATB,58.58,58.57,58.59,50000000.0,50000000.0,468,2026-02-04 12:41:30.291660,,,,,,
SPK,57.93,57.92,57.94,50000000.0,50000000.0,468,2026-02-04 12:41:30.291660,,,,,,
EEC,52.42,52.41,52.43,50000000.0,50000000.0,468,2026-02-04 12:41:30.291660,,,,,,
TGX,50.07,50.06,50.08,50000000.0,50000000.0,469,2026-02-04 12:41:31.340349
PHR,46.71,46.7,46.72,50000000.0,50000000.0,469,2026-02-04 12:41:31.340349
BYL,41.01,41.0,41.02,50000000.0,50000000.0,469,2026-02-04 12:41:31.340349
CLD,60.55,60.54,60.56,50000000.0,50000000.0,469,2026-02-04 12:41:31.340349
GGD,33.43,33.42,33.44,50000000.0,50000000.0,469,2026-02-04 12:41:31.340349
PNR,57.56,57.55,57.57,50000000.0,50000000.0,469,2026-02-04 12:41:31.340349
FSR,34.45,34.44,34.46,50000000.0,50000000.0,469,2026-02-04 12:41:31.340349
ATB,58.22,58.21,58.23,50000000.0,50000000.0,469,2026-02-04 12:41:31.340349
SPK,58.04,58.03,58.05,50000000.0,50000000.0,469,2026-02-04 12:41:31.340349
EEC,52.56,52.55,52.57,50000000.0,50000000.0,469,2026-02-04 12:41:31.340349
TGX,50.0,49.99,50.01,50000000.0,50000000.0,470,2026-02-04 12:41:32.369721,49.0,1.0,469.0,D1-TGX/PHR,UK CMA Provisionally Clears Deal,The UK Competition and Markets Authority has issued a provisional finding that the transaction does not raise substantial competition concerns in UK markets.
PHR,46.7,46.69,46.71,50000000.0,50000000.0,470,2026-02-04 12:41:32.369721,,,,,,
BYL,41.09,41.08,41.1,50000000.0,50000000.0,470,2026-02-04 12:41:32.369721,,,,,,
CLD,60.65,60.64,60.66,50000000.0,50000000.0,470,2026-02-04 12:41:32.369721,,,,,,
GGD,33.47,33.46,33.48,50000000.0,50000000.0,470,2026-02-04 12:41:32.369721,,,,,,
PNR,57.79,57.78,57.8,50000000.0,50000000.0,470,2026-02-04 12:41:32.369721,,,,,,
FSR,34.49,34.48,34.5,50000000.0,50000000.0,470,2026-02-04 12:41:32.369721,,,,,,
ATB,57.54,57.53,57.55,50000000.0,50000000.0,470,2026-02-04 12:41:32.369721,,,,,,
SPK,58.14,58.13,58.15,50000000.0,50000000.0,470,2026-02-04 12:41:32.369721,,,,,,
EEC,52.67,52.66,52.68,50000000.0,50000000.0,470,2026-02-04 12:41:32.369721,,,,,,
TGX,49.97,49.96,49.98,50000000.0,50000000.0,471,2026-02-04 12:41:33.402633
PHR,47.12,47.11,47.13,50000000.0,50000000.0,471,2026-02-04 12:41:33.402633
BYL,41.22,41.21,41.23,50000000.0,50000000.0,471,2026-02-04 12:41:33.402633
CLD,60.88,60.87,60.89,50000000.0,50000000.0,471,2026-02-04 12:41:33.402633
GGD,33.62,33.61,33.63,50000000.0,50000000.0,471,2026-02-04 12:41:33.402633
PNR,57.9,57.89,57.91,50000000.0,50000000.0,471,2026-02-04 12:41:33.402633
FSR,34.47,34.46,34.48,50000000.0,50000000.0,471,2026-02-04 12:41:33.402633
ATB,57.7,57.69,57.71,50000000.0,50000000.0,471,2026-02-04 12:41:33.402633
SPK,58.41,58.4,58.42,50000000.0,50000000.0,471,2026-02-04 12:41:33.402633
EEC,53.02,53.01,53.03,50000000.0,50000000.0,471,2026-02-04 12:41:33.402633
TGX,49.88,49.87,49.89,50000000.0,50000000.0,472,2026-02-04 12:41:34.441459
PHR,47.1,47.09,47.11,50000000.0,50000000.0,472,2026-02-04 12:41:34.441459
BYL,41.23,41.22,41.24,50000000.0,50000000.0,472,2026-02-04 12:41:34.441459
CLD,61.0,60.99,61.01,50000000.0,50000000.0,472,2026-02-04 12:41:34.441459
GGD,33.64,33.63,33.65,50000000.0,50000000.0,472,2026-02-04 12:41:34.441459
PNR,57.91,57.9,57.92,50000000.0,50000000.0,472,2026-02-04 12:41:34.441459
FSR,34.52,34.51,34.53,50000000.0,50000000.0,472,2026-02-04 12:41:34.441459
ATB,57.92,57.91,57.93,50000000.0,50000000.0,472,2026-02-04 12:41:34.441459
SPK,58.27,58.26,58.28,50000000.0,50000000.0,472,2026-02-04 12:41:34.441459
EEC,52.89,52.88,52.9,50000000.0,50000000.0,472,2026-02-04 12:41:34.441459
TGX,49.88,49.87,49.89,50000000.0,50000000.0,473,2026-02-04 12:41:35.482531
PHR,47.12,47.11,47.13,50000000.0,50000000.0,473,2026-02-04 12:41:35.482531
BYL,41.17,41.16,41.18,50000000.0,50000000.0,473,2026-02-04 12:41:35.482531
CLD,60.8,60.79,60.81,50000000.0,50000000.0,473,2026-02-04 12:41:35.482531
GGD,33.57,33.56,33.58,50000000.0,50000000.0,473,2026-02-04 12:41:35.482531
PNR,58.04,58.03,58.05,50000000.0,50000000.0,473,2026-02-04 12:41:35.482531
FSR,34.52,34.51,34.53,50000000.0,50000000.0,473,2026-02-04 12:41:35.482531
ATB,57.8,57.79,57.81,50000000.0,50000000.0,473,2026-02-04 12:41:35.482531
SPK,58.13,58.12,58.14,50000000.0,50000000.0,473,2026-02-04 12:41:35.482531
EEC,52.76,52.75,52.77,50000000.0,50000000.0,473,2026-02-04 12:41:35.482531
TGX,49.91,49.9,49.92,50000000.0,50000000.0,474,2026-02-04 12:41:36.018144
PHR,47.17,47.16,47.18,50000000.0,50000000.0,474,2026-02-04 12:41:36.018144
BYL,41.11,41.1,41.12,50000000.0,50000000.0,474,2026-02-04 12:41:36.018144
CLD,60.7,60.69,60.71,50000000.0,50000000.0,474,2026-02-04 12:41:36.018144
GGD,33.55,33.54,33.56,50000000.0,50000000.0,474,2026-02-04 12:41:36.018144
PNR,58.11,58.1,58.12,50000000.0,50000000.0,474,2026-02-04 12:41:36.018144
FSR,34.43,34.42,34.44,50000000.0,50000000.0,474,2026-02-04 12:41:36.018144
ATB,58.01,58.0,58.02,50000000.0,50000000.0,474,2026-02-04 12:41:36.018144
SPK,57.85,57.84,57.86,50000000.0,50000000.0,474,2026-02-04 12:41:36.018144
EEC,52.42,52.41,52.43,50000000.0,50000000.0,474,2026-02-04 12:41:36.018144
TGX,49.87,49.86,49.88,50000000.0,50000000.0,475,2026-02-04 12:41:37.055628
PHR,47.37,47.36,47.38,50000000.0,50000000.0,475,2026-02-04 12:41:37.055628
BYL,40.7,40.69,40.71,50000000.0,50000000.0,475,2026-02-04 12:41:37.055628
CLD,59.98,59.97,59.99,50000000.0,50000000.0,475,2026-02-04 12:41:37.055628
GGD,33.49,33.48,33.5,50000000.0,50000000.0,475,2026-02-04 12:41:37.055628
PNR,58.19,58.18,58.2,50000000.0,50000000.0,475,2026-02-04 12:41:37.055628
FSR,34.44,34.43,34.45,50000000.0,50000000.0,475,2026-02-04 12:41:37.055628
ATB,57.71,57.7,57.72,50000000.0,50000000.0,475,2026-02-04 12:41:37.055628
SPK,58.14,58.13,58.15,50000000.0,50000000.0,475,2026-02-04 12:41:37.055628
EEC,52.72,52.71,52.73,50000000.0,50000000.0,475,2026-02-04 12:41:37.055628
TGX,49.9,49.89,49.91,50000000.0,50000000.0,476,2026-02-04 12:41:38.092745
PHR,46.93,46.92,46.94,50000000.0,50000000.0,476,2026-02-04 12:41:38.092745
BYL,40.82,40.81,40.83,50000000.0,50000000.0,476,2026-02-04 12:41:38.092745
CLD,60.15,60.14,60.16,50000000.0,50000000.0,476,2026-02-04 12:41:38.092745
GGD,33.45,33.44,33.46,50000000.0,50000000.0,476,2026-02-04 12:41:38.092745
PNR,58.21,58.2,58.22,50000000.0,50000000.0,476,2026-02-04 12:41:38.092745
FSR,34.43,34.42,34.44,50000000.0,50000000.0,476,2026-02-04 12:41:38.092745
ATB,57.84,57.83,57.85,50000000.0,50000000.0,476,2026-02-04 12:41:38.092745
SPK,57.82,57.81,57.83,50000000.0,50000000.0,476,2026-02-04 12:41:38.092745
EEC,52.27,52.26,52.28,50000000.0,50000000.0,476,2026-02-04 12:41:38.092745
TGX,49.91,49.9,49.92,50000000.0,50000000.0,477,2026-02-04 12:41:39.131641
PHR,47.35,47.34,47.36,50000000.0,50000000.0,477,2026-02-04 12:41:39.131641
BYL,40.73,40.72,40.74,50000000.0,50000000.0,477,2026-02-04 12:41:39.131641
CLD,59.99,59.98,60.0,50000000.0,50000000.0,477,2026-02-04 12:41:39.131641
GGD,33.48,33.47,33.49,50000000.0,50000000.0,477,2026-02-04 12:41:39.131641
PNR,58.21,58.2,58.22,50000000.0,50000000.0,477,2026-02-04 12:41:39.131641
FSR,34.47,34.46,34.48,50000000.0,50000000.0,477,2026-02-04 12:41:39.131641
ATB,57.88,57.87,57.89,50000000.0,50000000.0,477,2026-02-04 12:41:39.131641
SPK,58.23,58.22,58.24,50000000.0,50000000.0,477,2026-02-04 12:41:39.131641
EEC,52.8,52.79,52.81,50000000.0,50000000.0,477,2026-02-04 12:41:39.131641
TGX,49.85,49.84,49.86,50000000.0,50000000.0,478,2026-02-04 12:41:40.161770
PHR,47.27,47.26,47.28,50000000.0,50000000.0,478,2026-02-04 12:41:40.161770
BYL,40.68,40.67,40.69,50000000.0,50000000.0,478,2026-02-04 12:41:40.161770
CLD,59.94,59.93,59.95,50000000.0,50000000.0,478,2026-02-04 12:41:40.161770
GGD,33.56,33.55,33.57,50000000.0,50000000.0,478,2026-02-04 12:41:40.161770
PNR,58.21,58.2,58.22,50000000.0,50000000.0,478,2026-02-04 12:41:40.161770
FSR,34.49,34.48,34.5,50000000.0,50000000.0,478,2026-02-04 12:41:40.161770
ATB,57.01,57.0,57.02,50000000.0,50000000.0,478,2026-02-04 12:41:40.161770
SPK,58.17,58.16,58.18,50000000.0,50000000.0,478,2026-02-04 12:41:40.161770
EEC,52.7,52.69,52.71,50000000.0,50000000.0,478,2026-02-04 12:41:40.161770
TGX,49.9,49.89,49.91,50000000.0,50000000.0,479,2026-02-04 12:41:41.210272
PHR,47.32,47.31,47.33,50000000.0,50000000.0,479,2026-02-04 12:41:41.210272
BYL,40.67,40.66,40.68,50000000.0,50000000.0,479,2026-02-04 12:41:41.210272
CLD,60.01,60.0,60.02,50000000.0,50000000.0,479,2026-02-04 12:41:41.210272
GGD,33.5,33.49,33.51,50000000.0,50000000.0,479,2026-02-04 12:41:41.210272
PNR,57.87,57.86,57.88,50000000.0,50000000.0,479,2026-02-04 12:41:41.210272
FSR,34.44,34.43,34.45,50000000.0,50000000.0,479,2026-02-04 12:41:41.210272
ATB,56.86,56.85,56.87,50000000.0,50000000.0,479,2026-02-04 12:41:41.210272
SPK,58.86,58.85,58.87,50000000.0,50000000.0,479,2026-02-04 12:41:41.210272
EEC,53.56,53.55,53.57,50000000.0,50000000.0,479,2026-02-04 12:41:41.210272
TGX,49.97,49.96,49.98,50000000.0,50000000.0,480,2026-02-04 12:41:42.243599
PHR,47.3,47.29,47.31,50000000.0,50000000.0,480,2026-02-04 12:41:42.243599
BYL,40.59,40.58,40.6,50000000.0,50000000.0,480,2026-02-04 12:41:42.243599
CLD,59.85,59.84,59.86,50000000.0,50000000.0,480,2026-02-04 12:41:42.243599
GGD,33.53,33.52,33.54,50000000.0,50000000.0,480,2026-02-04 12:41:42.243599
PNR,57.76,57.75,57.77,50000000.0,50000000.0,480,2026-02-04 12:41:42.243599
FSR,34.34,34.33,34.35,50000000.0,50000000.0,480,2026-02-04 12:41:42.243599
ATB,56.23,56.22,56.24,50000000.0,50000000.0,480,2026-02-04 12:41:42.243599
SPK,58.48,58.47,58.49,50000000.0,50000000.0,480,2026-02-04 12:41:42.243599
EEC,53.12,53.11,53.13,50000000.0,50000000.0,480,2026-02-04 12:41:42.243599
TGX,49.94,49.93,49.95,50000000.0,50000000.0,481,2026-02-04 12:41:43.282232
PHR,47.16,47.15,47.17,50000000.0,50000000.0,481,2026-02-04 12:41:43.282232
BYL,40.39,40.38,40.4,50000000.0,50000000.0,481,2026-02-04 12:41:43.282232
CLD,59.63,59.62,59.64,50000000.0,50000000.0,481,2026-02-04 12:41:43.282232
GGD,33.54,33.53,33.55,50000000.0,50000000.0,481,2026-02-04 12:41:43.282232
PNR,57.56,57.55,57.57,50000000.0,50000000.0,481,2026-02-04 12:41:43.282232
FSR,34.4,34.39,34.41,50000000.0,50000000.0,481,2026-02-04 12:41:43.282232
ATB,55.69,55.68,55.7,50000000.0,50000000.0,481,2026-02-04 12:41:43.282232
SPK,59.17,59.16,59.18,50000000.0,50000000.0,481,2026-02-04 12:41:43.282232
EEC,54.02,54.01,54.03,50000000.0,50000000.0,481,2026-02-04 12:41:43.282232
TGX,49.91,49.9,49.92,50000000.0,50000000.0,482,2026-02-04 12:41:44.312290
PHR,47.16,47.15,47.17,50000000.0,50000000.0,482,2026-02-04 12:41:44.312290
BYL,40.22,40.21,40.23,50000000.0,50000000.0,482,2026-02-04 12:41:44.312290
CLD,59.39,59.38,59.4,50000000.0,50000000.0,482,2026-02-04 12:41:44.312290
GGD,33.55,33.54,33.56,50000000.0,50000000.0,482,2026-02-04 12:41:44.312290
PNR,57.5,57.49,57.51,50000000.0,50000000.0,482,2026-02-04 12:41:44.312290
FSR,34.38,34.37,34.39,50000000.0,50000000.0,482,2026-02-04 12:41:44.312290
ATB,56.11,56.1,56.12,50000000.0,50000000.0,482,2026-02-04 12:41:44.312290
SPK,58.87,58.86,58.88,50000000.0,50000000.0,482,2026-02-04 12:41:44.312290
EEC,53.64,53.63,53.65,50000000.0,50000000.0,482,2026-02-04 12:41:44.312290
TGX,49.91,49.9,49.92,50000000.0,50000000.0,483,2026-02-04 12:41:45.340339
PHR,47.49,47.48,47.5,50000000.0,50000000.0,483,2026-02-04 12:41:45.340339
BYL,40.0,39.99,40.01,50000000.0,50000000.0,483,2026-02-04 12:41:45.340339
CLD,58.95,58.94,58.96,50000000.0,50000000.0,483,2026-02-04 12:41:45.340339
GGD,33.48,33.47,33.49,50000000.0,50000000.0,483,2026-02-04 12:41:45.340339
PNR,57.36,57.35,57.37,50000000.0,50000000.0,483,2026-02-04 12:41:45.340339
FSR,34.41,34.4,34.42,50000000.0,50000000.0,483,2026-02-04 12:41:45.340339
ATB,56.49,56.48,56.5,50000000.0,50000000.0,483,2026-02-04 12:41:45.340339
SPK,59.15,59.14,59.16,50000000.0,50000000.0,483,2026-02-04 12:41:45.340339
EEC,53.97,53.96,53.98,50000000.0,50000000.0,483,2026-02-04 12:41:45.340339
TGX,49.99,49.98,50.0,50000000.0,50000000.0,484,2026-02-04 12:41:46.374550,50.0,1.0,483.0,ALL,Mixed Economic Data Creates Cross-Currents for Deal Markets,"A batch of economic releases has produced conflicting signals about the trajectory of the business cycle, with employment figures exceeding expectations while manufacturing and consumer sentiment data disappointed. The mixed picture complicates the outlook for deal financing, regulatory posture, and strategic rationale across pending transactions. Equity market reaction has been muted as investors weigh competing implications, and deal spread movements have been modest and directionless. Economists note that the data supports multiple competing narratives about the economic outlook."
PHR,47.59,47.58,47.6,50000000.0,50000000.0,484,2026-02-04 12:41:46.374550,,,,,,
BYL,39.88,39.87,39.89,50000000.0,50000000.0,484,2026-02-04 12:41:46.374550,,,,,,
CLD,58.8,58.79,58.81,50000000.0,50000000.0,484,2026-02-04 12:41:46.374550,,,,,,
GGD,33.44,33.43,33.45,50000000.0,50000000.0,484,2026-02-04 12:41:46.374550,,,,,,
PNR,57.45,57.44,57.46,50000000.0,50000000.0,484,2026-02-04 12:41:46.374550,,,,,,
FSR,34.37,34.36,34.38,50000000.0,50000000.0,484,2026-02-04 12:41:46.374550,,,,,,
ATB,56.34,56.33,56.35,50000000.0,50000000.0,484,2026-02-04 12:41:46.374550,,,,,,
SPK,59.07,59.06,59.08,50000000.0,50000000.0,484,2026-02-04 12:41:46.374550,,,,,,
EEC,53.84,53.83,53.85,50000000.0,50000000.0,484,2026-02-04 12:41:46.374550,,,,,,
TGX,50.02,50.01,50.03,50000000.0,50000000.0,485,2026-02-04 12:41:47.417498
PHR,47.68,47.67,47.69,50000000.0,50000000.0,485,2026-02-04 12:41:47.417498
BYL,40.1,40.09,40.11,50000000.0,50000000.0,485,2026-02-04 12:41:47.417498
CLD,59.2,59.19,59.21,50000000.0,50000000.0,485,2026-02-04 12:41:47.417498
GGD,33.47,33.46,33.48,50000000.0,50000000.0,485,2026-02-04 12:41:47.417498
PNR,57.51,57.5,57.52,50000000.0,50000000.0,485,2026-02-04 12:41:47.417498
FSR,34.39,34.38,34.4,50000000.0,50000000.0,485,2026-02-04 12:41:47.417498
ATB,56.41,56.4,56.42,50000000.0,50000000.0,485,2026-02-04 12:41:47.417498
SPK,59.02,59.01,59.03,50000000.0,50000000.0,485,2026-02-04 12:41:47.417498
EEC,53.76,53.75,53.77,50000000.0,50000000.0,485,2026-02-04 12:41:47.417498
TGX,50.1,50.09,50.11,50000000.0,50000000.0,486,2026-02-04 12:41:48.454286
PHR,47.76,47.75,47.77,50000000.0,50000000.0,486,2026-02-04 12:41:48.454286
BYL,40.53,40.52,40.54,50000000.0,50000000.0,486,2026-02-04 12:41:48.454286
CLD,59.94,59.93,59.95,50000000.0,50000000.0,486,2026-02-04 12:41:48.454286
GGD,33.44,33.43,33.45,50000000.0,50000000.0,486,2026-02-04 12:41:48.454286
PNR,57.53,57.52,57.54,50000000.0,50000000.0,486,2026-02-04 12:41:48.454286
FSR,34.33,34.32,34.34,50000000.0,50000000.0,486,2026-02-04 12:41:48.454286
ATB,56.14,56.13,56.15,50000000.0,50000000.0,486,2026-02-04 12:41:48.454286
SPK,58.98,58.97,58.99,50000000.0,50000000.0,486,2026-02-04 12:41:48.454286
EEC,53.72,53.71,53.73,50000000.0,50000000.0,486,2026-02-04 12:41:48.454286
TGX,50.2,50.19,50.21,50000000.0,50000000.0,487,2026-02-04 12:41:49.491696
PHR,47.98,47.97,47.99,50000000.0,50000000.0,487,2026-02-04 12:41:49.491696
BYL,40.61,40.6,40.62,50000000.0,50000000.0,487,2026-02-04 12:41:49.491696
CLD,60.15,60.14,60.16,50000000.0,50000000.0,487,2026-02-04 12:41:49.491696
GGD,33.43,33.42,33.44,50000000.0,50000000.0,487,2026-02-04 12:41:49.491696
PNR,57.43,57.42,57.44,50000000.0,50000000.0,487,2026-02-04 12:41:49.491696
FSR,34.34,34.33,34.35,50000000.0,50000000.0,487,2026-02-04 12:41:49.491696
ATB,56.24,56.23,56.25,50000000.0,50000000.0,487,2026-02-04 12:41:49.491696
SPK,58.82,58.81,58.83,50000000.0,50000000.0,487,2026-02-04 12:41:49.491696
EEC,53.53,53.52,53.54,50000000.0,50000000.0,487,2026-02-04 12:41:49.491696
TGX,50.2,50.19,50.21,50000000.0,50000000.0,488,2026-02-04 12:41:50.531840
PHR,48.26,48.25,48.27,50000000.0,50000000.0,488,2026-02-04 12:41:50.531840
BYL,40.65,40.64,40.66,50000000.0,50000000.0,488,2026-02-04 12:41:50.531840
CLD,60.27,60.26,60.28,50000000.0,50000000.0,488,2026-02-04 12:41:50.531840
GGD,33.52,33.51,33.53,50000000.0,50000000.0,488,2026-02-04 12:41:50.531840
PNR,57.65,57.64,57.66,50000000.0,50000000.0,488,2026-02-04 12:41:50.531840
FSR,34.33,34.32,34.34,50000000.0,50000000.0,488,2026-02-04 12:41:50.531840
ATB,56.34,56.33,56.35,50000000.0,50000000.0,488,2026-02-04 12:41:50.531840
SPK,59.27,59.26,59.28,50000000.0,50000000.0,488,2026-02-04 12:41:50.531840
EEC,54.14,54.13,54.15,50000000.0,50000000.0,488,2026-02-04 12:41:50.531840
TGX,50.23,50.22,50.24,50000000.0,50000000.0,489,2026-02-04 12:41:51.571553
PHR,48.26,48.25,48.27,50000000.0,50000000.0,489,2026-02-04 12:41:51.571553
BYL,40.19,40.18,40.2,50000000.0,50000000.0,489,2026-02-04 12:41:51.571553
CLD,59.52,59.51,59.53,50000000.0,50000000.0,489,2026-02-04 12:41:51.571553
GGD,33.52,33.51,33.53,50000000.0,50000000.0,489,2026-02-04 12:41:51.571553
PNR,57.52,57.51,57.53,50000000.0,50000000.0,489,2026-02-04 12:41:51.571553
FSR,34.36,34.35,34.37,50000000.0,50000000.0,489,2026-02-04 12:41:51.571553
ATB,56.51,56.5,56.52,50000000.0,50000000.0,489,2026-02-04 12:41:51.571553
SPK,58.84,58.83,58.85,50000000.0,50000000.0,489,2026-02-04 12:41:51.571553
EEC,53.66,53.65,53.67,50000000.0,50000000.0,489,2026-02-04 12:41:51.571553
TGX,50.18,50.17,50.19,50000000.0,50000000.0,490,2026-02-04 12:41:52.104825
PHR,49.02,49.01,49.03,50000000.0,50000000.0,490,2026-02-04 12:41:52.104825
BYL,40.16,40.15,40.17,50000000.0,50000000.0,490,2026-02-04 12:41:52.104825
CLD,59.45,59.44,59.46,50000000.0,50000000.0,490,2026-02-04 12:41:52.104825
GGD,33.53,33.52,33.54,50000000.0,50000000.0,490,2026-02-04 12:41:52.104825
PNR,57.38,57.37,57.39,50000000.0,50000000.0,490,2026-02-04 12:41:52.104825
FSR,34.43,34.42,34.44,50000000.0,50000000.0,490,2026-02-04 12:41:52.104825
ATB,56.48,56.47,56.49,50000000.0,50000000.0,490,2026-02-04 12:41:52.104825
SPK,58.83,58.82,58.84,50000000.0,50000000.0,490,2026-02-04 12:41:52.104825
EEC,53.59,53.58,53.6,50000000.0,50000000.0,490,2026-02-04 12:41:52.104825
TGX,50.22,50.21,50.23,50000000.0,50000000.0,491,2026-02-04 12:41:53.135197
PHR,49.2,49.19,49.21,50000000.0,50000000.0,491,2026-02-04 12:41:53.135197
BYL,39.84,39.83,39.85,50000000.0,50000000.0,491,2026-02-04 12:41:53.135197
CLD,58.77,58.76,58.78,50000000.0,50000000.0,491,2026-02-04 12:41:53.135197
GGD,33.52,33.51,33.53,50000000.0,50000000.0,491,2026-02-04 12:41:53.135197
PNR,57.27,57.26,57.28,50000000.0,50000000.0,491,2026-02-04 12:41:53.135197
FSR,34.45,34.44,34.46,50000000.0,50000000.0,491,2026-02-04 12:41:53.135197
ATB,55.5,55.49,55.51,50000000.0,50000000.0,491,2026-02-04 12:41:53.135197
SPK,58.56,58.55,58.57,50000000.0,50000000.0,491,2026-02-04 12:41:53.135197
EEC,53.32,53.31,53.33,50000000.0,50000000.0,491,2026-02-04 12:41:53.135197
TGX,50.17,50.16,50.18,50000000.0,50000000.0,492,2026-02-04 12:41:54.171520
PHR,49.2,49.19,49.21,50000000.0,50000000.0,492,2026-02-04 12:41:54.171520
BYL,40.04,40.03,40.05,50000000.0,50000000.0,492,2026-02-04 12:41:54.171520
CLD,59.1,59.09,59.11,50000000.0,50000000.0,492,2026-02-04 12:41:54.171520
GGD,33.56,33.55,33.57,50000000.0,50000000.0,492,2026-02-04 12:41:54.171520
PNR,57.65,57.64,57.66,50000000.0,50000000.0,492,2026-02-04 12:41:54.171520
FSR,34.39,34.38,34.4,50000000.0,50000000.0,492,2026-02-04 12:41:54.171520
ATB,55.49,55.48,55.5,50000000.0,50000000.0,492,2026-02-04 12:41:54.171520
SPK,58.63,58.62,58.64,50000000.0,50000000.0,492,2026-02-04 12:41:54.171520
EEC,53.36,53.35,53.37,50000000.0,50000000.0,492,2026-02-04 12:41:54.171520
TGX,50.19,50.18,50.2,50000000.0,50000000.0,493,2026-02-04 12:41:55.207347
PHR,49.17,49.16,49.18,50000000.0,50000000.0,493,2026-02-04 12:41:55.207347
BYL,40.02,40.01,40.03,50000000.0,50000000.0,493,2026-02-04 12:41:55.207347
CLD,58.99,58.98,59.0,50000000.0,50000000.0,493,2026-02-04 12:41:55.207347
GGD,33.63,33.62,33.64,50000000.0,50000000.0,493,2026-02-04 12:41:55.207347
PNR,57.99,57.98,58.0,50000000.0,50000000.0,493,2026-02-04 12:41:55.207347
FSR,34.49,34.48,34.5,50000000.0,50000000.0,493,2026-02-04 12:41:55.207347
ATB,55.58,55.57,55.59,50000000.0,50000000.0,493,2026-02-04 12:41:55.207347
SPK,58.58,58.57,58.59,50000000.0,50000000.0,493,2026-02-04 12:41:55.207347
EEC,53.32,53.31,53.33,50000000.0,50000000.0,493,2026-02-04 12:41:55.207347
TGX,50.23,50.22,50.24,50000000.0,50000000.0,494,2026-02-04 12:41:56.239577
PHR,49.19,49.18,49.2,50000000.0,50000000.0,494,2026-02-04 12:41:56.239577
BYL,39.63,39.62,39.64,50000000.0,50000000.0,494,2026-02-04 12:41:56.239577
CLD,58.3,58.29,58.31,50000000.0,50000000.0,494,2026-02-04 12:41:56.239577
GGD,33.58,33.57,33.59,50000000.0,50000000.0,494,2026-02-04 12:41:56.239577
PNR,57.96,57.95,57.97,50000000.0,50000000.0,494,2026-02-04 12:41:56.239577
FSR,34.58,34.57,34.59,50000000.0,50000000.0,494,2026-02-04 12:41:56.239577
ATB,55.72,55.71,55.73,50000000.0,50000000.0,494,2026-02-04 12:41:56.239577
SPK,58.22,58.21,58.23,50000000.0,50000000.0,494,2026-02-04 12:41:56.239577
EEC,52.86,52.85,52.87,50000000.0,50000000.0,494,2026-02-04 12:41:56.239577
TGX,50.28,50.27,50.29,50000000.0,50000000.0,495,2026-02-04 12:41:57.282023
PHR,49.14,49.13,49.15,50000000.0,50000000.0,495,2026-02-04 12:41:57.282023
BYL,39.54,39.53,39.55,50000000.0,50000000.0,495,2026-02-04 12:41:57.282023
CLD,58.22,58.21,58.23,50000000.0,50000000.0,495,2026-02-04 12:41:57.282023
GGD,33.53,33.52,33.54,50000000.0,50000000.0,495,2026-02-04 12:41:57.282023
PNR,57.93,57.92,57.94,50000000.0,50000000.0,495,2026-02-04 12:41:57.282023
FSR,34.63,34.62,34.64,50000000.0,50000000.0,495,2026-02-04 12:41:57.282023
ATB,55.98,55.97,55.99,50000000.0,50000000.0,495,2026-02-04 12:41:57.282023
SPK,57.96,57.95,57.97,50000000.0,50000000.0,495,2026-02-04 12:41:57.282023
EEC,52.58,52.57,52.59,50000000.0,50000000.0,495,2026-02-04 12:41:57.282023
TGX,50.26,50.25,50.27,50000000.0,50000000.0,496,2026-02-04 12:41:58.314736
PHR,49.16,49.15,49.17,50000000.0,50000000.0,496,2026-02-04 12:41:58.314736
BYL,39.64,39.63,39.65,50000000.0,50000000.0,496,2026-02-04 12:41:58.314736
CLD,58.35,58.34,58.36,50000000.0,50000000.0,496,2026-02-04 12:41:58.314736
GGD,33.53,33.52,33.54,50000000.0,50000000.0,496,2026-02-04 12:41:58.314736
PNR,57.9,57.89,57.91,50000000.0,50000000.0,496,2026-02-04 12:41:58.314736
FSR,34.66,34.65,34.67,50000000.0,50000000.0,496,2026-02-04 12:41:58.314736
ATB,55.85,55.84,55.86,50000000.0,50000000.0,496,2026-02-04 12:41:58.314736
SPK,57.98,57.97,57.99,50000000.0,50000000.0,496,2026-02-04 12:41:58.314736
EEC,52.58,52.57,52.59,50000000.0,50000000.0,496,2026-02-04 12:41:58.314736
TGX,50.24,50.23,50.25,50000000.0,50000000.0,497,2026-02-04 12:41:59.349295
PHR,49.09,49.08,49.1,50000000.0,50000000.0,497,2026-02-04 12:41:59.349295
BYL,39.78,39.77,39.79,50000000.0,50000000.0,497,2026-02-04 12:41:59.349295
CLD,58.5,58.49,58.51,50000000.0,50000000.0,497,2026-02-04 12:41:59.349295
GGD,33.62,33.61,33.63,50000000.0,50000000.0,497,2026-02-04 12:41:59.349295
PNR,58.11,58.1,58.12,50000000.0,50000000.0,497,2026-02-04 12:41:59.349295
FSR,34.67,34.66,34.68,50000000.0,50000000.0,497,2026-02-04 12:41:59.349295
ATB,56.47,56.46,56.48,50000000.0,50000000.0,497,2026-02-04 12:41:59.349295
SPK,57.81,57.8,57.82,50000000.0,50000000.0,497,2026-02-04 12:41:59.349295
EEC,52.36,52.35,52.37,50000000.0,50000000.0,497,2026-02-04 12:41:59.349295
TGX,50.21,50.2,50.22,50000000.0,50000000.0,498,2026-02-04 12:42:00.387730
PHR,48.94,48.93,48.95,50000000.0,50000000.0,498,2026-02-04 12:42:00.387730
BYL,39.81,39.8,39.82,50000000.0,50000000.0,498,2026-02-04 12:42:00.387730
CLD,58.57,58.56,58.58,50000000.0,50000000.0,498,2026-02-04 12:42:00.387730
GGD,33.62,33.61,33.63,50000000.0,50000000.0,498,2026-02-04 12:42:00.387730
PNR,58.02,58.01,58.03,50000000.0,50000000.0,498,2026-02-04 12:42:00.387730
FSR,34.7,34.69,34.71,50000000.0,50000000.0,498,2026-02-04 12:42:00.387730
ATB,56.33,56.32,56.34,50000000.0,50000000.0,498,2026-02-04 12:42:00.387730
SPK,58.17,58.16,58.18,50000000.0,50000000.0,498,2026-02-04 12:42:00.387730
EEC,52.8,52.79,52.81,50000000.0,50000000.0,498,2026-02-04 12:42:00.387730
TGX,50.17,50.16,50.18,50000000.0,50000000.0,499,2026-02-04 12:42:01.416960
PHR,49.28,49.27,49.29,50000000.0,50000000.0,499,2026-02-04 12:42:01.416960
BYL,39.73,39.72,39.74,50000000.0,50000000.0,499,2026-02-04 12:42:01.416960
CLD,58.48,58.47,58.49,50000000.0,50000000.0,499,2026-02-04 12:42:01.416960
GGD,33.62,33.61,33.63,50000000.0,50000000.0,499,2026-02-04 12:42:01.416960
PNR,57.96,57.95,57.97,50000000.0,50000000.0,499,2026-02-04 12:42:01.416960
FSR,34.61,34.6,34.62,50000000.0,50000000.0,499,2026-02-04 12:42:01.416960
ATB,56.21,56.2,56.22,50000000.0,50000000.0,499,2026-02-04 12:42:01.416960
SPK,58.25,58.24,58.26,50000000.0,50000000.0,499,2026-02-04 12:42:01.416960
EEC,52.91,52.9,52.92,50000000.0,50000000.0,499,2026-02-04 12:42:01.416960
TGX,50.24,50.23,50.25,50000000.0,50000000.0,500,2026-02-04 12:42:02.453055
PHR,49.73,49.72,49.74,50000000.0,50000000.0,500,2026-02-04 12:42:02.453055
BYL,39.98,39.97,39.99,50000000.0,50000000.0,500,2026-02-04 12:42:02.453055
CLD,58.9,58.89,58.91,50000000.0,50000000.0,500,2026-02-04 12:42:02.453055
GGD,33.59,33.58,33.6,50000000.0,50000000.0,500,2026-02-04 12:42:02.453055
PNR,58.01,58.0,58.02,50000000.0,50000000.0,500,2026-02-04 12:42:02.453055
FSR,34.6,34.59,34.61,50000000.0,50000000.0,500,2026-02-04 12:42:02.453055
ATB,56.44,56.43,56.45,50000000.0,50000000.0,500,2026-02-04 12:42:02.453055
SPK,57.96,57.95,57.97,50000000.0,50000000.0,500,2026-02-04 12:42:02.453055
EEC,52.51,52.5,52.52,50000000.0,50000000.0,500,2026-02-04 12:42:02.453055
TGX,50.22,50.21,50.23,50000000.0,50000000.0,501,2026-02-04 12:42:03.490647
PHR,49.72,49.71,49.73,50000000.0,50000000.0,501,2026-02-04 12:42:03.490647
BYL,40.15,40.14,40.16,50000000.0,50000000.0,501,2026-02-04 12:42:03.490647
CLD,59.2,59.19,59.21,50000000.0,50000000.0,501,2026-02-04 12:42:03.490647
GGD,33.67,33.66,33.68,50000000.0,50000000.0,501,2026-02-04 12:42:03.490647
PNR,58.13,58.12,58.14,50000000.0,50000000.0,501,2026-02-04 12:42:03.490647
FSR,34.58,34.57,34.59,50000000.0,50000000.0,501,2026-02-04 12:42:03.490647
ATB,55.97,55.96,55.98,50000000.0,50000000.0,501,2026-02-04 12:42:03.490647
SPK,57.94,57.93,57.95,50000000.0,50000000.0,501,2026-02-04 12:42:03.490647
EEC,52.53,52.52,52.54,50000000.0,50000000.0,501,2026-02-04 12:42:03.490647
TGX,50.15,50.14,50.16,50000000.0,50000000.0,502,2026-02-04 12:42:04.532529
PHR,49.72,49.71,49.73,50000000.0,50000000.0,502,2026-02-04 12:42:04.532529
BYL,40.12,40.11,40.13,50000000.0,50000000.0,502,2026-02-04 12:42:04.532529
CLD,59.12,59.11,59.13,50000000.0,50000000.0,502,2026-02-04 12:42:04.532529
GGD,33.76,33.75,33.77,50000000.0,50000000.0,502,2026-02-04 12:42:04.532529
PNR,58.23,58.22,58.24,50000000.0,50000000.0,502,2026-02-04 12:42:04.532529
FSR,34.56,34.55,34.57,50000000.0,50000000.0,502,2026-02-04 12:42:04.532529
ATB,56.36,56.35,56.37,50000000.0,50000000.0,502,2026-02-04 12:42:04.532529
SPK,57.38,57.37,57.39,50000000.0,50000000.0,502,2026-02-04 12:42:04.532529
EEC,51.8,51.79,51.81,50000000.0,50000000.0,502,2026-02-04 12:42:04.532529
TGX,50.14,50.13,50.15,50000000.0,50000000.0,503,2026-02-04 12:42:05.568731
PHR,50.01,50.0,50.02,50000000.0,50000000.0,503,2026-02-04 12:42:05.568731
BYL,40.19,40.18,40.2,50000000.0,50000000.0,503,2026-02-04 12:42:05.568731
CLD,59.1,59.09,59.11,50000000.0,50000000.0,503,2026-02-04 12:42:05.568731
GGD,33.68,33.67,33.69,50000000.0,50000000.0,503,2026-02-04 12:42:05.568731
PNR,58.24,58.23,58.25,50000000.0,50000000.0,503,2026-02-04 12:42:05.568731
FSR,34.62,34.61,34.63,50000000.0,50000000.0,503,2026-02-04 12:42:05.568731
ATB,56.84,56.83,56.85,50000000.0,50000000.0,503,2026-02-04 12:42:05.568731
SPK,57.43,57.42,57.44,50000000.0,50000000.0,503,2026-02-04 12:42:05.568731
EEC,51.9,51.89,51.91,50000000.0,50000000.0,503,2026-02-04 12:42:05.568731
TGX,50.12,50.11,50.13,50000000.0,50000000.0,504,2026-02-04 12:42:06.605997
PHR,49.84,49.83,49.85,50000000.0,50000000.0,504,2026-02-04 12:42:06.605997
BYL,40.4,40.39,40.41,50000000.0,50000000.0,504,2026-02-04 12:42:06.605997
CLD,59.41,59.4,59.42,50000000.0,50000000.0,504,2026-02-04 12:42:06.605997
GGD,33.65,33.64,33.66,50000000.0,50000000.0,504,2026-02-04 12:42:06.605997
PNR,58.0,57.99,58.01,50000000.0,50000000.0,504,2026-02-04 12:42:06.605997
FSR,34.83,34.82,34.84,50000000.0,50000000.0,504,2026-02-04 12:42:06.605997
ATB,56.62,56.61,56.63,50000000.0,50000000.0,504,2026-02-04 12:42:06.605997
SPK,57.73,57.72,57.74,50000000.0,50000000.0,504,2026-02-04 12:42:06.605997
EEC,52.34,52.33,52.35,50000000.0,50000000.0,504,2026-02-04 12:42:06.605997
TGX,50.09,50.08,50.1,50000000.0,50000000.0,505,2026-02-04 12:42:07.653076
PHR,49.56,49.55,49.57,50000000.0,50000000.0,505,2026-02-04 12:42:07.653076
BYL,40.41,40.4,40.42,50000000.0,50000000.0,505,2026-02-04 12:42:07.653076
CLD,59.48,59.47,59.49,50000000.0,50000000.0,505,2026-02-04 12:42:07.653076
GGD,33.61,33.6,33.62,50000000.0,50000000.0,505,2026-02-04 12:42:07.653076
PNR,57.72,57.71,57.73,50000000.0,50000000.0,505,2026-02-04 12:42:07.653076
FSR,34.75,34.74,34.76,50000000.0,50000000.0,505,2026-02-04 12:42:07.653076
ATB,56.37,56.36,56.38,50000000.0,50000000.0,505,2026-02-04 12:42:07.653076
SPK,58.13,58.12,58.14,50000000.0,50000000.0,505,2026-02-04 12:42:07.653076
EEC,52.82,52.81,52.83,50000000.0,50000000.0,505,2026-02-04 12:42:07.653076
TGX,50.03,50.02,50.04,50000000.0,50000000.0,506,2026-02-04 12:42:08.188551
PHR,49.32,49.31,49.33,50000000.0,50000000.0,506,2026-02-04 12:42:08.188551
BYL,40.47,40.46,40.48,50000000.0,50000000.0,506,2026-02-04 12:42:08.188551
CLD,59.53,59.52,59.54,50000000.0,50000000.0,506,2026-02-04 12:42:08.188551
GGD,33.57,33.56,33.58,50000000.0,50000000.0,506,2026-02-04 12:42:08.188551
PNR,57.5,57.49,57.51,50000000.0,50000000.0,506,2026-02-04 12:42:08.188551
FSR,34.97,34.96,34.98,50000000.0,50000000.0,506,2026-02-04 12:42:08.188551
ATB,56.04,56.03,56.05,50000000.0,50000000.0,506,2026-02-04 12:42:08.188551
SPK,57.98,57.97,57.99,50000000.0,50000000.0,506,2026-02-04 12:42:08.188551
EEC,52.54,52.53,52.55,50000000.0,50000000.0,506,2026-02-04 12:42:08.188551
TGX,50.02,50.01,50.03,50000000.0,50000000.0,507,2026-02-04 12:42:09.236104
PHR,49.4,49.39,49.41,50000000.0,50000000.0,507,2026-02-04 12:42:09.236104
BYL,41.03,41.02,41.04,50000000.0,50000000.0,507,2026-02-04 12:42:09.236104
CLD,60.47,60.46,60.48,50000000.0,50000000.0,507,2026-02-04 12:42:09.236104
GGD,33.52,33.51,33.53,50000000.0,50000000.0,507,2026-02-04 12:42:09.236104
PNR,57.65,57.64,57.66,50000000.0,50000000.0,507,2026-02-04 12:42:09.236104
FSR,34.93,34.92,34.94,50000000.0,50000000.0,507,2026-02-04 12:42:09.236104
ATB,56.09,56.08,56.1,50000000.0,50000000.0,507,2026-02-04 12:42:09.236104
SPK,58.27,58.26,58.28,50000000.0,50000000.0,507,2026-02-04 12:42:09.236104
EEC,52.91,52.9,52.92,50000000.0,50000000.0,507,2026-02-04 12:42:09.236104
TGX,50.0,49.99,50.01,50000000.0,50000000.0,508,2026-02-04 12:42:10.264870
PHR,49.44,49.43,49.45,50000000.0,50000000.0,508,2026-02-04 12:42:10.264870
BYL,41.35,41.34,41.36,50000000.0,50000000.0,508,2026-02-04 12:42:10.264870
CLD,60.99,60.98,61.0,50000000.0,50000000.0,508,2026-02-04 12:42:10.264870
GGD,33.48,33.47,33.49,50000000.0,50000000.0,508,2026-02-04 12:42:10.264870
PNR,57.63,57.62,57.64,50000000.0,50000000.0,508,2026-02-04 12:42:10.264870
FSR,34.91,34.9,34.92,50000000.0,50000000.0,508,2026-02-04 12:42:10.264870
ATB,55.62,55.61,55.63,50000000.0,50000000.0,508,2026-02-04 12:42:10.264870
SPK,58.4,58.39,58.41,50000000.0,50000000.0,508,2026-02-04 12:42:10.264870
EEC,53.09,53.08,53.1,50000000.0,50000000.0,508,2026-02-04 12:42:10.264870
TGX,49.93,49.92,49.94,50000000.0,50000000.0,509,2026-02-04 12:42:11.311784
PHR,49.53,49.52,49.54,50000000.0,50000000.0,509,2026-02-04 12:42:11.311784
BYL,41.16,41.15,41.17,50000000.0,50000000.0,509,2026-02-04 12:42:11.311784
CLD,60.76,60.75,60.77,50000000.0,50000000.0,509,2026-02-04 12:42:11.311784
GGD,33.31,33.3,33.32,50000000.0,50000000.0,509,2026-02-04 12:42:11.311784
PNR,57.44,57.43,57.45,50000000.0,50000000.0,509,2026-02-04 12:42:11.311784
FSR,34.96,34.95,34.97,50000000.0,50000000.0,509,2026-02-04 12:42:11.311784
ATB,55.82,55.81,55.83,50000000.0,50000000.0,509,2026-02-04 12:42:11.311784
SPK,58.89,58.88,58.9,50000000.0,50000000.0,509,2026-02-04 12:42:11.311784
EEC,53.72,53.71,53.73,50000000.0,50000000.0,509,2026-02-04 12:42:11.311784
TGX,49.94,49.93,49.95,50000000.0,50000000.0,510,2026-02-04 12:42:12.353306
PHR,49.43,49.42,49.44,50000000.0,50000000.0,510,2026-02-04 12:42:12.353306
BYL,41.34,41.33,41.35,50000000.0,50000000.0,510,2026-02-04 12:42:12.353306
CLD,61.06,61.05,61.07,50000000.0,50000000.0,510,2026-02-04 12:42:12.353306
GGD,33.43,33.42,33.44,50000000.0,50000000.0,510,2026-02-04 12:42:12.353306
PNR,57.39,57.38,57.4,50000000.0,50000000.0,510,2026-02-04 12:42:12.353306
FSR,35.03,35.02,35.04,50000000.0,50000000.0,510,2026-02-04 12:42:12.353306
ATB,55.96,55.95,55.97,50000000.0,50000000.0,510,2026-02-04 12:42:12.353306
SPK,58.67,58.66,58.68,50000000.0,50000000.0,510,2026-02-04 12:42:12.353306
EEC,53.52,53.51,53.53,50000000.0,50000000.0,510,2026-02-04 12:42:12.353306
TGX,49.9,49.89,49.91,50000000.0,50000000.0,511,2026-02-04 12:42:13.395735
PHR,49.08,49.07,49.09,50000000.0,50000000.0,511,2026-02-04 12:42:13.395735
BYL,41.48,41.47,41.49,50000000.0,50000000.0,511,2026-02-04 12:42:13.395735
CLD,61.4,61.39,61.41,50000000.0,50000000.0,511,2026-02-04 12:42:13.395735
GGD,33.42,33.41,33.43,50000000.0,50000000.0,511,2026-02-04 12:42:13.395735
PNR,57.4,57.39,57.41,50000000.0,50000000.0,511,2026-02-04 12:42:13.395735
FSR,34.96,34.95,34.97,50000000.0,50000000.0,511,2026-02-04 12:42:13.395735
ATB,56.09,56.08,56.1,50000000.0,50000000.0,511,2026-02-04 12:42:13.395735
SPK,58.37,58.36,58.38,50000000.0,50000000.0,511,2026-02-04 12:42:13.395735
EEC,53.09,53.08,53.1,50000000.0,50000000.0,511,2026-02-04 12:42:13.395735
TGX,49.98,49.97,49.99,50000000.0,50000000.0,512,2026-02-04 12:42:14.440490
PHR,49.2,49.19,49.21,50000000.0,50000000.0,512,2026-02-04 12:42:14.440490
BYL,41.76,41.75,41.77,50000000.0,50000000.0,512,2026-02-04 12:42:14.440490
CLD,61.86,61.85,61.87,50000000.0,50000000.0,512,2026-02-04 12:42:14.440490
GGD,33.44,33.43,33.45,50000000.0,50000000.0,512,2026-02-04 12:42:14.440490
PNR,57.3,57.29,57.31,50000000.0,50000000.0,512,2026-02-04 12:42:14.440490
FSR,34.93,34.92,34.94,50000000.0,50000000.0,512,2026-02-04 12:42:14.440490
ATB,56.14,56.13,56.15,50000000.0,50000000.0,512,2026-02-04 12:42:14.440490
SPK,58.24,58.23,58.25,50000000.0,50000000.0,512,2026-02-04 12:42:14.440490
EEC,52.91,52.9,52.92,50000000.0,50000000.0,512,2026-02-04 12:42:14.440490
TGX,49.88,49.87,49.89,50000000.0,50000000.0,513,2026-02-04 12:42:15.491052
PHR,49.34,49.33,49.35,50000000.0,50000000.0,513,2026-02-04 12:42:15.491052
BYL,42.06,42.05,42.07,50000000.0,50000000.0,513,2026-02-04 12:42:15.491052
CLD,62.38,62.37,62.39,50000000.0,50000000.0,513,2026-02-04 12:42:15.491052
GGD,33.51,33.5,33.52,50000000.0,50000000.0,513,2026-02-04 12:42:15.491052
PNR,57.27,57.26,57.28,50000000.0,50000000.0,513,2026-02-04 12:42:15.491052
FSR,34.9,34.89,34.91,50000000.0,50000000.0,513,2026-02-04 12:42:15.491052
ATB,55.7,55.69,55.71,50000000.0,50000000.0,513,2026-02-04 12:42:15.491052
SPK,58.38,58.37,58.39,50000000.0,50000000.0,513,2026-02-04 12:42:15.491052
EEC,53.06,53.05,53.07,50000000.0,50000000.0,513,2026-02-04 12:42:15.491052
TGX,49.98,49.97,49.99,50000000.0,50000000.0,514,2026-02-04 12:42:16.526092
PHR,49.68,49.67,49.69,50000000.0,50000000.0,514,2026-02-04 12:42:16.526092
BYL,42.17,42.16,42.18,50000000.0,50000000.0,514,2026-02-04 12:42:16.526092
CLD,62.47,62.46,62.48,50000000.0,50000000.0,514,2026-02-04 12:42:16.526092
GGD,33.54,33.53,33.55,50000000.0,50000000.0,514,2026-02-04 12:42:16.526092
PNR,57.74,57.73,57.75,50000000.0,50000000.0,514,2026-02-04 12:42:16.526092
FSR,34.87,34.86,34.88,50000000.0,50000000.0,514,2026-02-04 12:42:16.526092
ATB,55.8,55.79,55.81,50000000.0,50000000.0,514,2026-02-04 12:42:16.526092
SPK,58.5,58.49,58.51,50000000.0,50000000.0,514,2026-02-04 12:42:16.526092
EEC,53.17,53.16,53.18,50000000.0,50000000.0,514,2026-02-04 12:42:16.526092
TGX,49.91,49.9,49.92,50000000.0,50000000.0,515,2026-02-04 12:42:17.557238
PHR,50.01,50.0,50.02,50000000.0,50000000.0,515,2026-02-04 12:42:17.557238
BYL,41.99,41.98,42.0,50000000.0,50000000.0,515,2026-02-04 12:42:17.557238
CLD,62.14,62.13,62.15,50000000.0,50000000.0,515,2026-02-04 12:42:17.557238
GGD,33.48,33.47,33.49,50000000.0,50000000.0,515,2026-02-04 12:42:17.557238
PNR,57.54,57.53,57.55,50000000.0,50000000.0,515,2026-02-04 12:42:17.557238
FSR,34.86,34.85,34.87,50000000.0,50000000.0,515,2026-02-04 12:42:17.557238
ATB,55.49,55.48,55.5,50000000.0,50000000.0,515,2026-02-04 12:42:17.557238
SPK,58.97,58.96,58.98,50000000.0,50000000.0,515,2026-02-04 12:42:17.557238
EEC,53.8,53.79,53.81,50000000.0,50000000.0,515,2026-02-04 12:42:17.557238
TGX,49.87,49.86,49.88,50000000.0,50000000.0,516,2026-02-04 12:42:18.600018,51.0,1.0,515.0,D4-FSR/ATB,Syndication Achieves Oversubscription,Bridge loan syndication completes at 115% subscription despite challenging bank funding environment.
PHR,49.94,49.93,49.95,50000000.0,50000000.0,516,2026-02-04 12:42:18.600018,,,,,,
BYL,41.83,41.82,41.84,50000000.0,50000000.0,516,2026-02-04 12:42:18.600018,,,,,,
CLD,61.84,61.83,61.85,50000000.0,50000000.0,516,2026-02-04 12:42:18.600018,,,,,,
GGD,33.47,33.46,33.48,50000000.0,50000000.0,516,2026-02-04 12:42:18.600018,,,,,,
PNR,57.55,57.54,57.56,50000000.0,50000000.0,516,2026-02-04 12:42:18.600018,,,,,,
FSR,34.89,34.88,34.9,50000000.0,50000000.0,516,2026-02-04 12:42:18.600018,,,,,,
ATB,55.54,55.53,55.55,50000000.0,50000000.0,516,2026-02-04 12:42:18.600018,,,,,,
SPK,57.98,57.97,57.99,50000000.0,50000000.0,516,2026-02-04 12:42:18.600018,,,,,,
EEC,52.48,52.47,52.49,50000000.0,50000000.0,516,2026-02-04 12:42:18.600018,,,,,,
TGX,49.95,49.94,49.96,50000000.0,50000000.0,517,2026-02-04 12:42:19.632998,52.0,1.0,516.0,D3-GGD/PNR,Commodity Price Hedge Program,PetroNorth implements comprehensive commodity hedging program to stabilize cash flows for debt service.
PHR,50.09,50.08,50.1,50000000.0,50000000.0,517,2026-02-04 12:42:19.632998,,,,,,
BYL,41.64,41.63,41.65,50000000.0,50000000.0,517,2026-02-04 12:42:19.632998,,,,,,
CLD,61.62,61.61,61.63,50000000.0,50000000.0,517,2026-02-04 12:42:19.632998,,,,,,
GGD,33.57,33.56,33.58,50000000.0,50000000.0,517,2026-02-04 12:42:19.632998,,,,,,
PNR,57.5,57.49,57.51,50000000.0,50000000.0,517,2026-02-04 12:42:19.632998,,,,,,
FSR,34.96,34.95,34.97,50000000.0,50000000.0,517,2026-02-04 12:42:19.632998,,,,,,
ATB,55.69,55.68,55.7,50000000.0,50000000.0,517,2026-02-04 12:42:19.632998,,,,,,
SPK,58.54,58.53,58.55,50000000.0,50000000.0,517,2026-02-04 12:42:19.632998,,,,,,
EEC,53.2,53.19,53.21,50000000.0,50000000.0,517,2026-02-04 12:42:19.632998,,,,,,
TGX,50.02,50.01,50.03,50000000.0,50000000.0,518,2026-02-04 12:42:20.663737
PHR,50.13,50.12,50.14,50000000.0,50000000.0,518,2026-02-04 12:42:20.663737
BYL,41.67,41.66,41.68,50000000.0,50000000.0,518,2026-02-04 12:42:20.663737
CLD,61.59,61.58,61.6,50000000.0,50000000.0,518,2026-02-04 12:42:20.663737
GGD,33.66,33.65,33.67,50000000.0,50000000.0,518,2026-02-04 12:42:20.663737
PNR,57.5,57.49,57.51,50000000.0,50000000.0,518,2026-02-04 12:42:20.663737
FSR,34.96,34.95,34.97,50000000.0,50000000.0,518,2026-02-04 12:42:20.663737
ATB,55.06,55.05,55.07,50000000.0,50000000.0,518,2026-02-04 12:42:20.663737
SPK,58.91,58.9,58.92,50000000.0,50000000.0,518,2026-02-04 12:42:20.663737
EEC,53.75,53.74,53.76,50000000.0,50000000.0,518,2026-02-04 12:42:20.663737
TGX,49.97,49.96,49.98,50000000.0,50000000.0,519,2026-02-04 12:42:21.693632
PHR,50.02,50.01,50.03,50000000.0,50000000.0,519,2026-02-04 12:42:21.693632
BYL,41.4,41.39,41.41,50000000.0,50000000.0,519,2026-02-04 12:42:21.693632
CLD,61.2,61.19,61.21,50000000.0,50000000.0,519,2026-02-04 12:42:21.693632
GGD,33.61,33.6,33.62,50000000.0,50000000.0,519,2026-02-04 12:42:21.693632
PNR,57.6,57.59,57.61,50000000.0,50000000.0,519,2026-02-04 12:42:21.693632
FSR,35.02,35.01,35.03,50000000.0,50000000.0,519,2026-02-04 12:42:21.693632
ATB,55.53,55.52,55.54,50000000.0,50000000.0,519,2026-02-04 12:42:21.693632
SPK,59.15,59.14,59.16,50000000.0,50000000.0,519,2026-02-04 12:42:21.693632
EEC,54.05,54.04,54.06,50000000.0,50000000.0,519,2026-02-04 12:42:21.693632
TGX,49.95,49.94,49.96,50000000.0,50000000.0,520,2026-02-04 12:42:22.722382
PHR,49.62,49.61,49.63,50000000.0,50000000.0,520,2026-02-04 12:42:22.722382
BYL,41.44,41.43,41.45,50000000.0,50000000.0,520,2026-02-04 12:42:22.722382
CLD,61.25,61.24,61.26,50000000.0,50000000.0,520,2026-02-04 12:42:22.722382
GGD,33.52,33.51,33.53,50000000.0,50000000.0,520,2026-02-04 12:42:22.722382
PNR,57.5,57.49,57.51,50000000.0,50000000.0,520,2026-02-04 12:42:22.722382
FSR,35.0,34.99,35.01,50000000.0,50000000.0,520,2026-02-04 12:42:22.722382
ATB,54.93,54.92,54.94,50000000.0,50000000.0,520,2026-02-04 12:42:22.722382
SPK,59.14,59.13,59.15,50000000.0,50000000.0,520,2026-02-04 12:42:22.722382
EEC,54.15,54.14,54.16,50000000.0,50000000.0,520,2026-02-04 12:42:22.722382
TGX,49.97,49.96,49.98,50000000.0,50000000.0,521,2026-02-04 12:42:23.264496
PHR,49.88,49.87,49.89,50000000.0,50000000.0,521,2026-02-04 12:42:23.264496
BYL,40.89,40.88,40.9,50000000.0,50000000.0,521,2026-02-04 12:42:23.264496
CLD,60.38,60.37,60.39,50000000.0,50000000.0,521,2026-02-04 12:42:23.264496
GGD,33.52,33.51,33.53,50000000.0,50000000.0,521,2026-02-04 12:42:23.264496
PNR,57.75,57.74,57.76,50000000.0,50000000.0,521,2026-02-04 12:42:23.264496
FSR,34.92,34.91,34.93,50000000.0,50000000.0,521,2026-02-04 12:42:23.264496
ATB,54.55,54.54,54.56,50000000.0,50000000.0,521,2026-02-04 12:42:23.264496
SPK,59.13,59.12,59.14,50000000.0,50000000.0,521,2026-02-04 12:42:23.264496
EEC,54.12,54.11,54.13,50000000.0,50000000.0,521,2026-02-04 12:42:23.264496
TGX,49.99,49.98,50.0,50000000.0,50000000.0,522,2026-02-04 12:42:24.318676
PHR,50.01,50.0,50.02,50000000.0,50000000.0,522,2026-02-04 12:42:24.318676
BYL,40.73,40.72,40.74,50000000.0,50000000.0,522,2026-02-04 12:42:24.318676
CLD,60.14,60.13,60.15,50000000.0,50000000.0,522,2026-02-04 12:42:24.318676
GGD,33.61,33.6,33.62,50000000.0,50000000.0,522,2026-02-04 12:42:24.318676
PNR,57.74,57.73,57.75,50000000.0,50000000.0,522,2026-02-04 12:42:24.318676
FSR,34.97,34.96,34.98,50000000.0,50000000.0,522,2026-02-04 12:42:24.318676
ATB,54.72,54.71,54.73,50000000.0,50000000.0,522,2026-02-04 12:42:24.318676
SPK,59.02,59.01,59.03,50000000.0,50000000.0,522,2026-02-04 12:42:24.318676
EEC,54.02,54.01,54.03,50000000.0,50000000.0,522,2026-02-04 12:42:24.318676
TGX,49.96,49.95,49.97,50000000.0,50000000.0,523,2026-02-04 12:42:25.359711,53.0,1.0,522.0,D3-GGD/PNR,FERC Staff Holds Technical Working Session,"Staff from the FERC convened a technical working session with advisors to both GreenGrid and PetroNorth to discuss outstanding questions regarding the proposed transaction. The agenda and tone of the meeting have not been disclosed. Some regulatory specialists interpret the session as constructive engagement, while others note that such meetings can also precede formal requests for additional information or remedies."
PHR,50.0,49.99,50.01,50000000.0,50000000.0,523,2026-02-04 12:42:25.359711,,,,,,
BYL,40.95,40.94,40.96,50000000.0,50000000.0,523,2026-02-04 12:42:25.359711,,,,,,
CLD,60.57,60.56,60.58,50000000.0,50000000.0,523,2026-02-04 12:42:25.359711,,,,,,
GGD,33.59,33.58,33.6,50000000.0,50000000.0,523,2026-02-04 12:42:25.359711,,,,,,
PNR,57.46,57.45,57.47,50000000.0,50000000.0,523,2026-02-04 12:42:25.359711,,,,,,
FSR,35.04,35.03,35.05,50000000.0,50000000.0,523,2026-02-04 12:42:25.359711,,,,,,
ATB,55.11,55.1,55.12,50000000.0,50000000.0,523,2026-02-04 12:42:25.359711,,,,,,
SPK,58.94,58.93,58.95,50000000.0,50000000.0,523,2026-02-04 12:42:25.359711,,,,,,
EEC,53.91,53.9,53.92,50000000.0,50000000.0,523,2026-02-04 12:42:25.359711,,,,,,
TGX,50.04,50.03,50.05,50000000.0,50000000.0,524,2026-02-04 12:42:26.390853
PHR,50.44,50.43,50.45,50000000.0,50000000.0,524,2026-02-04 12:42:26.390853
BYL,41.36,41.35,41.37,50000000.0,50000000.0,524,2026-02-04 12:42:26.390853
CLD,61.1,61.09,61.11,50000000.0,50000000.0,524,2026-02-04 12:42:26.390853
GGD,33.53,33.52,33.54,50000000.0,50000000.0,524,2026-02-04 12:42:26.390853
PNR,57.62,57.61,57.63,50000000.0,50000000.0,524,2026-02-04 12:42:26.390853
FSR,34.98,34.97,34.99,50000000.0,50000000.0,524,2026-02-04 12:42:26.390853
ATB,54.89,54.88,54.9,50000000.0,50000000.0,524,2026-02-04 12:42:26.390853
SPK,58.41,58.4,58.42,50000000.0,50000000.0,524,2026-02-04 12:42:26.390853
EEC,53.2,53.19,53.21,50000000.0,50000000.0,524,2026-02-04 12:42:26.390853
TGX,50.05,50.04,50.06,50000000.0,50000000.0,525,2026-02-04 12:42:27.431386,54.0,1.0,524.0,D3-GGD/PNR,Bridge Financing Commitment Signed,PetroNorth secures $3.5B bridge facility from major banks to fund cash component of mixed consideration.
PHR,50.57,50.56,50.58,50000000.0,50000000.0,525,2026-02-04 12:42:27.431386,,,,,,
BYL,41.12,41.11,41.13,50000000.0,50000000.0,525,2026-02-04 12:42:27.431386,,,,,,
CLD,60.83,60.82,60.84,50000000.0,50000000.0,525,2026-02-04 12:42:27.431386,,,,,,
GGD,33.46,33.45,33.47,50000000.0,50000000.0,525,2026-02-04 12:42:27.431386,,,,,,
PNR,57.66,57.65,57.67,50000000.0,50000000.0,525,2026-02-04 12:42:27.431386,,,,,,
FSR,34.99,34.98,35.0,50000000.0,50000000.0,525,2026-02-04 12:42:27.431386,,,,,,
ATB,54.8,54.79,54.81,50000000.0,50000000.0,525,2026-02-04 12:42:27.431386,,,,,,
SPK,58.3,58.29,58.31,50000000.0,50000000.0,525,2026-02-04 12:42:27.431386,,,,,,
EEC,53.09,53.08,53.1,50000000.0,50000000.0,525,2026-02-04 12:42:27.431386,,,,,,
TGX,50.03,50.02,50.04,50000000.0,50000000.0,526,2026-02-04 12:42:28.466969,55.0,1.0,525.0,D5-SPK/EEC,Utility Company Interest Reported,Industry sources suggest major utility company evaluating SolarPeak acquisition.
PHR,50.55,50.54,50.56,50000000.0,50000000.0,526,2026-02-04 12:42:28.466969,,,,,,
BYL,41.09,41.08,41.1,50000000.0,50000000.0,526,2026-02-04 12:42:28.466969,,,,,,
CLD,60.59,60.58,60.6,50000000.0,50000000.0,526,2026-02-04 12:42:28.466969,,,,,,
GGD,33.47,33.46,33.48,50000000.0,50000000.0,526,2026-02-04 12:42:28.466969,,,,,,
PNR,57.25,57.24,57.26,50000000.0,50000000.0,526,2026-02-04 12:42:28.466969,,,,,,
FSR,35.0,34.99,35.01,50000000.0,50000000.0,526,2026-02-04 12:42:28.466969,,,,,,
ATB,54.42,54.41,54.43,50000000.0,50000000.0,526,2026-02-04 12:42:28.466969,,,,,,
SPK,58.41,58.4,58.42,50000000.0,50000000.0,526,2026-02-04 12:42:28.466969,,,,,,
EEC,53.19,53.18,53.2,50000000.0,50000000.0,526,2026-02-04 12:42:28.466969,,,,,,
TGX,50.0,49.99,50.01,50000000.0,50000000.0,527,2026-02-04 12:42:29.503905
PHR,50.39,50.38,50.4,50000000.0,50000000.0,527,2026-02-04 12:42:29.503905
BYL,40.52,40.51,40.53,50000000.0,50000000.0,527,2026-02-04 12:42:29.503905
CLD,59.75,59.74,59.76,50000000.0,50000000.0,527,2026-02-04 12:42:29.503905
GGD,33.46,33.45,33.47,50000000.0,50000000.0,527,2026-02-04 12:42:29.503905
PNR,57.1,57.09,57.11,50000000.0,50000000.0,527,2026-02-04 12:42:29.503905
FSR,34.93,34.92,34.94,50000000.0,50000000.0,527,2026-02-04 12:42:29.503905
ATB,54.06,54.05,54.07,50000000.0,50000000.0,527,2026-02-04 12:42:29.503905
SPK,58.11,58.1,58.12,50000000.0,50000000.0,527,2026-02-04 12:42:29.503905
EEC,52.85,52.84,52.86,50000000.0,50000000.0,527,2026-02-04 12:42:29.503905
TGX,49.94,49.93,49.95,50000000.0,50000000.0,528,2026-02-04 12:42:30.534710,56.0,1.0,527.0,D4-FSR/ATB,FinSure Engages Advisors for Strategic Review,"FinSure has reportedly retained a second financial advisor to conduct a parallel strategic review, a step that could indicate either a strengthening of the company's negotiating position within the existing deal or exploratory outreach to alternative parties. The engagement was not publicly announced and was identified through regulatory filing amendments. Market interpretation is divided, with some viewing this as standard deal-process diligence and others reading it as a signal of board-level dissatisfaction with current terms."
PHR,50.57,50.56,50.58,50000000.0,50000000.0,528,2026-02-04 12:42:30.534710,,,,,,
BYL,40.39,40.38,40.4,50000000.0,50000000.0,528,2026-02-04 12:42:30.534710,,,,,,
CLD,59.46,59.45,59.47,50000000.0,50000000.0,528,2026-02-04 12:42:30.534710,,,,,,
GGD,33.41,33.4,33.42,50000000.0,50000000.0,528,2026-02-04 12:42:30.534710,,,,,,
PNR,56.99,56.98,57.0,50000000.0,50000000.0,528,2026-02-04 12:42:30.534710,,,,,,
FSR,34.87,34.86,34.88,50000000.0,50000000.0,528,2026-02-04 12:42:30.534710,,,,,,
ATB,53.07,53.06,53.08,50000000.0,50000000.0,528,2026-02-04 12:42:30.534710,,,,,,
SPK,58.56,58.55,58.57,50000000.0,50000000.0,528,2026-02-04 12:42:30.534710,,,,,,
EEC,53.4,53.39,53.41,50000000.0,50000000.0,528,2026-02-04 12:42:30.534710,,,,,,
TGX,49.99,49.98,50.0,50000000.0,50000000.0,529,2026-02-04 12:42:31.577444,57.0,1.0,528.0,D2-BYL/CLD,EU Commission Requests Detailed Market Share Data,"European regulators have formally requested comprehensive market share analysis across all European cloud service markets, signaling heightened scrutiny of the proposed combination. The request covers revenue data, customer concentration metrics, and competitive overlap assessments across 12 member states. Industry observers note that such data requests typically precede more detailed Phase II investigations, though they can also lead to expedited clearance if the data alleviates concerns."
PHR,50.13,50.12,50.14,50000000.0,50000000.0,529,2026-02-04 12:42:31.577444,,,,,,
BYL,40.28,40.27,40.29,50000000.0,50000000.0,529,2026-02-04 12:42:31.577444,,,,,,
CLD,59.19,59.18,59.2,50000000.0,50000000.0,529,2026-02-04 12:42:31.577444,,,,,,
GGD,33.37,33.36,33.38,50000000.0,50000000.0,529,2026-02-04 12:42:31.577444,,,,,,
PNR,56.88,56.87,56.89,50000000.0,50000000.0,529,2026-02-04 12:42:31.577444,,,,,,
FSR,34.88,34.87,34.89,50000000.0,50000000.0,529,2026-02-04 12:42:31.577444,,,,,,
ATB,53.37,53.36,53.38,50000000.0,50000000.0,529,2026-02-04 12:42:31.577444,,,,,,
SPK,58.39,58.38,58.4,50000000.0,50000000.0,529,2026-02-04 12:42:31.577444,,,,,,
EEC,53.13,53.12,53.14,50000000.0,50000000.0,529,2026-02-04 12:42:31.577444,,,,,,
TGX,49.91,49.9,49.92,50000000.0,50000000.0,530,2026-02-04 12:42:32.625384
PHR,50.24,50.23,50.25,50000000.0,50000000.0,530,2026-02-04 12:42:32.625384
BYL,40.25,40.24,40.26,50000000.0,50000000.0,530,2026-02-04 12:42:32.625384
CLD,59.14,59.13,59.15,50000000.0,50000000.0,530,2026-02-04 12:42:32.625384
GGD,33.37,33.36,33.38,50000000.0,50000000.0,530,2026-02-04 12:42:32.625384
PNR,56.82,56.81,56.83,50000000.0,50000000.0,530,2026-02-04 12:42:32.625384
FSR,34.95,34.94,34.96,50000000.0,50000000.0,530,2026-02-04 12:42:32.625384
ATB,52.71,52.7,52.72,50000000.0,50000000.0,530,2026-02-04 12:42:32.625384
SPK,58.16,58.15,58.17,50000000.0,50000000.0,530,2026-02-04 12:42:32.625384
EEC,52.83,52.82,52.84,50000000.0,50000000.0,530,2026-02-04 12:42:32.625384
TGX,49.91,49.9,49.92,50000000.0,50000000.0,531,2026-02-04 12:42:33.675336
PHR,50.27,50.26,50.28,50000000.0,50000000.0,531,2026-02-04 12:42:33.675336
BYL,40.2,40.19,40.21,50000000.0,50000000.0,531,2026-02-04 12:42:33.675336
CLD,59.13,59.12,59.14,50000000.0,50000000.0,531,2026-02-04 12:42:33.675336
GGD,33.41,33.4,33.42,50000000.0,50000000.0,531,2026-02-04 12:42:33.675336
PNR,56.72,56.71,56.73,50000000.0,50000000.0,531,2026-02-04 12:42:33.675336
FSR,34.95,34.94,34.96,50000000.0,50000000.0,531,2026-02-04 12:42:33.675336
ATB,52.46,52.45,52.47,50000000.0,50000000.0,531,2026-02-04 12:42:33.675336
SPK,58.73,58.72,58.74,50000000.0,50000000.0,531,2026-02-04 12:42:33.675336
EEC,53.56,53.55,53.57,50000000.0,50000000.0,531,2026-02-04 12:42:33.675336
TGX,49.93,49.92,49.94,50000000.0,50000000.0,532,2026-02-04 12:42:34.712289
PHR,50.31,50.3,50.32,50000000.0,50000000.0,532,2026-02-04 12:42:34.712289
BYL,40.52,40.51,40.53,50000000.0,50000000.0,532,2026-02-04 12:42:34.712289
CLD,59.78,59.77,59.79,50000000.0,50000000.0,532,2026-02-04 12:42:34.712289
GGD,33.36,33.35,33.37,50000000.0,50000000.0,532,2026-02-04 12:42:34.712289
PNR,56.63,56.62,56.64,50000000.0,50000000.0,532,2026-02-04 12:42:34.712289
FSR,34.99,34.98,35.0,50000000.0,50000000.0,532,2026-02-04 12:42:34.712289
ATB,52.8,52.79,52.81,50000000.0,50000000.0,532,2026-02-04 12:42:34.712289
SPK,58.55,58.54,58.56,50000000.0,50000000.0,532,2026-02-04 12:42:34.712289
EEC,53.27,53.26,53.28,50000000.0,50000000.0,532,2026-02-04 12:42:34.712289
TGX,50.04,50.03,50.05,50000000.0,50000000.0,533,2026-02-04 12:42:35.747882
PHR,50.3,50.29,50.31,50000000.0,50000000.0,533,2026-02-04 12:42:35.747882
BYL,40.33,40.32,40.34,50000000.0,50000000.0,533,2026-02-04 12:42:35.747882
CLD,59.41,59.4,59.42,50000000.0,50000000.0,533,2026-02-04 12:42:35.747882
GGD,34.26,34.25,34.27,50000000.0,50000000.0,533,2026-02-04 12:42:35.747882
PNR,56.75,56.74,56.76,50000000.0,50000000.0,533,2026-02-04 12:42:35.747882
FSR,34.9,34.89,34.91,50000000.0,50000000.0,533,2026-02-04 12:42:35.747882
ATB,53.05,53.04,53.06,50000000.0,50000000.0,533,2026-02-04 12:42:35.747882
SPK,58.74,58.73,58.75,50000000.0,50000000.0,533,2026-02-04 12:42:35.747882
EEC,53.57,53.56,53.58,50000000.0,50000000.0,533,2026-02-04 12:42:35.747882
TGX,50.06,50.05,50.07,50000000.0,50000000.0,534,2026-02-04 12:42:36.781984
PHR,50.14,50.13,50.15,50000000.0,50000000.0,534,2026-02-04 12:42:36.781984
BYL,40.59,40.58,40.6,50000000.0,50000000.0,534,2026-02-04 12:42:36.781984
CLD,59.93,59.92,59.94,50000000.0,50000000.0,534,2026-02-04 12:42:36.781984
GGD,34.28,34.27,34.29,50000000.0,50000000.0,534,2026-02-04 12:42:36.781984
PNR,56.81,56.8,56.82,50000000.0,50000000.0,534,2026-02-04 12:42:36.781984
FSR,34.85,34.84,34.86,50000000.0,50000000.0,534,2026-02-04 12:42:36.781984
ATB,52.77,52.76,52.78,50000000.0,50000000.0,534,2026-02-04 12:42:36.781984
SPK,58.64,58.63,58.65,50000000.0,50000000.0,534,2026-02-04 12:42:36.781984
EEC,53.58,53.57,53.59,50000000.0,50000000.0,534,2026-02-04 12:42:36.781984
TGX,50.02,50.01,50.03,50000000.0,50000000.0,535,2026-02-04 12:42:37.810923
PHR,50.63,50.62,50.64,50000000.0,50000000.0,535,2026-02-04 12:42:37.810923
BYL,40.69,40.68,40.7,50000000.0,50000000.0,535,2026-02-04 12:42:37.810923
CLD,60.18,60.17,60.19,50000000.0,50000000.0,535,2026-02-04 12:42:37.810923
GGD,34.4,34.39,34.41,50000000.0,50000000.0,535,2026-02-04 12:42:37.810923
PNR,56.73,56.72,56.74,50000000.0,50000000.0,535,2026-02-04 12:42:37.810923
FSR,34.85,34.84,34.86,50000000.0,50000000.0,535,2026-02-04 12:42:37.810923
ATB,52.74,52.73,52.75,50000000.0,50000000.0,535,2026-02-04 12:42:37.810923
SPK,58.8,58.79,58.81,50000000.0,50000000.0,535,2026-02-04 12:42:37.810923
EEC,53.76,53.75,53.77,50000000.0,50000000.0,535,2026-02-04 12:42:37.810923
TGX,49.95,49.94,49.96,50000000.0,50000000.0,536,2026-02-04 12:42:38.340353
PHR,51.25,51.24,51.26,50000000.0,50000000.0,536,2026-02-04 12:42:38.340353
BYL,40.92,40.91,40.93,50000000.0,50000000.0,536,2026-02-04 12:42:38.340353
CLD,60.43,60.42,60.44,50000000.0,50000000.0,536,2026-02-04 12:42:38.340353
GGD,34.46,34.45,34.47,50000000.0,50000000.0,536,2026-02-04 12:42:38.340353
PNR,56.76,56.75,56.77,50000000.0,50000000.0,536,2026-02-04 12:42:38.340353
FSR,34.87,34.86,34.88,50000000.0,50000000.0,536,2026-02-04 12:42:38.340353
ATB,52.8,52.79,52.81,50000000.0,50000000.0,536,2026-02-04 12:42:38.340353
SPK,58.96,58.95,58.97,50000000.0,50000000.0,536,2026-02-04 12:42:38.340353
EEC,53.9,53.89,53.91,50000000.0,50000000.0,536,2026-02-04 12:42:38.340353
TGX,50.03,50.02,50.04,50000000.0,50000000.0,537,2026-02-04 12:42:39.379489
PHR,51.1,51.09,51.11,50000000.0,50000000.0,537,2026-02-04 12:42:39.379489
BYL,40.72,40.71,40.73,50000000.0,50000000.0,537,2026-02-04 12:42:39.379489
CLD,60.08,60.07,60.09,50000000.0,50000000.0,537,2026-02-04 12:42:39.379489
GGD,35.23,35.22,35.24,50000000.0,50000000.0,537,2026-02-04 12:42:39.379489
PNR,56.57,56.56,56.58,50000000.0,50000000.0,537,2026-02-04 12:42:39.379489
FSR,34.91,34.9,34.92,50000000.0,50000000.0,537,2026-02-04 12:42:39.379489
ATB,52.16,52.15,52.17,50000000.0,50000000.0,537,2026-02-04 12:42:39.379489
SPK,58.99,58.98,59.0,50000000.0,50000000.0,537,2026-02-04 12:42:39.379489
EEC,53.94,53.93,53.95,50000000.0,50000000.0,537,2026-02-04 12:42:39.379489
TGX,50.03,50.02,50.04,50000000.0,50000000.0,538,2026-02-04 12:42:40.418944
PHR,51.06,51.05,51.07,50000000.0,50000000.0,538,2026-02-04 12:42:40.418944
BYL,41.21,41.2,41.22,50000000.0,50000000.0,538,2026-02-04 12:42:40.418944
CLD,60.81,60.8,60.82,50000000.0,50000000.0,538,2026-02-04 12:42:40.418944
GGD,35.15,35.14,35.16,50000000.0,50000000.0,538,2026-02-04 12:42:40.418944
PNR,56.43,56.42,56.44,50000000.0,50000000.0,538,2026-02-04 12:42:40.418944
FSR,34.97,34.96,34.98,50000000.0,50000000.0,538,2026-02-04 12:42:40.418944
ATB,52.14,52.13,52.15,50000000.0,50000000.0,538,2026-02-04 12:42:40.418944
SPK,59.03,59.02,59.04,50000000.0,50000000.0,538,2026-02-04 12:42:40.418944
EEC,53.97,53.96,53.98,50000000.0,50000000.0,538,2026-02-04 12:42:40.418944
TGX,50.09,50.08,50.1,50000000.0,50000000.0,539,2026-02-04 12:42:41.459933
PHR,50.8,50.79,50.81,50000000.0,50000000.0,539,2026-02-04 12:42:41.459933
BYL,41.32,41.31,41.33,50000000.0,50000000.0,539,2026-02-04 12:42:41.459933
CLD,61.08,61.07,61.09,50000000.0,50000000.0,539,2026-02-04 12:42:41.459933
GGD,35.18,35.17,35.19,50000000.0,50000000.0,539,2026-02-04 12:42:41.459933
PNR,56.56,56.55,56.57,50000000.0,50000000.0,539,2026-02-04 12:42:41.459933
FSR,34.97,34.96,34.98,50000000.0,50000000.0,539,2026-02-04 12:42:41.459933
ATB,52.16,52.15,52.17,50000000.0,50000000.0,539,2026-02-04 12:42:41.459933
SPK,59.27,59.26,59.28,50000000.0,50000000.0,539,2026-02-04 12:42:41.459933
EEC,54.32,54.31,54.33,50000000.0,50000000.0,539,2026-02-04 12:42:41.459933
TGX,50.04,50.03,50.05,50000000.0,50000000.0,540,2026-02-04 12:42:42.503618
PHR,51.3,51.29,51.31,50000000.0,50000000.0,540,2026-02-04 12:42:42.503618
BYL,41.32,41.31,41.33,50000000.0,50000000.0,540,2026-02-04 12:42:42.503618
CLD,61.04,61.03,61.05,50000000.0,50000000.0,540,2026-02-04 12:42:42.503618
GGD,36.02,36.01,36.03,50000000.0,50000000.0,540,2026-02-04 12:42:42.503618
PNR,56.57,56.56,56.58,50000000.0,50000000.0,540,2026-02-04 12:42:42.503618
FSR,34.88,34.87,34.89,50000000.0,50000000.0,540,2026-02-04 12:42:42.503618
ATB,52.01,52.0,52.02,50000000.0,50000000.0,540,2026-02-04 12:42:42.503618
SPK,58.93,58.92,58.94,50000000.0,50000000.0,540,2026-02-04 12:42:42.503618
EEC,53.86,53.85,53.87,50000000.0,50000000.0,540,2026-02-04 12:42:42.503618
TGX,50.02,50.01,50.03,50000000.0,50000000.0,541,2026-02-04 12:42:43.540197
PHR,51.26,51.25,51.27,50000000.0,50000000.0,541,2026-02-04 12:42:43.540197
BYL,41.45,41.44,41.46,50000000.0,50000000.0,541,2026-02-04 12:42:43.540197
CLD,61.28,61.27,61.29,50000000.0,50000000.0,541,2026-02-04 12:42:43.540197
GGD,35.97,35.96,35.98,50000000.0,50000000.0,541,2026-02-04 12:42:43.540197
PNR,56.36,56.35,56.37,50000000.0,50000000.0,541,2026-02-04 12:42:43.540197
FSR,34.92,34.91,34.93,50000000.0,50000000.0,541,2026-02-04 12:42:43.540197
ATB,51.27,51.26,51.28,50000000.0,50000000.0,541,2026-02-04 12:42:43.540197
SPK,58.98,58.97,58.99,50000000.0,50000000.0,541,2026-02-04 12:42:43.540197
EEC,53.85,53.84,53.86,50000000.0,50000000.0,541,2026-02-04 12:42:43.540197
TGX,50.0,49.99,50.01,50000000.0,50000000.0,542,2026-02-04 12:42:44.578122
PHR,51.42,51.41,51.43,50000000.0,50000000.0,542,2026-02-04 12:42:44.578122
BYL,41.8,41.79,41.81,50000000.0,50000000.0,542,2026-02-04 12:42:44.578122
CLD,61.86,61.85,61.87,50000000.0,50000000.0,542,2026-02-04 12:42:44.578122
GGD,35.89,35.88,35.9,50000000.0,50000000.0,542,2026-02-04 12:42:44.578122
PNR,56.33,56.32,56.34,50000000.0,50000000.0,542,2026-02-04 12:42:44.578122
FSR,34.83,34.82,34.84,50000000.0,50000000.0,542,2026-02-04 12:42:44.578122
ATB,51.23,51.22,51.24,50000000.0,50000000.0,542,2026-02-04 12:42:44.578122
SPK,58.8,58.79,58.81,50000000.0,50000000.0,542,2026-02-04 12:42:44.578122
EEC,53.67,53.66,53.68,50000000.0,50000000.0,542,2026-02-04 12:42:44.578122
TGX,49.99,49.98,50.0,50000000.0,50000000.0,543,2026-02-04 12:42:45.612585
PHR,51.37,51.36,51.38,50000000.0,50000000.0,543,2026-02-04 12:42:45.612585
BYL,41.66,41.65,41.67,50000000.0,50000000.0,543,2026-02-04 12:42:45.612585
CLD,61.64,61.63,61.65,50000000.0,50000000.0,543,2026-02-04 12:42:45.612585
GGD,36.78,36.77,36.79,50000000.0,50000000.0,543,2026-02-04 12:42:45.612585
PNR,56.3,56.29,56.31,50000000.0,50000000.0,543,2026-02-04 12:42:45.612585
FSR,34.85,34.84,34.86,50000000.0,50000000.0,543,2026-02-04 12:42:45.612585
ATB,51.12,51.11,51.13,50000000.0,50000000.0,543,2026-02-04 12:42:45.612585
SPK,59.09,59.08,59.1,50000000.0,50000000.0,543,2026-02-04 12:42:45.612585
EEC,54.12,54.11,54.13,50000000.0,50000000.0,543,2026-02-04 12:42:45.612585
TGX,49.98,49.97,49.99,50000000.0,50000000.0,544,2026-02-04 12:42:46.645399
PHR,51.55,51.54,51.56,50000000.0,50000000.0,544,2026-02-04 12:42:46.645399
BYL,41.7,41.69,41.71,50000000.0,50000000.0,544,2026-02-04 12:42:46.645399
CLD,61.76,61.75,61.77,50000000.0,50000000.0,544,2026-02-04 12:42:46.645399
GGD,36.74,36.73,36.75,50000000.0,50000000.0,544,2026-02-04 12:42:46.645399
PNR,56.19,56.18,56.2,50000000.0,50000000.0,544,2026-02-04 12:42:46.645399
FSR,35.72,35.71,35.73,50000000.0,50000000.0,544,2026-02-04 12:42:46.645399
ATB,51.27,51.26,51.28,50000000.0,50000000.0,544,2026-02-04 12:42:46.645399
SPK,58.9,58.89,58.91,50000000.0,50000000.0,544,2026-02-04 12:42:46.645399
EEC,53.85,53.84,53.86,50000000.0,50000000.0,544,2026-02-04 12:42:46.645399
TGX,49.98,49.97,49.99,50000000.0,50000000.0,545,2026-02-04 12:42:47.677489
PHR,51.99,51.98,52.0,50000000.0,50000000.0,545,2026-02-04 12:42:47.677489
BYL,41.75,41.74,41.76,50000000.0,50000000.0,545,2026-02-04 12:42:47.677489
CLD,61.77,61.76,61.78,50000000.0,50000000.0,545,2026-02-04 12:42:47.677489
GGD,37.57,37.56,37.58,50000000.0,50000000.0,545,2026-02-04 12:42:47.677489
PNR,56.41,56.4,56.42,50000000.0,50000000.0,545,2026-02-04 12:42:47.677489
FSR,35.81,35.8,35.82,50000000.0,50000000.0,545,2026-02-04 12:42:47.677489
ATB,50.8,50.79,50.81,50000000.0,50000000.0,545,2026-02-04 12:42:47.677489
SPK,58.97,58.96,58.98,50000000.0,50000000.0,545,2026-02-04 12:42:47.677489
EEC,53.95,53.94,53.96,50000000.0,50000000.0,545,2026-02-04 12:42:47.677489
TGX,49.99,49.98,50.0,50000000.0,50000000.0,546,2026-02-04 12:42:48.705913
PHR,51.85,51.84,51.86,50000000.0,50000000.0,546,2026-02-04 12:42:48.705913
BYL,41.74,41.73,41.75,50000000.0,50000000.0,546,2026-02-04 12:42:48.705913
CLD,61.65,61.64,61.66,50000000.0,50000000.0,546,2026-02-04 12:42:48.705913
GGD,37.58,37.57,37.59,50000000.0,50000000.0,546,2026-02-04 12:42:48.705913
PNR,56.46,56.45,56.47,50000000.0,50000000.0,546,2026-02-04 12:42:48.705913
FSR,36.58,36.57,36.59,50000000.0,50000000.0,546,2026-02-04 12:42:48.705913
ATB,50.38,50.37,50.39,50000000.0,50000000.0,546,2026-02-04 12:42:48.705913
SPK,58.75,58.74,58.76,50000000.0,50000000.0,546,2026-02-04 12:42:48.705913
EEC,53.58,53.57,53.59,50000000.0,50000000.0,546,2026-02-04 12:42:48.705913
TGX,49.98,49.97,49.99,50000000.0,50000000.0,547,2026-02-04 12:42:49.738595
PHR,52.38,52.37,52.39,50000000.0,50000000.0,547,2026-02-04 12:42:49.738595
BYL,41.73,41.72,41.74,50000000.0,50000000.0,547,2026-02-04 12:42:49.738595
CLD,61.53,61.52,61.54,50000000.0,50000000.0,547,2026-02-04 12:42:49.738595
GGD,37.5,37.49,37.51,50000000.0,50000000.0,547,2026-02-04 12:42:49.738595
PNR,56.54,56.53,56.55,50000000.0,50000000.0,547,2026-02-04 12:42:49.738595
FSR,37.37,37.36,37.38,50000000.0,50000000.0,547,2026-02-04 12:42:49.738595
ATB,49.89,49.88,49.9,50000000.0,50000000.0,547,2026-02-04 12:42:49.738595
SPK,58.72,58.71,58.73,50000000.0,50000000.0,547,2026-02-04 12:42:49.738595
EEC,53.53,53.52,53.54,50000000.0,50000000.0,547,2026-02-04 12:42:49.738595
TGX,49.98,49.97,49.99,50000000.0,50000000.0,548,2026-02-04 12:42:50.776656
PHR,52.86,52.85,52.87,50000000.0,50000000.0,548,2026-02-04 12:42:50.776656
BYL,41.21,41.2,41.22,50000000.0,50000000.0,548,2026-02-04 12:42:50.776656
CLD,60.77,60.76,60.78,50000000.0,50000000.0,548,2026-02-04 12:42:50.776656
GGD,37.49,37.48,37.5,50000000.0,50000000.0,548,2026-02-04 12:42:50.776656
PNR,56.45,56.44,56.46,50000000.0,50000000.0,548,2026-02-04 12:42:50.776656
FSR,37.51,37.5,37.52,50000000.0,50000000.0,548,2026-02-04 12:42:50.776656
ATB,50.39,50.38,50.4,50000000.0,50000000.0,548,2026-02-04 12:42:50.776656
SPK,59.34,59.33,59.35,50000000.0,50000000.0,548,2026-02-04 12:42:50.776656
EEC,54.31,54.3,54.32,50000000.0,50000000.0,548,2026-02-04 12:42:50.776656
TGX,49.95,49.94,49.96,50000000.0,50000000.0,549,2026-02-04 12:42:51.808640
PHR,53.27,53.26,53.28,50000000.0,50000000.0,549,2026-02-04 12:42:51.808640
BYL,41.21,41.2,41.22,50000000.0,50000000.0,549,2026-02-04 12:42:51.808640
CLD,60.94,60.93,60.95,50000000.0,50000000.0,549,2026-02-04 12:42:51.808640
GGD,38.42,38.41,38.43,50000000.0,50000000.0,549,2026-02-04 12:42:51.808640
PNR,56.41,56.4,56.42,50000000.0,50000000.0,549,2026-02-04 12:42:51.808640
FSR,38.3,38.29,38.31,50000000.0,50000000.0,549,2026-02-04 12:42:51.808640
ATB,50.49,50.48,50.5,50000000.0,50000000.0,549,2026-02-04 12:42:51.808640
SPK,58.95,58.94,58.96,50000000.0,50000000.0,549,2026-02-04 12:42:51.808640
EEC,53.85,53.84,53.86,50000000.0,50000000.0,549,2026-02-04 12:42:51.808640
TGX,49.96,49.95,49.97,50000000.0,50000000.0,550,2026-02-04 12:42:52.842604
PHR,53.11,53.1,53.12,50000000.0,50000000.0,550,2026-02-04 12:42:52.842604
BYL,40.02,40.01,40.03,50000000.0,50000000.0,550,2026-02-04 12:42:52.842604
CLD,60.79,60.78,60.8,50000000.0,50000000.0,550,2026-02-04 12:42:52.842604
GGD,38.39,38.38,38.4,50000000.0,50000000.0,550,2026-02-04 12:42:52.842604
PNR,56.33,56.32,56.34,50000000.0,50000000.0,550,2026-02-04 12:42:52.842604
FSR,38.28,38.27,38.29,50000000.0,50000000.0,550,2026-02-04 12:42:52.842604
ATB,50.47,50.46,50.48,50000000.0,50000000.0,550,2026-02-04 12:42:52.842604
SPK,59.37,59.36,59.38,50000000.0,50000000.0,550,2026-02-04 12:42:52.842604
EEC,53.45,53.44,53.46,50000000.0,50000000.0,550,2026-02-04 12:42:52.842604
TGX,49.93,49.92,49.94,50000000.0,50000000.0,551,2026-02-04 12:42:53.878340
PHR,53.14,53.13,53.15,50000000.0,50000000.0,551,2026-02-04 12:42:53.878340
BYL,40.18,40.17,40.19,50000000.0,50000000.0,551,2026-02-04 12:42:53.878340
CLD,61.01,61.0,61.02,50000000.0,50000000.0,551,2026-02-04 12:42:53.878340
GGD,38.41,38.4,38.42,50000000.0,50000000.0,551,2026-02-04 12:42:53.878340
PNR,56.15,56.14,56.16,50000000.0,50000000.0,551,2026-02-04 12:42:53.878340
FSR,38.25,38.24,38.26,50000000.0,50000000.0,551,2026-02-04 12:42:53.878340
ATB,50.39,50.38,50.4,50000000.0,50000000.0,551,2026-02-04 12:42:53.878340
SPK,59.64,59.63,59.65,50000000.0,50000000.0,551,2026-02-04 12:42:53.878340
EEC,53.81,53.8,53.82,50000000.0,50000000.0,551,2026-02-04 12:42:53.878340
TGX,50.01,50.0,50.02,50000000.0,50000000.0,552,2026-02-04 12:42:54.917853
PHR,52.82,52.81,52.83,50000000.0,50000000.0,552,2026-02-04 12:42:54.917853
BYL,40.12,40.11,40.13,50000000.0,50000000.0,552,2026-02-04 12:42:54.917853
CLD,61.04,61.03,61.05,50000000.0,50000000.0,552,2026-02-04 12:42:54.917853
GGD,38.29,38.28,38.3,50000000.0,50000000.0,552,2026-02-04 12:42:54.917853
PNR,56.01,56.0,56.02,50000000.0,50000000.0,552,2026-02-04 12:42:54.917853
FSR,38.25,38.24,38.26,50000000.0,50000000.0,552,2026-02-04 12:42:54.917853
ATB,50.25,50.24,50.26,50000000.0,50000000.0,552,2026-02-04 12:42:54.917853
SPK,59.92,59.91,59.93,50000000.0,50000000.0,552,2026-02-04 12:42:54.917853
EEC,54.11,54.1,54.12,50000000.0,50000000.0,552,2026-02-04 12:42:54.917853
TGX,50.02,50.01,50.03,50000000.0,50000000.0,553,2026-02-04 12:42:55.948060
PHR,53.14,53.13,53.15,50000000.0,50000000.0,553,2026-02-04 12:42:55.948060
BYL,39.69,39.68,39.7,50000000.0,50000000.0,553,2026-02-04 12:42:55.948060
CLD,60.25,60.24,60.26,50000000.0,50000000.0,553,2026-02-04 12:42:55.948060
GGD,38.38,38.37,38.39,50000000.0,50000000.0,553,2026-02-04 12:42:55.948060
PNR,55.9,55.89,55.91,50000000.0,50000000.0,553,2026-02-04 12:42:55.948060
FSR,38.28,38.27,38.29,50000000.0,50000000.0,553,2026-02-04 12:42:55.948060
ATB,50.13,50.12,50.14,50000000.0,50000000.0,553,2026-02-04 12:42:55.948060
SPK,59.85,59.84,59.86,50000000.0,50000000.0,553,2026-02-04 12:42:55.948060
EEC,54.06,54.05,54.07,50000000.0,50000000.0,553,2026-02-04 12:42:55.948060
TGX,50.03,50.02,50.04,50000000.0,50000000.0,554,2026-02-04 12:42:56.477590
PHR,53.48,53.47,53.49,50000000.0,50000000.0,554,2026-02-04 12:42:56.477590
BYL,40.07,40.06,40.08,50000000.0,50000000.0,554,2026-02-04 12:42:56.477590
CLD,60.83,60.82,60.84,50000000.0,50000000.0,554,2026-02-04 12:42:56.477590
GGD,38.41,38.4,38.42,50000000.0,50000000.0,554,2026-02-04 12:42:56.477590
PNR,56.09,56.08,56.1,50000000.0,50000000.0,554,2026-02-04 12:42:56.477590
FSR,38.35,38.34,38.36,50000000.0,50000000.0,554,2026-02-04 12:42:56.477590
ATB,50.74,50.73,50.75,50000000.0,50000000.0,554,2026-02-04 12:42:56.477590
SPK,59.36,59.35,59.37,50000000.0,50000000.0,554,2026-02-04 12:42:56.477590
EEC,53.45,53.44,53.46,50000000.0,50000000.0,554,2026-02-04 12:42:56.477590
TGX,50.02,50.01,50.03,50000000.0,50000000.0,555,2026-02-04 12:42:57.510901
PHR,53.35,53.34,53.36,50000000.0,50000000.0,555,2026-02-04 12:42:57.510901
BYL,40.35,40.34,40.36,50000000.0,50000000.0,555,2026-02-04 12:42:57.510901
CLD,61.26,61.25,61.27,50000000.0,50000000.0,555,2026-02-04 12:42:57.510901
GGD,38.42,38.41,38.43,50000000.0,50000000.0,555,2026-02-04 12:42:57.510901
PNR,56.08,56.07,56.09,50000000.0,50000000.0,555,2026-02-04 12:42:57.510901
FSR,38.32,38.31,38.33,50000000.0,50000000.0,555,2026-02-04 12:42:57.510901
ATB,50.05,50.04,50.06,50000000.0,50000000.0,555,2026-02-04 12:42:57.510901
SPK,59.98,59.97,59.99,50000000.0,50000000.0,555,2026-02-04 12:42:57.510901
EEC,54.19,54.18,54.2,50000000.0,50000000.0,555,2026-02-04 12:42:57.510901
TGX,49.99,49.98,50.0,50000000.0,50000000.0,556,2026-02-04 12:42:58.541357
PHR,53.04,53.03,53.05,50000000.0,50000000.0,556,2026-02-04 12:42:58.541357
BYL,40.62,40.61,40.63,50000000.0,50000000.0,556,2026-02-04 12:42:58.541357
CLD,61.84,61.83,61.85,50000000.0,50000000.0,556,2026-02-04 12:42:58.541357
GGD,38.37,38.36,38.38,50000000.0,50000000.0,556,2026-02-04 12:42:58.541357
PNR,56.15,56.14,56.16,50000000.0,50000000.0,556,2026-02-04 12:42:58.541357
FSR,38.23,38.22,38.24,50000000.0,50000000.0,556,2026-02-04 12:42:58.541357
ATB,50.48,50.47,50.49,50000000.0,50000000.0,556,2026-02-04 12:42:58.541357
SPK,59.88,59.87,59.89,50000000.0,50000000.0,556,2026-02-04 12:42:58.541357
EEC,54.11,54.1,54.12,50000000.0,50000000.0,556,2026-02-04 12:42:58.541357
TGX,49.98,49.97,49.99,50000000.0,50000000.0,557,2026-02-04 12:42:59.574229
PHR,52.98,52.97,52.99,50000000.0,50000000.0,557,2026-02-04 12:42:59.574229
BYL,40.72,40.71,40.73,50000000.0,50000000.0,557,2026-02-04 12:42:59.574229
CLD,62.01,62.0,62.02,50000000.0,50000000.0,557,2026-02-04 12:42:59.574229
GGD,38.4,38.39,38.41,50000000.0,50000000.0,557,2026-02-04 12:42:59.574229
PNR,56.05,56.04,56.06,50000000.0,50000000.0,557,2026-02-04 12:42:59.574229
FSR,38.26,38.25,38.27,50000000.0,50000000.0,557,2026-02-04 12:42:59.574229
ATB,50.58,50.57,50.59,50000000.0,50000000.0,557,2026-02-04 12:42:59.574229
SPK,59.34,59.33,59.35,50000000.0,50000000.0,557,2026-02-04 12:42:59.574229
EEC,53.48,53.47,53.49,50000000.0,50000000.0,557,2026-02-04 12:42:59.574229
TGX,49.96,49.95,49.97,50000000.0,50000000.0,558,2026-02-04 12:43:00.609517
PHR,52.98,52.97,52.99,50000000.0,50000000.0,558,2026-02-04 12:43:00.609517
BYL,40.34,40.33,40.35,50000000.0,50000000.0,558,2026-02-04 12:43:00.609517
CLD,61.34,61.33,61.35,50000000.0,50000000.0,558,2026-02-04 12:43:00.609517
GGD,38.43,38.42,38.44,50000000.0,50000000.0,558,2026-02-04 12:43:00.609517
PNR,55.8,55.79,55.81,50000000.0,50000000.0,558,2026-02-04 12:43:00.609517
FSR,38.32,38.31,38.33,50000000.0,50000000.0,558,2026-02-04 12:43:00.609517
ATB,50.29,50.28,50.3,50000000.0,50000000.0,558,2026-02-04 12:43:00.609517
SPK,59.52,59.51,59.53,50000000.0,50000000.0,558,2026-02-04 12:43:00.609517
EEC,53.67,53.66,53.68,50000000.0,50000000.0,558,2026-02-04 12:43:00.609517
TGX,49.97,49.96,49.98,50000000.0,50000000.0,559,2026-02-04 12:43:01.644917
PHR,53.51,53.5,53.52,50000000.0,50000000.0,559,2026-02-04 12:43:01.644917
BYL,40.34,40.33,40.35,50000000.0,50000000.0,559,2026-02-04 12:43:01.644917
CLD,61.44,61.43,61.45,50000000.0,50000000.0,559,2026-02-04 12:43:01.644917
GGD,38.49,38.48,38.5,50000000.0,50000000.0,559,2026-02-04 12:43:01.644917
PNR,55.87,55.86,55.88,50000000.0,50000000.0,559,2026-02-04 12:43:01.644917
FSR,38.3,38.29,38.31,50000000.0,50000000.0,559,2026-02-04 12:43:01.644917
ATB,50.19,50.18,50.2,50000000.0,50000000.0,559,2026-02-04 12:43:01.644917
SPK,60.28,60.27,60.29,50000000.0,50000000.0,559,2026-02-04 12:43:01.644917
EEC,54.51,54.5,54.52,50000000.0,50000000.0,559,2026-02-04 12:43:01.644917
TGX,49.97,49.96,49.98,50000000.0,50000000.0,560,2026-02-04 12:43:02.681942
PHR,53.33,53.32,53.34,50000000.0,50000000.0,560,2026-02-04 12:43:02.681942
BYL,40.39,40.38,40.4,50000000.0,50000000.0,560,2026-02-04 12:43:02.681942
CLD,61.38,61.37,61.39,50000000.0,50000000.0,560,2026-02-04 12:43:02.681942
GGD,38.46,38.45,38.47,50000000.0,50000000.0,560,2026-02-04 12:43:02.681942
PNR,55.75,55.74,55.76,50000000.0,50000000.0,560,2026-02-04 12:43:02.681942
FSR,38.31,38.3,38.32,50000000.0,50000000.0,560,2026-02-04 12:43:02.681942
ATB,50.51,50.5,50.52,50000000.0,50000000.0,560,2026-02-04 12:43:02.681942
SPK,60.84,60.83,60.85,50000000.0,50000000.0,560,2026-02-04 12:43:02.681942
EEC,55.19,55.18,55.2,50000000.0,50000000.0,560,2026-02-04 12:43:02.681942
TGX,49.93,49.92,49.94,50000000.0,50000000.0,561,2026-02-04 12:43:03.722564
PHR,53.36,53.35,53.37,50000000.0,50000000.0,561,2026-02-04 12:43:03.722564
BYL,40.13,40.12,40.14,50000000.0,50000000.0,561,2026-02-04 12:43:03.722564
CLD,60.9,60.89,60.91,50000000.0,50000000.0,561,2026-02-04 12:43:03.722564
GGD,38.31,38.3,38.32,50000000.0,50000000.0,561,2026-02-04 12:43:03.722564
PNR,55.46,55.45,55.47,50000000.0,50000000.0,561,2026-02-04 12:43:03.722564
FSR,38.27,38.26,38.28,50000000.0,50000000.0,561,2026-02-04 12:43:03.722564
ATB,50.04,50.03,50.05,50000000.0,50000000.0,561,2026-02-04 12:43:03.722564
SPK,60.94,60.93,60.95,50000000.0,50000000.0,561,2026-02-04 12:43:03.722564
EEC,55.34,55.33,55.35,50000000.0,50000000.0,561,2026-02-04 12:43:03.722564
TGX,49.98,49.97,49.99,50000000.0,50000000.0,562,2026-02-04 12:43:04.761373
PHR,53.4,53.39,53.41,50000000.0,50000000.0,562,2026-02-04 12:43:04.761373
BYL,40.01,40.0,40.02,50000000.0,50000000.0,562,2026-02-04 12:43:04.761373
CLD,60.78,60.77,60.79,50000000.0,50000000.0,562,2026-02-04 12:43:04.761373
GGD,38.32,38.31,38.33,50000000.0,50000000.0,562,2026-02-04 12:43:04.761373
PNR,55.67,55.66,55.68,50000000.0,50000000.0,562,2026-02-04 12:43:04.761373
FSR,38.24,38.23,38.25,50000000.0,50000000.0,562,2026-02-04 12:43:04.761373
ATB,49.21,49.2,49.22,50000000.0,50000000.0,562,2026-02-04 12:43:04.761373
SPK,60.77,60.76,60.78,50000000.0,50000000.0,562,2026-02-04 12:43:04.761373
EEC,55.14,55.13,55.15,50000000.0,50000000.0,562,2026-02-04 12:43:04.761373
TGX,50.03,50.02,50.04,50000000.0,50000000.0,563,2026-02-04 12:43:05.795012
PHR,53.69,53.68,53.7,50000000.0,50000000.0,563,2026-02-04 12:43:05.795012
BYL,40.51,40.5,40.52,50000000.0,50000000.0,563,2026-02-04 12:43:05.795012
CLD,61.62,61.61,61.63,50000000.0,50000000.0,563,2026-02-04 12:43:05.795012
GGD,38.38,38.37,38.39,50000000.0,50000000.0,563,2026-02-04 12:43:05.795012
PNR,55.74,55.73,55.75,50000000.0,50000000.0,563,2026-02-04 12:43:05.795012
FSR,38.33,38.32,38.34,50000000.0,50000000.0,563,2026-02-04 12:43:05.795012
ATB,49.05,49.04,49.06,50000000.0,50000000.0,563,2026-02-04 12:43:05.795012
SPK,60.87,60.86,60.88,50000000.0,50000000.0,563,2026-02-04 12:43:05.795012
EEC,55.27,55.26,55.28,50000000.0,50000000.0,563,2026-02-04 12:43:05.795012
TGX,49.92,49.91,49.93,50000000.0,50000000.0,564,2026-02-04 12:43:06.836828
PHR,53.96,53.95,53.97,50000000.0,50000000.0,564,2026-02-04 12:43:06.836828
BYL,40.35,40.34,40.36,50000000.0,50000000.0,564,2026-02-04 12:43:06.836828
CLD,61.21,61.2,61.22,50000000.0,50000000.0,564,2026-02-04 12:43:06.836828
GGD,38.35,38.34,38.36,50000000.0,50000000.0,564,2026-02-04 12:43:06.836828
PNR,55.84,55.83,55.85,50000000.0,50000000.0,564,2026-02-04 12:43:06.836828
FSR,38.29,38.28,38.3,50000000.0,50000000.0,564,2026-02-04 12:43:06.836828
ATB,49.18,49.17,49.19,50000000.0,50000000.0,564,2026-02-04 12:43:06.836828
SPK,61.2,61.19,61.21,50000000.0,50000000.0,564,2026-02-04 12:43:06.836828
EEC,55.65,55.64,55.66,50000000.0,50000000.0,564,2026-02-04 12:43:06.836828
TGX,50.02,50.01,50.03,50000000.0,50000000.0,565,2026-02-04 12:43:07.873633
PHR,54.13,54.12,54.14,50000000.0,50000000.0,565,2026-02-04 12:43:07.873633
BYL,40.44,40.43,40.45,50000000.0,50000000.0,565,2026-02-04 12:43:07.873633
CLD,61.48,61.47,61.49,50000000.0,50000000.0,565,2026-02-04 12:43:07.873633
GGD,38.43,38.42,38.44,50000000.0,50000000.0,565,2026-02-04 12:43:07.873633
PNR,55.78,55.77,55.79,50000000.0,50000000.0,565,2026-02-04 12:43:07.873633
FSR,38.25,38.24,38.26,50000000.0,50000000.0,565,2026-02-04 12:43:07.873633
ATB,48.62,48.61,48.63,50000000.0,50000000.0,565,2026-02-04 12:43:07.873633
SPK,61.31,61.3,61.32,50000000.0,50000000.0,565,2026-02-04 12:43:07.873633
EEC,55.78,55.77,55.79,50000000.0,50000000.0,565,2026-02-04 12:43:07.873633
TGX,49.95,49.94,49.96,50000000.0,50000000.0,566,2026-02-04 12:43:08.909149
PHR,53.88,53.87,53.89,50000000.0,50000000.0,566,2026-02-04 12:43:08.909149
BYL,40.12,40.11,40.13,50000000.0,50000000.0,566,2026-02-04 12:43:08.909149
CLD,61.12,61.11,61.13,50000000.0,50000000.0,566,2026-02-04 12:43:08.909149
GGD,38.29,38.28,38.3,50000000.0,50000000.0,566,2026-02-04 12:43:08.909149
PNR,55.82,55.81,55.83,50000000.0,50000000.0,566,2026-02-04 12:43:08.909149
FSR,38.26,38.25,38.27,50000000.0,50000000.0,566,2026-02-04 12:43:08.909149
ATB,48.38,48.37,48.39,50000000.0,50000000.0,566,2026-02-04 12:43:08.909149
SPK,61.98,61.97,61.99,50000000.0,50000000.0,566,2026-02-04 12:43:08.909149
EEC,56.62,56.61,56.63,50000000.0,50000000.0,566,2026-02-04 12:43:08.909149
TGX,49.95,49.94,49.96,50000000.0,50000000.0,567,2026-02-04 12:43:09.943972
PHR,54.48,54.47,54.49,50000000.0,50000000.0,567,2026-02-04 12:43:09.943972
BYL,39.68,39.67,39.69,50000000.0,50000000.0,567,2026-02-04 12:43:09.943972
CLD,60.18,60.17,60.19,50000000.0,50000000.0,567,2026-02-04 12:43:09.943972
GGD,38.43,38.42,38.44,50000000.0,50000000.0,567,2026-02-04 12:43:09.943972
PNR,55.87,55.86,55.88,50000000.0,50000000.0,567,2026-02-04 12:43:09.943972
FSR,38.28,38.27,38.29,50000000.0,50000000.0,567,2026-02-04 12:43:09.943972
ATB,48.45,48.44,48.46,50000000.0,50000000.0,567,2026-02-04 12:43:09.943972
SPK,61.74,61.73,61.75,50000000.0,50000000.0,567,2026-02-04 12:43:09.943972
EEC,56.35,56.34,56.36,50000000.0,50000000.0,567,2026-02-04 12:43:09.943972
TGX,49.98,49.97,49.99,50000000.0,50000000.0,568,2026-02-04 12:43:10.974817
PHR,54.48,54.47,54.49,50000000.0,50000000.0,568,2026-02-04 12:43:10.974817
BYL,39.76,39.75,39.77,50000000.0,50000000.0,568,2026-02-04 12:43:10.974817
CLD,60.2,60.19,60.21,50000000.0,50000000.0,568,2026-02-04 12:43:10.974817
GGD,38.38,38.37,38.39,50000000.0,50000000.0,568,2026-02-04 12:43:10.974817
PNR,55.97,55.96,55.98,50000000.0,50000000.0,568,2026-02-04 12:43:10.974817
FSR,38.23,38.22,38.24,50000000.0,50000000.0,568,2026-02-04 12:43:10.974817
ATB,47.9,47.89,47.91,50000000.0,50000000.0,568,2026-02-04 12:43:10.974817
SPK,61.32,61.31,61.33,50000000.0,50000000.0,568,2026-02-04 12:43:10.974817
EEC,55.8,55.79,55.81,50000000.0,50000000.0,568,2026-02-04 12:43:10.974817
TGX,49.95,49.94,49.96,50000000.0,50000000.0,569,2026-02-04 12:43:11.561824
PHR,54.35,54.34,54.36,50000000.0,50000000.0,569,2026-02-04 12:43:11.561824
BYL,39.72,39.71,39.73,50000000.0,50000000.0,569,2026-02-04 12:43:11.561824
CLD,60.24,60.23,60.25,50000000.0,50000000.0,569,2026-02-04 12:43:11.561824
GGD,38.36,38.35,38.37,50000000.0,50000000.0,569,2026-02-04 12:43:11.561824
PNR,56.24,56.23,56.25,50000000.0,50000000.0,569,2026-02-04 12:43:11.561824
FSR,38.26,38.25,38.27,50000000.0,50000000.0,569,2026-02-04 12:43:11.561824
ATB,48.44,48.43,48.45,50000000.0,50000000.0,569,2026-02-04 12:43:11.561824
SPK,61.38,61.37,61.39,50000000.0,50000000.0,569,2026-02-04 12:43:11.561824
EEC,55.9,55.89,55.91,50000000.0,50000000.0,569,2026-02-04 12:43:11.561824
TGX,50.08,50.07,50.09,50000000.0,50000000.0,570,2026-02-04 12:43:12.592082
PHR,54.28,54.27,54.29,50000000.0,50000000.0,570,2026-02-04 12:43:12.592082
BYL,39.93,39.92,39.94,50000000.0,50000000.0,570,2026-02-04 12:43:12.592082
CLD,60.68,60.67,60.69,50000000.0,50000000.0,570,2026-02-04 12:43:12.592082
GGD,38.43,38.42,38.44,50000000.0,50000000.0,570,2026-02-04 12:43:12.592082
PNR,56.23,56.22,56.24,50000000.0,50000000.0,570,2026-02-04 12:43:12.592082
FSR,38.32,38.31,38.33,50000000.0,50000000.0,570,2026-02-04 12:43:12.592082
ATB,48.34,48.33,48.35,50000000.0,50000000.0,570,2026-02-04 12:43:12.592082
SPK,60.97,60.96,60.98,50000000.0,50000000.0,570,2026-02-04 12:43:12.592082
EEC,55.42,55.41,55.43,50000000.0,50000000.0,570,2026-02-04 12:43:12.592082
TGX,49.96,49.95,49.97,50000000.0,50000000.0,571,2026-02-04 12:43:13.630719
PHR,54.42,54.41,54.43,50000000.0,50000000.0,571,2026-02-04 12:43:13.630719
BYL,39.95,39.94,39.96,50000000.0,50000000.0,571,2026-02-04 12:43:13.630719
CLD,60.59,60.58,60.6,50000000.0,50000000.0,571,2026-02-04 12:43:13.630719
GGD,38.41,38.4,38.42,50000000.0,50000000.0,571,2026-02-04 12:43:13.630719
PNR,56.18,56.17,56.19,50000000.0,50000000.0,571,2026-02-04 12:43:13.630719
FSR,38.3,38.29,38.31,50000000.0,50000000.0,571,2026-02-04 12:43:13.630719
ATB,48.14,48.13,48.15,50000000.0,50000000.0,571,2026-02-04 12:43:13.630719
SPK,60.85,60.84,60.86,50000000.0,50000000.0,571,2026-02-04 12:43:13.630719
EEC,55.26,55.25,55.27,50000000.0,50000000.0,571,2026-02-04 12:43:13.630719
TGX,50.05,50.04,50.06,50000000.0,50000000.0,572,2026-02-04 12:43:14.669395
PHR,54.33,54.32,54.34,50000000.0,50000000.0,572,2026-02-04 12:43:14.669395
BYL,39.79,39.78,39.8,50000000.0,50000000.0,572,2026-02-04 12:43:14.669395
CLD,60.23,60.22,60.24,50000000.0,50000000.0,572,2026-02-04 12:43:14.669395
GGD,38.25,38.24,38.26,50000000.0,50000000.0,572,2026-02-04 12:43:14.669395
PNR,55.94,55.93,55.95,50000000.0,50000000.0,572,2026-02-04 12:43:14.669395
FSR,38.22,38.21,38.23,50000000.0,50000000.0,572,2026-02-04 12:43:14.669395
ATB,47.78,47.77,47.79,50000000.0,50000000.0,572,2026-02-04 12:43:14.669395
SPK,60.64,60.63,60.65,50000000.0,50000000.0,572,2026-02-04 12:43:14.669395
EEC,54.95,54.94,54.96,50000000.0,50000000.0,572,2026-02-04 12:43:14.669395
TGX,49.98,49.97,49.99,50000000.0,50000000.0,573,2026-02-04 12:43:15.698696
PHR,54.84,54.83,54.85,50000000.0,50000000.0,573,2026-02-04 12:43:15.698696
BYL,39.73,39.72,39.74,50000000.0,50000000.0,573,2026-02-04 12:43:15.698696
CLD,60.14,60.13,60.15,50000000.0,50000000.0,573,2026-02-04 12:43:15.698696
GGD,38.36,38.35,38.37,50000000.0,50000000.0,573,2026-02-04 12:43:15.698696
PNR,55.99,55.98,56.0,50000000.0,50000000.0,573,2026-02-04 12:43:15.698696
FSR,38.24,38.23,38.25,50000000.0,50000000.0,573,2026-02-04 12:43:15.698696
ATB,48.74,48.73,48.75,50000000.0,50000000.0,573,2026-02-04 12:43:15.698696
SPK,60.48,60.47,60.49,50000000.0,50000000.0,573,2026-02-04 12:43:15.698696
EEC,54.78,54.77,54.79,50000000.0,50000000.0,573,2026-02-04 12:43:15.698696
TGX,49.96,49.95,49.97,50000000.0,50000000.0,574,2026-02-04 12:43:16.743713
PHR,55.16,55.15,55.17,50000000.0,50000000.0,574,2026-02-04 12:43:16.743713
BYL,39.93,39.92,39.94,50000000.0,50000000.0,574,2026-02-04 12:43:16.743713
CLD,60.52,60.51,60.53,50000000.0,50000000.0,574,2026-02-04 12:43:16.743713
GGD,38.34,38.33,38.35,50000000.0,50000000.0,574,2026-02-04 12:43:16.743713
PNR,55.6,55.59,55.61,50000000.0,50000000.0,574,2026-02-04 12:43:16.743713
FSR,38.33,38.32,38.34,50000000.0,50000000.0,574,2026-02-04 12:43:16.743713
ATB,48.55,48.54,48.56,50000000.0,50000000.0,574,2026-02-04 12:43:16.743713
SPK,60.32,60.31,60.33,50000000.0,50000000.0,574,2026-02-04 12:43:16.743713
EEC,54.6,54.59,54.61,50000000.0,50000000.0,574,2026-02-04 12:43:16.743713
TGX,50.02,50.01,50.03,50000000.0,50000000.0,575,2026-02-04 12:43:17.795922
PHR,55.22,55.21,55.23,50000000.0,50000000.0,575,2026-02-04 12:43:17.795922
BYL,40.15,40.14,40.16,50000000.0,50000000.0,575,2026-02-04 12:43:17.795922
CLD,61.02,61.01,61.03,50000000.0,50000000.0,575,2026-02-04 12:43:17.795922
GGD,38.28,38.27,38.29,50000000.0,50000000.0,575,2026-02-04 12:43:17.795922
PNR,55.46,55.45,55.47,50000000.0,50000000.0,575,2026-02-04 12:43:17.795922
FSR,38.25,38.24,38.26,50000000.0,50000000.0,575,2026-02-04 12:43:17.795922
ATB,47.83,47.82,47.84,50000000.0,50000000.0,575,2026-02-04 12:43:17.795922
SPK,60.0,59.99,60.01,50000000.0,50000000.0,575,2026-02-04 12:43:17.795922
EEC,54.26,54.25,54.27,50000000.0,50000000.0,575,2026-02-04 12:43:17.795922
TGX,50.02,50.01,50.03,50000000.0,50000000.0,576,2026-02-04 12:43:18.840352
PHR,55.0,54.99,55.01,50000000.0,50000000.0,576,2026-02-04 12:43:18.840352
BYL,40.19,40.18,40.2,50000000.0,50000000.0,576,2026-02-04 12:43:18.840352
CLD,61.0,60.99,61.01,50000000.0,50000000.0,576,2026-02-04 12:43:18.840352
GGD,38.24,38.23,38.25,50000000.0,50000000.0,576,2026-02-04 12:43:18.840352
PNR,55.24,55.23,55.25,50000000.0,50000000.0,576,2026-02-04 12:43:18.840352
FSR,38.22,38.21,38.23,50000000.0,50000000.0,576,2026-02-04 12:43:18.840352
ATB,48.07,48.06,48.08,50000000.0,50000000.0,576,2026-02-04 12:43:18.840352
SPK,59.49,59.48,59.5,50000000.0,50000000.0,576,2026-02-04 12:43:18.840352
EEC,53.58,53.57,53.59,50000000.0,50000000.0,576,2026-02-04 12:43:18.840352
TGX,49.98,49.97,49.99,50000000.0,50000000.0,577,2026-02-04 12:43:19.880209
PHR,55.11,55.1,55.12,50000000.0,50000000.0,577,2026-02-04 12:43:19.880209
BYL,40.28,40.27,40.29,50000000.0,50000000.0,577,2026-02-04 12:43:19.880209
CLD,61.15,61.14,61.16,50000000.0,50000000.0,577,2026-02-04 12:43:19.880209
GGD,38.23,38.22,38.24,50000000.0,50000000.0,577,2026-02-04 12:43:19.880209
PNR,55.19,55.18,55.2,50000000.0,50000000.0,577,2026-02-04 12:43:19.880209
FSR,38.23,38.22,38.24,50000000.0,50000000.0,577,2026-02-04 12:43:19.880209
ATB,48.39,48.38,48.4,50000000.0,50000000.0,577,2026-02-04 12:43:19.880209
SPK,59.84,59.83,59.85,50000000.0,50000000.0,577,2026-02-04 12:43:19.880209
EEC,53.94,53.93,53.95,50000000.0,50000000.0,577,2026-02-04 12:43:19.880209
TGX,49.99,49.98,50.0,50000000.0,50000000.0,578,2026-02-04 12:43:20.921226
PHR,54.88,54.87,54.89,50000000.0,50000000.0,578,2026-02-04 12:43:20.921226
BYL,39.95,39.94,39.96,50000000.0,50000000.0,578,2026-02-04 12:43:20.921226
CLD,60.68,60.67,60.69,50000000.0,50000000.0,578,2026-02-04 12:43:20.921226
GGD,38.26,38.25,38.27,50000000.0,50000000.0,578,2026-02-04 12:43:20.921226
PNR,55.39,55.38,55.4,50000000.0,50000000.0,578,2026-02-04 12:43:20.921226
FSR,38.23,38.22,38.24,50000000.0,50000000.0,578,2026-02-04 12:43:20.921226
ATB,48.44,48.43,48.45,50000000.0,50000000.0,578,2026-02-04 12:43:20.921226
SPK,59.42,59.41,59.43,50000000.0,50000000.0,578,2026-02-04 12:43:20.921226
EEC,53.54,53.53,53.55,50000000.0,50000000.0,578,2026-02-04 12:43:20.921226
TGX,49.98,49.97,49.99,50000000.0,50000000.0,579,2026-02-04 12:43:21.964726
PHR,54.82,54.81,54.83,50000000.0,50000000.0,579,2026-02-04 12:43:21.964726
BYL,39.96,39.95,39.97,50000000.0,50000000.0,579,2026-02-04 12:43:21.964726
CLD,60.7,60.69,60.71,50000000.0,50000000.0,579,2026-02-04 12:43:21.964726
GGD,38.2,38.19,38.21,50000000.0,50000000.0,579,2026-02-04 12:43:21.964726
PNR,55.32,55.31,55.33,50000000.0,50000000.0,579,2026-02-04 12:43:21.964726
FSR,38.18,38.17,38.19,50000000.0,50000000.0,579,2026-02-04 12:43:21.964726
ATB,48.31,48.3,48.32,50000000.0,50000000.0,579,2026-02-04 12:43:21.964726
SPK,59.6,59.59,59.61,50000000.0,50000000.0,579,2026-02-04 12:43:21.964726
EEC,53.75,53.74,53.76,50000000.0,50000000.0,579,2026-02-04 12:43:21.964726
TGX,49.95,49.94,49.96,50000000.0,50000000.0,580,2026-02-04 12:43:23.004400
PHR,54.79,54.78,54.8,50000000.0,50000000.0,580,2026-02-04 12:43:23.004400
BYL,40.45,40.44,40.46,50000000.0,50000000.0,580,2026-02-04 12:43:23.004400
CLD,61.48,61.47,61.49,50000000.0,50000000.0,580,2026-02-04 12:43:23.004400
GGD,38.3,38.29,38.31,50000000.0,50000000.0,580,2026-02-04 12:43:23.004400
PNR,55.4,55.39,55.41,50000000.0,50000000.0,580,2026-02-04 12:43:23.004400
FSR,38.35,38.34,38.36,50000000.0,50000000.0,580,2026-02-04 12:43:23.004400
ATB,48.26,48.25,48.27,50000000.0,50000000.0,580,2026-02-04 12:43:23.004400
SPK,59.44,59.43,59.45,50000000.0,50000000.0,580,2026-02-04 12:43:23.004400
EEC,53.61,53.6,53.62,50000000.0,50000000.0,580,2026-02-04 12:43:23.004400
TGX,49.97,49.96,49.98,50000000.0,50000000.0,581,2026-02-04 12:43:24.050805
PHR,54.99,54.98,55.0,50000000.0,50000000.0,581,2026-02-04 12:43:24.050805
BYL,40.27,40.26,40.28,50000000.0,50000000.0,581,2026-02-04 12:43:24.050805
CLD,61.08,61.07,61.09,50000000.0,50000000.0,581,2026-02-04 12:43:24.050805
GGD,38.37,38.36,38.38,50000000.0,50000000.0,581,2026-02-04 12:43:24.050805
PNR,55.64,55.63,55.65,50000000.0,50000000.0,581,2026-02-04 12:43:24.050805
FSR,38.27,38.26,38.28,50000000.0,50000000.0,581,2026-02-04 12:43:24.050805
ATB,48.12,48.11,48.13,50000000.0,50000000.0,581,2026-02-04 12:43:24.050805
SPK,59.82,59.81,59.83,50000000.0,50000000.0,581,2026-02-04 12:43:24.050805
EEC,54.02,54.01,54.03,50000000.0,50000000.0,581,2026-02-04 12:43:24.050805
TGX,50.01,50.0,50.02,50000000.0,50000000.0,582,2026-02-04 12:43:25.092915
PHR,54.84,54.83,54.85,50000000.0,50000000.0,582,2026-02-04 12:43:25.092915
BYL,40.28,40.27,40.29,50000000.0,50000000.0,582,2026-02-04 12:43:25.092915
CLD,61.03,61.02,61.04,50000000.0,50000000.0,582,2026-02-04 12:43:25.092915
GGD,38.44,38.43,38.45,50000000.0,50000000.0,582,2026-02-04 12:43:25.092915
PNR,55.78,55.77,55.79,50000000.0,50000000.0,582,2026-02-04 12:43:25.092915
FSR,38.26,38.25,38.27,50000000.0,50000000.0,582,2026-02-04 12:43:25.092915
ATB,48.47,48.46,48.48,50000000.0,50000000.0,582,2026-02-04 12:43:25.092915
SPK,59.67,59.66,59.68,50000000.0,50000000.0,582,2026-02-04 12:43:25.092915
EEC,53.86,53.85,53.87,50000000.0,50000000.0,582,2026-02-04 12:43:25.092915
TGX,50.08,50.07,50.09,50000000.0,50000000.0,583,2026-02-04 12:43:26.128570
PHR,55.27,55.26,55.28,50000000.0,50000000.0,583,2026-02-04 12:43:26.128570
BYL,39.98,39.97,39.99,50000000.0,50000000.0,583,2026-02-04 12:43:26.128570
CLD,60.75,60.74,60.76,50000000.0,50000000.0,583,2026-02-04 12:43:26.128570
GGD,38.38,38.37,38.39,50000000.0,50000000.0,583,2026-02-04 12:43:26.128570
PNR,55.67,55.66,55.68,50000000.0,50000000.0,583,2026-02-04 12:43:26.128570
FSR,38.21,38.2,38.22,50000000.0,50000000.0,583,2026-02-04 12:43:26.128570
ATB,48.32,48.31,48.33,50000000.0,50000000.0,583,2026-02-04 12:43:26.128570
SPK,60.51,60.5,60.52,50000000.0,50000000.0,583,2026-02-04 12:43:26.128570
EEC,54.85,54.84,54.86,50000000.0,50000000.0,583,2026-02-04 12:43:26.128570
TGX,49.99,49.98,50.0,50000000.0,50000000.0,584,2026-02-04 12:43:26.670730,58.0,1.0,583.0,D5-SPK/EEC,Sell-Side Analysts Issue Divergent Valuation Assessments,"Equity research analysts covering the SolarPeak/EastEnergy transaction have published updated notes with materially different conclusions on deal accretion and synergy realization timelines. Bull-case estimates cite accelerated revenue opportunities, while bear-case analysts highlight integration execution risk and uncertain market conditions in solar generation and storage. The divergence has contributed to wider-than-typical bid-ask spreads in both securities."
PHR,55.42,55.41,55.43,50000000.0,50000000.0,584,2026-02-04 12:43:26.670730,,,,,,
BYL,40.55,40.54,40.56,50000000.0,50000000.0,584,2026-02-04 12:43:26.670730,,,,,,
CLD,61.59,61.58,61.6,50000000.0,50000000.0,584,2026-02-04 12:43:26.670730,,,,,,
GGD,38.4,38.39,38.41,50000000.0,50000000.0,584,2026-02-04 12:43:26.670730,,,,,,
PNR,55.63,55.62,55.64,50000000.0,50000000.0,584,2026-02-04 12:43:26.670730,,,,,,
FSR,38.27,38.26,38.28,50000000.0,50000000.0,584,2026-02-04 12:43:26.670730,,,,,,
ATB,48.46,48.45,48.47,50000000.0,50000000.0,584,2026-02-04 12:43:26.670730,,,,,,
SPK,60.62,60.61,60.63,50000000.0,50000000.0,584,2026-02-04 12:43:26.670730,,,,,,
EEC,54.98,54.97,54.99,50000000.0,50000000.0,584,2026-02-04 12:43:26.670730,,,,,,
TGX,50.02,50.01,50.03,50000000.0,50000000.0,585,2026-02-04 12:43:27.710820
PHR,55.37,55.36,55.38,50000000.0,50000000.0,585,2026-02-04 12:43:27.710820
BYL,40.42,40.41,40.43,50000000.0,50000000.0,585,2026-02-04 12:43:27.710820
CLD,61.41,61.4,61.42,50000000.0,50000000.0,585,2026-02-04 12:43:27.710820
GGD,38.36,38.35,38.37,50000000.0,50000000.0,585,2026-02-04 12:43:27.710820
PNR,55.62,55.61,55.63,50000000.0,50000000.0,585,2026-02-04 12:43:27.710820
FSR,38.28,38.27,38.29,50000000.0,50000000.0,585,2026-02-04 12:43:27.710820
ATB,48.17,48.16,48.18,50000000.0,50000000.0,585,2026-02-04 12:43:27.710820
SPK,60.48,60.47,60.49,50000000.0,50000000.0,585,2026-02-04 12:43:27.710820
EEC,54.79,54.78,54.8,50000000.0,50000000.0,585,2026-02-04 12:43:27.710820
TGX,50.01,50.0,50.02,50000000.0,50000000.0,586,2026-02-04 12:43:28.750076
PHR,55.63,55.62,55.64,50000000.0,50000000.0,586,2026-02-04 12:43:28.750076
BYL,40.28,40.27,40.29,50000000.0,50000000.0,586,2026-02-04 12:43:28.750076
CLD,61.2,61.19,61.21,50000000.0,50000000.0,586,2026-02-04 12:43:28.750076
GGD,38.36,38.35,38.37,50000000.0,50000000.0,586,2026-02-04 12:43:28.750076
PNR,55.76,55.75,55.77,50000000.0,50000000.0,586,2026-02-04 12:43:28.750076
FSR,38.3,38.29,38.31,50000000.0,50000000.0,586,2026-02-04 12:43:28.750076
ATB,47.75,47.74,47.76,50000000.0,50000000.0,586,2026-02-04 12:43:28.750076
SPK,60.74,60.73,60.75,50000000.0,50000000.0,586,2026-02-04 12:43:28.750076
EEC,55.07,55.06,55.08,50000000.0,50000000.0,586,2026-02-04 12:43:28.750076
TGX,49.93,49.92,49.94,50000000.0,50000000.0,587,2026-02-04 12:43:29.790990
PHR,55.95,55.94,55.96,50000000.0,50000000.0,587,2026-02-04 12:43:29.790990
BYL,40.2,40.19,40.21,50000000.0,50000000.0,587,2026-02-04 12:43:29.790990
CLD,60.99,60.98,61.0,50000000.0,50000000.0,587,2026-02-04 12:43:29.790990
GGD,38.4,38.39,38.41,50000000.0,50000000.0,587,2026-02-04 12:43:29.790990
PNR,55.83,55.82,55.84,50000000.0,50000000.0,587,2026-02-04 12:43:29.790990
FSR,38.29,38.28,38.3,50000000.0,50000000.0,587,2026-02-04 12:43:29.790990
ATB,47.43,47.42,47.44,50000000.0,50000000.0,587,2026-02-04 12:43:29.790990
SPK,60.63,60.62,60.64,50000000.0,50000000.0,587,2026-02-04 12:43:29.790990
EEC,55.01,55.0,55.02,50000000.0,50000000.0,587,2026-02-04 12:43:29.790990
TGX,49.96,49.95,49.97,50000000.0,50000000.0,588,2026-02-04 12:43:30.841867
PHR,55.97,55.96,55.98,50000000.0,50000000.0,588,2026-02-04 12:43:30.841867
BYL,40.29,40.28,40.3,50000000.0,50000000.0,588,2026-02-04 12:43:30.841867
CLD,61.13,61.12,61.14,50000000.0,50000000.0,588,2026-02-04 12:43:30.841867
GGD,38.28,38.27,38.29,50000000.0,50000000.0,588,2026-02-04 12:43:30.841867
PNR,55.66,55.65,55.67,50000000.0,50000000.0,588,2026-02-04 12:43:30.841867
FSR,38.21,38.2,38.22,50000000.0,50000000.0,588,2026-02-04 12:43:30.841867
ATB,47.03,47.02,47.04,50000000.0,50000000.0,588,2026-02-04 12:43:30.841867
SPK,60.72,60.71,60.73,50000000.0,50000000.0,588,2026-02-04 12:43:30.841867
EEC,55.16,55.15,55.17,50000000.0,50000000.0,588,2026-02-04 12:43:30.841867
TGX,49.97,49.96,49.98,50000000.0,50000000.0,589,2026-02-04 12:43:31.886224
PHR,56.21,56.2,56.22,50000000.0,50000000.0,589,2026-02-04 12:43:31.886224
BYL,40.14,40.13,40.15,50000000.0,50000000.0,589,2026-02-04 12:43:31.886224
CLD,60.97,60.96,60.98,50000000.0,50000000.0,589,2026-02-04 12:43:31.886224
GGD,38.33,38.32,38.34,50000000.0,50000000.0,589,2026-02-04 12:43:31.886224
PNR,55.66,55.65,55.67,50000000.0,50000000.0,589,2026-02-04 12:43:31.886224
FSR,38.3,38.29,38.31,50000000.0,50000000.0,589,2026-02-04 12:43:31.886224
ATB,47.12,47.11,47.13,50000000.0,50000000.0,589,2026-02-04 12:43:31.886224
SPK,60.93,60.92,60.94,50000000.0,50000000.0,589,2026-02-04 12:43:31.886224
EEC,55.39,55.38,55.4,50000000.0,50000000.0,589,2026-02-04 12:43:31.886224
TGX,49.93,49.92,49.94,50000000.0,50000000.0,590,2026-02-04 12:43:32.926921
PHR,56.55,56.54,56.56,50000000.0,50000000.0,590,2026-02-04 12:43:32.926921
BYL,40.32,40.31,40.33,50000000.0,50000000.0,590,2026-02-04 12:43:32.926921
CLD,61.26,61.25,61.27,50000000.0,50000000.0,590,2026-02-04 12:43:32.926921
GGD,38.3,38.29,38.31,50000000.0,50000000.0,590,2026-02-04 12:43:32.926921
PNR,55.67,55.66,55.68,50000000.0,50000000.0,590,2026-02-04 12:43:32.926921
FSR,38.27,38.26,38.28,50000000.0,50000000.0,590,2026-02-04 12:43:32.926921
ATB,47.44,47.43,47.45,50000000.0,50000000.0,590,2026-02-04 12:43:32.926921
SPK,60.81,60.8,60.82,50000000.0,50000000.0,590,2026-02-04 12:43:32.926921
EEC,55.2,55.19,55.21,50000000.0,50000000.0,590,2026-02-04 12:43:32.926921
TGX,50.07,50.06,50.08,50000000.0,50000000.0,591,2026-02-04 12:43:33.976995
PHR,56.17,56.16,56.18,50000000.0,50000000.0,591,2026-02-04 12:43:33.976995
BYL,40.35,40.34,40.36,50000000.0,50000000.0,591,2026-02-04 12:43:33.976995
CLD,61.22,61.21,61.23,50000000.0,50000000.0,591,2026-02-04 12:43:33.976995
GGD,38.31,38.3,38.32,50000000.0,50000000.0,591,2026-02-04 12:43:33.976995
PNR,55.64,55.63,55.65,50000000.0,50000000.0,591,2026-02-04 12:43:33.976995
FSR,38.25,38.24,38.26,50000000.0,50000000.0,591,2026-02-04 12:43:33.976995
ATB,47.68,47.67,47.69,50000000.0,50000000.0,591,2026-02-04 12:43:33.976995
SPK,61.2,61.19,61.21,50000000.0,50000000.0,591,2026-02-04 12:43:33.976995
EEC,55.63,55.62,55.64,50000000.0,50000000.0,591,2026-02-04 12:43:33.976995
TGX,49.95,49.94,49.96,50000000.0,50000000.0,592,2026-02-04 12:43:35.027021
PHR,55.94,55.93,55.95,50000000.0,50000000.0,592,2026-02-04 12:43:35.027021
BYL,40.24,40.23,40.25,50000000.0,50000000.0,592,2026-02-04 12:43:35.027021
CLD,61.0,60.99,61.01,50000000.0,50000000.0,592,2026-02-04 12:43:35.027021
GGD,38.3,38.29,38.31,50000000.0,50000000.0,592,2026-02-04 12:43:35.027021
PNR,55.77,55.76,55.78,50000000.0,50000000.0,592,2026-02-04 12:43:35.027021
FSR,38.31,38.3,38.32,50000000.0,50000000.0,592,2026-02-04 12:43:35.027021
ATB,47.7,47.69,47.71,50000000.0,50000000.0,592,2026-02-04 12:43:35.027021
SPK,61.1,61.09,61.11,50000000.0,50000000.0,592,2026-02-04 12:43:35.027021
EEC,55.49,55.48,55.5,50000000.0,50000000.0,592,2026-02-04 12:43:35.027021
TGX,49.95,49.94,49.96,50000000.0,50000000.0,593,2026-02-04 12:43:36.066782
PHR,55.87,55.86,55.88,50000000.0,50000000.0,593,2026-02-04 12:43:36.066782
BYL,40.19,40.18,40.2,50000000.0,50000000.0,593,2026-02-04 12:43:36.066782
CLD,61.06,61.05,61.07,50000000.0,50000000.0,593,2026-02-04 12:43:36.066782
GGD,38.3,38.29,38.31,50000000.0,50000000.0,593,2026-02-04 12:43:36.066782
PNR,55.61,55.6,55.62,50000000.0,50000000.0,593,2026-02-04 12:43:36.066782
FSR,38.33,38.32,38.34,50000000.0,50000000.0,593,2026-02-04 12:43:36.066782
ATB,47.94,47.93,47.95,50000000.0,50000000.0,593,2026-02-04 12:43:36.066782
SPK,61.1,61.09,61.11,50000000.0,50000000.0,593,2026-02-04 12:43:36.066782
EEC,55.55,55.54,55.56,50000000.0,50000000.0,593,2026-02-04 12:43:36.066782
TGX,50.0,49.99,50.01,50000000.0,50000000.0,594,2026-02-04 12:43:37.111749
PHR,55.75,55.74,55.76,50000000.0,50000000.0,594,2026-02-04 12:43:37.111749
BYL,39.67,39.66,39.68,50000000.0,50000000.0,594,2026-02-04 12:43:37.111749
CLD,60.09,60.08,60.1,50000000.0,50000000.0,594,2026-02-04 12:43:37.111749
GGD,38.41,38.4,38.42,50000000.0,50000000.0,594,2026-02-04 12:43:37.111749
PNR,55.51,55.5,55.52,50000000.0,50000000.0,594,2026-02-04 12:43:37.111749
FSR,38.35,38.34,38.36,50000000.0,50000000.0,594,2026-02-04 12:43:37.111749
ATB,47.72,47.71,47.73,50000000.0,50000000.0,594,2026-02-04 12:43:37.111749
SPK,61.13,61.12,61.14,50000000.0,50000000.0,594,2026-02-04 12:43:37.111749
EEC,55.53,55.52,55.54,50000000.0,50000000.0,594,2026-02-04 12:43:37.111749
TGX,50.03,50.02,50.04,50000000.0,50000000.0,595,2026-02-04 12:43:38.145420
PHR,55.48,55.47,55.49,50000000.0,50000000.0,595,2026-02-04 12:43:38.145420
BYL,39.94,39.93,39.95,50000000.0,50000000.0,595,2026-02-04 12:43:38.145420
CLD,60.57,60.56,60.58,50000000.0,50000000.0,595,2026-02-04 12:43:38.145420
GGD,38.29,38.28,38.3,50000000.0,50000000.0,595,2026-02-04 12:43:38.145420
PNR,55.46,55.45,55.47,50000000.0,50000000.0,595,2026-02-04 12:43:38.145420
FSR,38.29,38.28,38.3,50000000.0,50000000.0,595,2026-02-04 12:43:38.145420
ATB,47.99,47.98,48.0,50000000.0,50000000.0,595,2026-02-04 12:43:38.145420
SPK,60.86,60.85,60.87,50000000.0,50000000.0,595,2026-02-04 12:43:38.145420
EEC,55.31,55.3,55.32,50000000.0,50000000.0,595,2026-02-04 12:43:38.145420
TGX,50.03,50.02,50.04,50000000.0,50000000.0,596,2026-02-04 12:43:38.690766
PHR,55.47,55.46,55.48,50000000.0,50000000.0,596,2026-02-04 12:43:38.690766
BYL,40.12,40.11,40.13,50000000.0,50000000.0,596,2026-02-04 12:43:38.690766
CLD,60.76,60.75,60.77,50000000.0,50000000.0,596,2026-02-04 12:43:38.690766
GGD,38.24,38.23,38.25,50000000.0,50000000.0,596,2026-02-04 12:43:38.690766
PNR,55.71,55.7,55.72,50000000.0,50000000.0,596,2026-02-04 12:43:38.690766
FSR,38.27,38.26,38.28,50000000.0,50000000.0,596,2026-02-04 12:43:38.690766
ATB,47.92,47.91,47.93,50000000.0,50000000.0,596,2026-02-04 12:43:38.690766
SPK,61.83,61.82,61.84,50000000.0,50000000.0,596,2026-02-04 12:43:38.690766
EEC,56.39,56.38,56.4,50000000.0,50000000.0,596,2026-02-04 12:43:38.690766
TGX,50.01,50.0,50.02,50000000.0,50000000.0,597,2026-02-04 12:43:39.733682
PHR,55.91,55.9,55.92,50000000.0,50000000.0,597,2026-02-04 12:43:39.733682
BYL,40.04,40.03,40.05,50000000.0,50000000.0,597,2026-02-04 12:43:39.733682
CLD,60.68,60.67,60.69,50000000.0,50000000.0,597,2026-02-04 12:43:39.733682
GGD,38.31,38.3,38.32,50000000.0,50000000.0,597,2026-02-04 12:43:39.733682
PNR,55.57,55.56,55.58,50000000.0,50000000.0,597,2026-02-04 12:43:39.733682
FSR,38.21,38.2,38.22,50000000.0,50000000.0,597,2026-02-04 12:43:39.733682
ATB,47.54,47.53,47.55,50000000.0,50000000.0,597,2026-02-04 12:43:39.733682
SPK,61.73,61.72,61.74,50000000.0,50000000.0,597,2026-02-04 12:43:39.733682
EEC,56.32,56.31,56.33,50000000.0,50000000.0,597,2026-02-04 12:43:39.733682
TGX,50.04,50.03,50.05,50000000.0,50000000.0,598,2026-02-04 12:43:40.764293
PHR,55.64,55.63,55.65,50000000.0,50000000.0,598,2026-02-04 12:43:40.764293
BYL,40.03,40.02,40.04,50000000.0,50000000.0,598,2026-02-04 12:43:40.764293
CLD,60.76,60.75,60.77,50000000.0,50000000.0,598,2026-02-04 12:43:40.764293
GGD,38.35,38.34,38.36,50000000.0,50000000.0,598,2026-02-04 12:43:40.764293
PNR,55.51,55.5,55.52,50000000.0,50000000.0,598,2026-02-04 12:43:40.764293
FSR,38.27,38.26,38.28,50000000.0,50000000.0,598,2026-02-04 12:43:40.764293
ATB,48.06,48.05,48.07,50000000.0,50000000.0,598,2026-02-04 12:43:40.764293
SPK,62.1,62.09,62.11,50000000.0,50000000.0,598,2026-02-04 12:43:40.764293
EEC,56.77,56.76,56.78,50000000.0,50000000.0,598,2026-02-04 12:43:40.764293
TGX,49.99,49.98,50.0,50000000.0,50000000.0,599,2026-02-04 12:43:41.796888
PHR,55.73,55.72,55.74,50000000.0,50000000.0,599,2026-02-04 12:43:41.796888
BYL,40.06,40.05,40.07,50000000.0,50000000.0,599,2026-02-04 12:43:41.796888
CLD,60.85,60.84,60.86,50000000.0,50000000.0,599,2026-02-04 12:43:41.796888
GGD,38.28,38.27,38.29,50000000.0,50000000.0,599,2026-02-04 12:43:41.796888
PNR,55.61,55.6,55.62,50000000.0,50000000.0,599,2026-02-04 12:43:41.796888
FSR,38.29,38.28,38.3,50000000.0,50000000.0,599,2026-02-04 12:43:41.796888
ATB,48.32,48.31,48.33,50000000.0,50000000.0,599,2026-02-04 12:43:41.796888
SPK,62.85,62.84,62.86,50000000.0,50000000.0,599,2026-02-04 12:43:41.796888
EEC,57.67,57.66,57.68,50000000.0,50000000.0,599,2026-02-04 12:43:41.796888
