ticker,last_price,bid_price,ask_price,BUY_ANON,SELL_ANON,BUY_GIOT-1,BUY_DUBL-6,BUY_COLA-6,BUY_OTWA-1,SELL_GIOT-1,SELL_OTWA-1,tick,timestamp,news_news_id,news_period,news_tick,news_ticker,news_headline,news_body
TGX,43.75,0.0,0.0,50000000.0,50000000.0,0,0,0,0,0,0,1,2026-02-04 21:28:26.828619,1.0,1.0,1.0,,Welcome to the RITC 2026 Merger Arbitrage Case - practice server,Good Luck!
PHR,47.5,0.0,0.0,50000000.0,50000000.0,0,0,0,0,0,0,1,2026-02-04 21:28:26.828619,,,,,,
BYL,43.5,0.0,0.0,50000000.0,50000000.0,0,0,0,0,0,0,1,2026-02-04 21:28:26.828619,,,,,,
CLD,79.3,0.0,0.0,50000000.0,50000000.0,0,0,0,0,0,0,1,2026-02-04 21:28:26.828619,,,,,,
GGD,31.45,0.0,0.0,50000000.0,50000000.0,0,0,0,0,0,0,1,2026-02-04 21:28:26.828619,,,,,,
PNR,59.8,0.0,0.0,50000000.0,50000000.0,0,0,0,0,0,0,1,2026-02-04 21:28:26.828619,,,,,,
FSR,30.5,0.0,0.0,50000000.0,50000000.0,0,0,0,0,0,0,1,2026-02-04 21:28:26.828619,,,,,,
ATB,62.2,0.0,0.0,50000000.0,50000000.0,0,0,0,0,0,0,1,2026-02-04 21:28:26.828619,,,,,,
SPK,52.81,0.0,0.0,50000000.0,50000000.0,0,0,0,0,0,0,1,2026-02-04 21:28:26.828619,,,,,,
EEC,48.0,0.0,0.0,50000000.0,50000000.0,0,0,0,0,0,0,1,2026-02-04 21:28:26.828619,,,,,,
TGX,43.72,43.71,43.73,50000000.0,50000000.0,0,0,0,0,0,0,2,2026-02-04 21:28:27.957476
PHR,47.87,47.86,47.88,50000000.0,50000000.0,0,0,0,0,0,0,2,2026-02-04 21:28:27.957476
BYL,43.37,43.36,43.38,50000000.0,50000000.0,0,0,0,0,0,0,2,2026-02-04 21:28:27.957476
CLD,79.0,78.99,79.01,50000000.0,50000000.0,0,0,0,0,0,0,2,2026-02-04 21:28:27.957476
GGD,31.4,31.39,31.41,50000000.0,50000000.0,0,0,0,0,0,0,2,2026-02-04 21:28:27.957476
PNR,59.24,59.23,59.25,50000000.0,50000000.0,0,0,0,0,0,0,2,2026-02-04 21:28:27.957476
FSR,30.54,30.53,30.55,50000000.0,50000000.0,0,0,0,0,0,0,2,2026-02-04 21:28:27.957476
ATB,62.08,62.07,62.09,50000000.0,50000000.0,0,0,0,0,0,0,2,2026-02-04 21:28:27.957476
SPK,52.85,52.84,52.86,50000000.0,50000000.0,0,0,0,0,0,0,2,2026-02-04 21:28:27.957476
EEC,47.99,47.98,48.0,50000000.0,50000000.0,0,0,0,0,0,0,2,2026-02-04 21:28:27.957476
TGX,43.75,43.74,43.76,50000000.0,50000000.0,0,0,0,0,0,0,3,2026-02-04 21:28:29.025804
PHR,47.68,47.67,47.69,50000000.0,50000000.0,0,0,0,0,0,0,3,2026-02-04 21:28:29.025804
BYL,43.08,43.07,43.09,50000000.0,50000000.0,0,0,0,0,0,0,3,2026-02-04 21:28:29.025804
CLD,78.37,78.36,78.38,50000000.0,50000000.0,0,0,0,0,0,0,3,2026-02-04 21:28:29.025804
GGD,31.43,31.42,31.44,50000000.0,50000000.0,0,0,0,0,0,0,3,2026-02-04 21:28:29.025804
PNR,59.32,59.31,59.33,50000000.0,50000000.0,0,0,0,0,0,0,3,2026-02-04 21:28:29.025804
FSR,30.53,30.52,30.54,50000000.0,50000000.0,0,0,0,0,0,0,3,2026-02-04 21:28:29.025804
ATB,61.95,61.94,61.96,50000000.0,50000000.0,0,0,0,0,0,0,3,2026-02-04 21:28:29.025804
SPK,52.8,52.79,52.81,50000000.0,50000000.0,0,0,0,0,0,0,3,2026-02-04 21:28:29.025804
EEC,48.02,48.01,48.03,50000000.0,50000000.0,0,0,0,0,0,0,3,2026-02-04 21:28:29.025804
TGX,43.76,43.75,43.77,50000000.0,50000000.0,0,0,0,0,0,0,4,2026-02-04 21:28:29.639608
PHR,47.83,47.82,47.84,50000000.0,50000000.0,0,0,0,0,0,0,4,2026-02-04 21:28:29.639608
BYL,43.13,43.12,43.14,50000000.0,50000000.0,0,0,0,0,0,0,4,2026-02-04 21:28:29.639608
CLD,78.54,78.53,78.55,50000000.0,50000000.0,0,0,0,0,0,0,4,2026-02-04 21:28:29.639608
GGD,31.4,31.39,31.41,50000000.0,50000000.0,0,0,0,0,0,0,4,2026-02-04 21:28:29.639608
PNR,58.99,58.98,59.0,50000000.0,50000000.0,0,0,0,0,0,0,4,2026-02-04 21:28:29.639608
FSR,30.57,30.56,30.58,50000000.0,50000000.0,0,0,0,0,0,0,4,2026-02-04 21:28:29.639608
ATB,61.93,61.92,61.94,50000000.0,50000000.0,0,0,0,0,0,0,4,2026-02-04 21:28:29.639608
SPK,52.83,52.82,52.84,50000000.0,50000000.0,0,0,0,0,0,0,4,2026-02-04 21:28:29.639608
EEC,48.02,48.01,48.03,50000000.0,50000000.0,0,0,0,0,0,0,4,2026-02-04 21:28:29.639608
TGX,43.78,43.77,43.79,50000000.0,50000000.0,0,0,0,0,0,0,5,2026-02-04 21:28:30.695319
PHR,48.04,48.03,48.05,50000000.0,50000000.0,0,0,0,0,0,0,5,2026-02-04 21:28:30.695319
BYL,43.39,43.38,43.4,50000000.0,50000000.0,0,0,0,0,0,0,5,2026-02-04 21:28:30.695319
CLD,79.19,79.18,79.2,50000000.0,50000000.0,0,0,0,0,0,0,5,2026-02-04 21:28:30.695319
GGD,31.47,31.46,31.48,50000000.0,50000000.0,0,0,0,0,0,0,5,2026-02-04 21:28:30.695319
PNR,59.16,59.15,59.17,50000000.0,50000000.0,0,0,0,0,0,0,5,2026-02-04 21:28:30.695319
FSR,30.53,30.52,30.54,50000000.0,50000000.0,0,0,0,0,0,0,5,2026-02-04 21:28:30.695319
ATB,61.99,61.98,62.0,50000000.0,50000000.0,0,0,0,0,0,0,5,2026-02-04 21:28:30.695319
SPK,52.79,52.78,52.8,50000000.0,50000000.0,0,0,0,0,0,0,5,2026-02-04 21:28:30.695319
EEC,47.97,47.96,47.98,50000000.0,50000000.0,0,0,0,0,0,0,5,2026-02-04 21:28:30.695319
TGX,43.72,43.71,43.73,50000000.0,50000000.0,0,0,0,0,0,0,6,2026-02-04 21:28:31.786446
PHR,48.52,48.51,48.53,50000000.0,50000000.0,0,0,0,0,0,0,6,2026-02-04 21:28:31.786446
BYL,43.57,43.56,43.58,50000000.0,50000000.0,0,0,0,0,0,0,6,2026-02-04 21:28:31.786446
CLD,79.65,79.64,79.66,50000000.0,50000000.0,0,0,0,0,0,0,6,2026-02-04 21:28:31.786446
GGD,31.48,31.47,31.49,50000000.0,50000000.0,0,0,0,0,0,0,6,2026-02-04 21:28:31.786446
PNR,59.34,59.33,59.35,50000000.0,50000000.0,0,0,0,0,0,0,6,2026-02-04 21:28:31.786446
FSR,30.48,30.47,30.49,50000000.0,50000000.0,0,0,0,0,0,0,6,2026-02-04 21:28:31.786446
ATB,62.23,62.22,62.24,50000000.0,50000000.0,0,0,0,0,0,0,6,2026-02-04 21:28:31.786446
SPK,52.82,52.81,52.83,50000000.0,50000000.0,0,0,0,0,0,0,6,2026-02-04 21:28:31.786446
EEC,48.11,48.1,48.12,50000000.0,50000000.0,0,0,0,0,0,0,6,2026-02-04 21:28:31.786446
TGX,43.66,43.65,43.67,50000000.0,50000000.0,0,0,0,0,0,0,7,2026-02-04 21:28:32.913480
PHR,48.67,48.66,48.68,50000000.0,50000000.0,0,0,0,0,0,0,7,2026-02-04 21:28:32.913480
BYL,43.6,43.59,43.61,50000000.0,50000000.0,0,0,0,0,0,0,7,2026-02-04 21:28:32.913480
CLD,79.71,79.7,79.72,50000000.0,50000000.0,0,0,0,0,0,0,7,2026-02-04 21:28:32.913480
GGD,31.56,31.55,31.57,50000000.0,50000000.0,0,0,0,0,0,0,7,2026-02-04 21:28:32.913480
PNR,59.69,59.68,59.7,50000000.0,50000000.0,0,0,0,0,0,0,7,2026-02-04 21:28:32.913480
FSR,30.49,30.48,30.5,50000000.0,50000000.0,0,0,0,0,0,0,7,2026-02-04 21:28:32.913480
ATB,62.09,62.08,62.1,50000000.0,50000000.0,0,0,0,0,0,0,7,2026-02-04 21:28:32.913480
SPK,52.82,52.81,52.83,50000000.0,50000000.0,0,0,0,0,0,0,7,2026-02-04 21:28:32.913480
EEC,47.94,47.93,47.95,50000000.0,50000000.0,0,0,0,0,0,0,7,2026-02-04 21:28:32.913480
TGX,43.71,43.7,43.72,50000000.0,50000000.0,0,0,0,0,0,0,8,2026-02-04 21:28:33.987245
PHR,48.38,48.37,48.39,50000000.0,50000000.0,0,0,0,0,0,0,8,2026-02-04 21:28:33.987245
BYL,43.67,43.66,43.68,50000000.0,50000000.0,0,0,0,0,0,0,8,2026-02-04 21:28:33.987245
CLD,79.95,79.94,79.96,50000000.0,50000000.0,0,0,0,0,0,0,8,2026-02-04 21:28:33.987245
GGD,31.6,31.59,31.61,50000000.0,50000000.0,0,0,0,0,0,0,8,2026-02-04 21:28:33.987245
PNR,59.73,59.72,59.74,50000000.0,50000000.0,0,0,0,0,0,0,8,2026-02-04 21:28:33.987245
FSR,30.41,30.4,30.42,50000000.0,50000000.0,0,0,0,0,0,0,8,2026-02-04 21:28:33.987245
ATB,62.06,62.05,62.07,50000000.0,50000000.0,0,0,0,0,0,0,8,2026-02-04 21:28:33.987245
SPK,52.94,52.93,52.95,50000000.0,50000000.0,0,0,0,0,0,0,8,2026-02-04 21:28:33.987245
EEC,48.14,48.13,48.15,50000000.0,50000000.0,0,0,0,0,0,0,8,2026-02-04 21:28:33.987245
TGX,43.65,43.64,43.66,50000000.0,50000000.0,0,0,0,0,0,0,9,2026-02-04 21:28:35.056277
PHR,48.27,48.26,48.28,50000000.0,50000000.0,0,0,0,0,0,0,9,2026-02-04 21:28:35.056277
BYL,43.77,43.76,43.78,50000000.0,50000000.0,0,0,0,0,0,0,9,2026-02-04 21:28:35.056277
CLD,80.12,80.11,80.13,50000000.0,50000000.0,0,0,0,0,0,0,9,2026-02-04 21:28:35.056277
GGD,31.63,31.62,31.64,50000000.0,50000000.0,0,0,0,0,0,0,9,2026-02-04 21:28:35.056277
PNR,59.94,59.93,59.95,50000000.0,50000000.0,0,0,0,0,0,0,9,2026-02-04 21:28:35.056277
FSR,30.42,30.41,30.43,50000000.0,50000000.0,0,0,0,0,0,0,9,2026-02-04 21:28:35.056277
ATB,61.93,61.92,61.94,50000000.0,50000000.0,0,0,0,0,0,0,9,2026-02-04 21:28:35.056277
SPK,52.86,52.85,52.87,50000000.0,50000000.0,0,0,0,0,0,0,9,2026-02-04 21:28:35.056277
EEC,48.05,48.04,48.06,50000000.0,50000000.0,0,0,0,0,0,0,9,2026-02-04 21:28:35.056277
TGX,43.64,43.63,43.65,50000000.0,50000000.0,0,0,0,0,0,0,10,2026-02-04 21:28:36.189993
PHR,48.26,48.25,48.27,50000000.0,50000000.0,0,0,0,0,0,0,10,2026-02-04 21:28:36.189993
BYL,43.75,43.74,43.76,50000000.0,50000000.0,0,0,0,0,0,0,10,2026-02-04 21:28:36.189993
CLD,80.15,80.14,80.16,50000000.0,50000000.0,0,0,0,0,0,0,10,2026-02-04 21:28:36.189993
GGD,31.69,31.68,31.7,50000000.0,50000000.0,0,0,0,0,0,0,10,2026-02-04 21:28:36.189993
PNR,59.75,59.74,59.76,50000000.0,50000000.0,0,0,0,0,0,0,10,2026-02-04 21:28:36.189993
FSR,30.32,30.31,30.33,50000000.0,50000000.0,0,0,0,0,0,0,10,2026-02-04 21:28:36.189993
ATB,61.58,61.57,61.59,50000000.0,50000000.0,0,0,0,0,0,0,10,2026-02-04 21:28:36.189993
SPK,52.84,52.83,52.85,50000000.0,50000000.0,0,0,0,0,0,0,10,2026-02-04 21:28:36.189993
EEC,48.1,48.09,48.11,50000000.0,50000000.0,0,0,0,0,0,0,10,2026-02-04 21:28:36.189993
TGX,43.64,43.63,43.65,50000000.0,50000000.0,0,0,0,0,0,0,11,2026-02-04 21:28:36.874183
PHR,48.13,48.12,48.14,50000000.0,50000000.0,0,0,0,0,0,0,11,2026-02-04 21:28:36.874183
BYL,43.64,43.63,43.65,50000000.0,50000000.0,0,0,0,0,0,0,11,2026-02-04 21:28:36.874183
CLD,79.93,79.92,79.94,50000000.0,50000000.0,0,0,0,0,0,0,11,2026-02-04 21:28:36.874183
GGD,31.67,31.66,31.68,50000000.0,50000000.0,0,0,0,0,0,0,11,2026-02-04 21:28:36.874183
PNR,59.37,59.36,59.38,50000000.0,50000000.0,0,0,0,0,0,0,11,2026-02-04 21:28:36.874183
FSR,30.31,30.3,30.32,50000000.0,50000000.0,0,0,0,0,0,0,11,2026-02-04 21:28:36.874183
ATB,61.21,61.2,61.22,50000000.0,50000000.0,0,0,0,0,0,0,11,2026-02-04 21:28:36.874183
SPK,52.95,52.94,52.96,50000000.0,50000000.0,0,0,0,0,0,0,11,2026-02-04 21:28:36.874183
EEC,48.28,48.27,48.29,50000000.0,50000000.0,0,0,0,0,0,0,11,2026-02-04 21:28:36.874183
TGX,43.64,43.63,43.65,50000000.0,50000000.0,0,0,0,0,0,0,12,2026-02-04 21:28:37.930527
PHR,48.23,48.22,48.24,50000000.0,50000000.0,0,0,0,0,0,0,12,2026-02-04 21:28:37.930527
BYL,43.59,43.58,43.6,50000000.0,50000000.0,0,0,0,0,0,0,12,2026-02-04 21:28:37.930527
CLD,79.88,79.87,79.89,50000000.0,50000000.0,0,0,0,0,0,0,12,2026-02-04 21:28:37.930527
GGD,31.65,31.64,31.66,50000000.0,50000000.0,0,0,0,0,0,0,12,2026-02-04 21:28:37.930527
PNR,59.43,59.42,59.44,50000000.0,50000000.0,0,0,0,0,0,0,12,2026-02-04 21:28:37.930527
FSR,30.27,30.26,30.28,50000000.0,50000000.0,0,0,0,0,0,0,12,2026-02-04 21:28:37.930527
ATB,61.0,60.99,61.01,50000000.0,50000000.0,0,0,0,0,0,0,12,2026-02-04 21:28:37.930527
SPK,52.83,52.82,52.84,50000000.0,50000000.0,0,0,0,0,0,0,12,2026-02-04 21:28:37.930527
EEC,48.13,48.12,48.14,50000000.0,50000000.0,0,0,0,0,0,0,12,2026-02-04 21:28:37.930527
TGX,43.61,43.6,43.62,50000000.0,50000000.0,0,0,0,0,0,0,13,2026-02-04 21:28:38.979488
PHR,48.55,48.54,48.56,50000000.0,50000000.0,0,0,0,0,0,0,13,2026-02-04 21:28:38.979488
BYL,43.83,43.82,43.84,50000000.0,50000000.0,0,0,0,0,0,0,13,2026-02-04 21:28:38.979488
CLD,80.39,80.38,80.4,50000000.0,50000000.0,0,0,0,0,0,0,13,2026-02-04 21:28:38.979488
GGD,31.65,31.64,31.66,50000000.0,50000000.0,0,0,0,0,0,0,13,2026-02-04 21:28:38.979488
PNR,59.46,59.45,59.47,50000000.0,50000000.0,0,0,0,0,0,0,13,2026-02-04 21:28:38.979488
FSR,30.25,30.24,30.26,50000000.0,50000000.0,0,0,0,0,0,0,13,2026-02-04 21:28:38.979488
ATB,61.16,61.15,61.17,50000000.0,50000000.0,0,0,0,0,0,0,13,2026-02-04 21:28:38.979488
SPK,52.95,52.94,52.96,50000000.0,50000000.0,0,0,0,0,0,0,13,2026-02-04 21:28:38.979488
EEC,48.38,48.37,48.39,50000000.0,50000000.0,0,0,0,0,0,0,13,2026-02-04 21:28:38.979488
TGX,43.62,43.61,43.63,50000000.0,50000000.0,0,0,0,0,0,0,14,2026-02-04 21:28:40.036831
PHR,48.87,48.86,48.88,50000000.0,50000000.0,0,0,0,0,0,0,14,2026-02-04 21:28:40.036831
BYL,43.71,43.7,43.72,50000000.0,50000000.0,0,0,0,0,0,0,14,2026-02-04 21:28:40.036831
CLD,80.11,80.1,80.12,50000000.0,50000000.0,0,0,0,0,0,0,14,2026-02-04 21:28:40.036831
GGD,31.72,31.71,31.73,50000000.0,50000000.0,0,0,0,0,0,0,14,2026-02-04 21:28:40.036831
PNR,59.55,59.54,59.56,50000000.0,50000000.0,0,0,0,0,0,0,14,2026-02-04 21:28:40.036831
FSR,30.21,30.2,30.22,50000000.0,50000000.0,0,0,0,0,0,0,14,2026-02-04 21:28:40.036831
ATB,61.45,61.44,61.46,50000000.0,50000000.0,0,0,0,0,0,0,14,2026-02-04 21:28:40.036831
SPK,53.04,53.03,53.05,50000000.0,50000000.0,0,0,0,0,0,0,14,2026-02-04 21:28:40.036831
EEC,48.35,48.34,48.36,50000000.0,50000000.0,0,0,0,0,0,0,14,2026-02-04 21:28:40.036831
TGX,43.6,43.59,43.61,50000000.0,50000000.0,0,0,0,0,0,0,15,2026-02-04 21:28:41.121266
PHR,49.58,49.57,49.59,50000000.0,50000000.0,0,0,0,0,0,0,15,2026-02-04 21:28:41.121266
BYL,43.92,43.91,43.93,50000000.0,50000000.0,0,0,0,0,0,0,15,2026-02-04 21:28:41.121266
CLD,80.58,80.57,80.59,50000000.0,50000000.0,0,0,0,0,0,0,15,2026-02-04 21:28:41.121266
GGD,31.67,31.66,31.68,50000000.0,50000000.0,0,0,0,0,0,0,15,2026-02-04 21:28:41.121266
PNR,59.33,59.32,59.34,50000000.0,50000000.0,0,0,0,0,0,0,15,2026-02-04 21:28:41.121266
FSR,30.17,30.16,30.18,50000000.0,50000000.0,0,0,0,0,0,0,15,2026-02-04 21:28:41.121266
ATB,61.3,61.29,61.31,50000000.0,50000000.0,0,0,0,0,0,0,15,2026-02-04 21:28:41.121266
SPK,53.02,53.01,53.03,50000000.0,50000000.0,0,0,0,0,0,0,15,2026-02-04 21:28:41.121266
EEC,48.34,48.33,48.35,50000000.0,50000000.0,0,0,0,0,0,0,15,2026-02-04 21:28:41.121266
TGX,43.7,43.69,43.71,50000000.0,50000000.0,0,0,0,0,0,0,16,2026-02-04 21:28:41.735512
PHR,49.49,49.48,49.5,50000000.0,50000000.0,0,0,0,0,0,0,16,2026-02-04 21:28:41.735512
BYL,43.73,43.72,43.74,50000000.0,50000000.0,0,0,0,0,0,0,16,2026-02-04 21:28:41.735512
CLD,80.2,80.19,80.21,50000000.0,50000000.0,0,0,0,0,0,0,16,2026-02-04 21:28:41.735512
GGD,31.61,31.6,31.62,50000000.0,50000000.0,0,0,0,0,0,0,16,2026-02-04 21:28:41.735512
PNR,59.37,59.36,59.38,50000000.0,50000000.0,0,0,0,0,0,0,16,2026-02-04 21:28:41.735512
FSR,30.22,30.21,30.23,50000000.0,50000000.0,0,0,0,0,0,0,16,2026-02-04 21:28:41.735512
ATB,61.09,61.08,61.1,50000000.0,50000000.0,0,0,0,0,0,0,16,2026-02-04 21:28:41.735512
SPK,52.87,52.86,52.88,50000000.0,50000000.0,0,0,0,0,0,0,16,2026-02-04 21:28:41.735512
EEC,48.14,48.13,48.15,50000000.0,50000000.0,0,0,0,0,0,0,16,2026-02-04 21:28:41.735512
TGX,43.68,43.67,43.69,50000000.0,50000000.0,0,0,0,0,0,0,17,2026-02-04 21:28:42.883084
PHR,49.74,49.73,49.75,50000000.0,50000000.0,0,0,0,0,0,0,17,2026-02-04 21:28:42.883084
BYL,44.0,43.99,44.01,50000000.0,50000000.0,0,0,0,0,0,0,17,2026-02-04 21:28:42.883084
CLD,80.86,80.85,80.87,50000000.0,50000000.0,0,0,0,0,0,0,17,2026-02-04 21:28:42.883084
GGD,31.66,31.65,31.67,50000000.0,50000000.0,0,0,0,0,0,0,17,2026-02-04 21:28:42.883084
PNR,59.45,59.44,59.46,50000000.0,50000000.0,0,0,0,0,0,0,17,2026-02-04 21:28:42.883084
FSR,30.21,30.2,30.22,50000000.0,50000000.0,0,0,0,0,0,0,17,2026-02-04 21:28:42.883084
ATB,61.11,61.1,61.12,50000000.0,50000000.0,0,0,0,0,0,0,17,2026-02-04 21:28:42.883084
SPK,52.83,52.82,52.84,50000000.0,50000000.0,0,0,0,0,0,0,17,2026-02-04 21:28:42.883084
EEC,48.13,48.12,48.14,50000000.0,50000000.0,0,0,0,0,0,0,17,2026-02-04 21:28:42.883084
TGX,43.69,43.68,43.7,50000000.0,50000000.0,0,0,0,0,0,0,18,2026-02-04 21:28:43.972066
PHR,49.23,49.22,49.24,50000000.0,50000000.0,0,0,0,0,0,0,18,2026-02-04 21:28:43.972066
BYL,43.91,43.9,43.92,50000000.0,50000000.0,0,0,0,0,0,0,18,2026-02-04 21:28:43.972066
CLD,80.66,80.65,80.67,50000000.0,50000000.0,0,0,0,0,0,0,18,2026-02-04 21:28:43.972066
GGD,31.6,31.59,31.61,50000000.0,50000000.0,0,0,0,0,0,0,18,2026-02-04 21:28:43.972066
PNR,59.56,59.55,59.57,50000000.0,50000000.0,0,0,0,0,0,0,18,2026-02-04 21:28:43.972066
FSR,30.25,30.24,30.26,50000000.0,50000000.0,0,0,0,0,0,0,18,2026-02-04 21:28:43.972066
ATB,60.83,60.82,60.84,50000000.0,50000000.0,0,0,0,0,0,0,18,2026-02-04 21:28:43.972066
SPK,52.64,52.63,52.65,50000000.0,50000000.0,0,0,0,0,0,0,18,2026-02-04 21:28:43.972066
EEC,47.79,47.78,47.8,50000000.0,50000000.0,0,0,0,0,0,0,18,2026-02-04 21:28:43.972066
TGX,43.68,43.67,43.69,50000000.0,50000000.0,0,0,0,0,0,0,19,2026-02-04 21:28:45.041336
PHR,49.58,49.57,49.59,50000000.0,50000000.0,0,0,0,0,0,0,19,2026-02-04 21:28:45.041336
BYL,43.88,43.87,43.89,50000000.0,50000000.0,0,0,0,0,0,0,19,2026-02-04 21:28:45.041336
CLD,80.58,80.57,80.59,50000000.0,50000000.0,0,0,0,0,0,0,19,2026-02-04 21:28:45.041336
GGD,31.52,31.51,31.53,50000000.0,50000000.0,0,0,0,0,0,0,19,2026-02-04 21:28:45.041336
PNR,59.79,59.78,59.8,50000000.0,50000000.0,0,0,0,0,0,0,19,2026-02-04 21:28:45.041336
FSR,30.3,30.29,30.31,50000000.0,50000000.0,0,0,0,0,0,0,19,2026-02-04 21:28:45.041336
ATB,60.65,60.64,60.66,50000000.0,50000000.0,0,0,0,0,0,0,19,2026-02-04 21:28:45.041336
SPK,52.69,52.68,52.7,50000000.0,50000000.0,0,0,0,0,0,0,19,2026-02-04 21:28:45.041336
EEC,47.92,47.91,47.93,50000000.0,50000000.0,0,0,0,0,0,0,19,2026-02-04 21:28:45.041336
TGX,43.71,43.7,43.72,50000000.0,50000000.0,0,0,0,0,0,0,20,2026-02-04 21:28:46.161580
PHR,49.65,49.64,49.66,50000000.0,50000000.0,0,0,0,0,0,0,20,2026-02-04 21:28:46.161580
BYL,43.79,43.78,43.8,50000000.0,50000000.0,0,0,0,0,0,0,20,2026-02-04 21:28:46.161580
CLD,80.32,80.31,80.33,50000000.0,50000000.0,0,0,0,0,0,0,20,2026-02-04 21:28:46.161580
GGD,31.49,31.48,31.5,50000000.0,50000000.0,0,0,0,0,0,0,20,2026-02-04 21:28:46.161580
PNR,60.17,60.16,60.18,50000000.0,50000000.0,0,0,0,0,0,0,20,2026-02-04 21:28:46.161580
FSR,30.27,30.26,30.28,50000000.0,50000000.0,0,0,0,0,0,0,20,2026-02-04 21:28:46.161580
ATB,60.56,60.55,60.57,50000000.0,50000000.0,0,0,0,0,0,0,20,2026-02-04 21:28:46.161580
SPK,52.67,52.65,52.67,50000000.0,50000000.0,0,0,0,0,0,0,20,2026-02-04 21:28:46.161580
EEC,47.95,47.94,47.96,50000000.0,50000000.0,0,0,0,0,0,0,20,2026-02-04 21:28:46.161580
TGX,43.77,43.76,43.78,50000000.0,50000000.0,0,0,0,0,0,0,21,2026-02-04 21:28:46.753037
PHR,49.15,49.14,49.16,50000000.0,50000000.0,0,0,0,0,0,0,21,2026-02-04 21:28:46.753037
BYL,43.84,43.83,43.85,50000000.0,50000000.0,0,0,0,0,0,0,21,2026-02-04 21:28:46.753037
CLD,80.4,80.39,80.41,50000000.0,50000000.0,0,0,0,0,0,0,21,2026-02-04 21:28:46.753037
GGD,31.44,31.43,31.45,50000000.0,50000000.0,0,0,0,0,0,0,21,2026-02-04 21:28:46.753037
PNR,60.27,60.26,60.28,50000000.0,50000000.0,0,0,0,0,0,0,21,2026-02-04 21:28:46.753037
FSR,30.41,30.4,30.42,50000000.0,50000000.0,0,0,0,0,0,0,21,2026-02-04 21:28:46.753037
ATB,60.62,60.61,60.63,50000000.0,50000000.0,0,0,0,0,0,0,21,2026-02-04 21:28:46.753037
SPK,52.67,52.66,52.68,50000000.0,50000000.0,0,0,0,0,0,0,21,2026-02-04 21:28:46.753037
EEC,47.92,47.91,47.93,50000000.0,50000000.0,0,0,0,0,0,0,21,2026-02-04 21:28:46.753037
TGX,43.83,43.82,43.84,50000000.0,50000000.0,0,0,0,0,0,0,22,2026-02-04 21:28:47.854957
PHR,48.64,48.63,48.65,50000000.0,50000000.0,0,0,0,0,0,0,22,2026-02-04 21:28:47.854957
BYL,43.4,43.39,43.41,50000000.0,50000000.0,0,0,0,0,0,0,22,2026-02-04 21:28:47.854957
CLD,79.36,79.35,79.37,50000000.0,50000000.0,0,0,0,0,0,0,22,2026-02-04 21:28:47.854957
GGD,31.36,31.35,31.37,50000000.0,50000000.0,0,0,0,0,0,0,22,2026-02-04 21:28:47.854957
PNR,59.84,59.83,59.85,50000000.0,50000000.0,0,0,0,0,0,0,22,2026-02-04 21:28:47.854957
FSR,30.42,30.41,30.43,50000000.0,50000000.0,0,0,0,0,0,0,22,2026-02-04 21:28:47.854957
ATB,60.8,60.79,60.81,50000000.0,50000000.0,0,0,0,0,0,0,22,2026-02-04 21:28:47.854957
SPK,52.84,52.83,52.85,50000000.0,50000000.0,0,0,0,0,0,0,22,2026-02-04 21:28:47.854957
EEC,48.15,48.14,48.16,50000000.0,50000000.0,0,0,0,0,0,0,22,2026-02-04 21:28:47.854957
TGX,43.88,43.87,43.89,50000000.0,50000000.0,0,0,0,0,0,0,23,2026-02-04 21:28:49.035652
PHR,48.87,48.86,48.88,50000000.0,50000000.0,0,0,0,0,0,0,23,2026-02-04 21:28:49.035652
BYL,43.33,43.32,43.34,50000000.0,50000000.0,0,0,0,0,0,0,23,2026-02-04 21:28:49.035652
CLD,79.15,79.14,79.16,50000000.0,50000000.0,0,0,0,0,0,0,23,2026-02-04 21:28:49.035652
GGD,31.36,31.35,31.37,50000000.0,50000000.0,0,0,0,0,0,0,23,2026-02-04 21:28:49.035652
PNR,59.78,59.77,59.79,50000000.0,50000000.0,0,0,0,0,0,0,23,2026-02-04 21:28:49.035652
FSR,30.43,30.42,30.44,50000000.0,50000000.0,0,0,0,0,0,0,23,2026-02-04 21:28:49.035652
ATB,60.39,60.38,60.4,50000000.0,50000000.0,0,0,0,0,0,0,23,2026-02-04 21:28:49.035652
SPK,52.86,52.85,52.87,50000000.0,50000000.0,0,0,0,0,0,0,23,2026-02-04 21:28:49.035652
EEC,48.21,48.2,48.22,50000000.0,50000000.0,0,0,0,0,0,0,23,2026-02-04 21:28:49.035652
TGX,43.86,43.85,43.87,50000000.0,50000000.0,0,0,0,0,0,0,24,2026-02-04 21:28:50.123744,2.0,1.0,23.0,D3-GGD/PNR,Investment Grade Bond Offering Completed,Successfully prices $2.8B of investment grade notes across multiple maturities with strong demand.
PHR,48.37,48.36,48.38,50000000.0,50000000.0,0,0,0,0,0,0,24,2026-02-04 21:28:50.123744,,,,,,
BYL,43.17,43.16,43.18,50000000.0,50000000.0,0,0,0,0,0,0,24,2026-02-04 21:28:50.123744,,,,,,
CLD,78.76,78.75,78.77,50000000.0,50000000.0,0,0,0,0,0,0,24,2026-02-04 21:28:50.123744,,,,,,
GGD,31.27,31.26,31.28,50000000.0,50000000.0,0,0,0,0,0,0,24,2026-02-04 21:28:50.123744,,,,,,
PNR,59.24,59.23,59.25,50000000.0,50000000.0,0,0,0,0,0,0,24,2026-02-04 21:28:50.123744,,,,,,
FSR,30.46,30.45,30.47,50000000.0,50000000.0,0,0,0,0,0,0,24,2026-02-04 21:28:50.123744,,,,,,
ATB,60.72,60.71,60.73,50000000.0,50000000.0,0,0,0,0,0,0,24,2026-02-04 21:28:50.123744,,,,,,
SPK,52.91,52.9,52.92,50000000.0,50000000.0,0,0,0,0,0,0,24,2026-02-04 21:28:50.123744,,,,,,
EEC,48.26,48.25,48.27,50000000.0,50000000.0,0,0,0,0,0,0,24,2026-02-04 21:28:50.123744,,,,,,
TGX,43.88,43.87,43.89,50000000.0,50000000.0,0,0,0,0,0,0,25,2026-02-04 21:28:51.198127
PHR,48.45,48.44,48.46,50000000.0,50000000.0,0,0,0,0,0,0,25,2026-02-04 21:28:51.198127
BYL,42.88,42.87,42.89,50000000.0,50000000.0,0,0,0,0,0,0,25,2026-02-04 21:28:51.198127
CLD,78.0,77.99,78.01,50000000.0,50000000.0,0,0,0,0,0,0,25,2026-02-04 21:28:51.198127
GGD,31.29,31.28,31.3,50000000.0,50000000.0,0,0,0,0,0,0,25,2026-02-04 21:28:51.198127
PNR,58.76,58.75,58.77,50000000.0,50000000.0,0,0,0,0,0,0,25,2026-02-04 21:28:51.198127
FSR,30.42,30.41,30.43,50000000.0,50000000.0,0,0,0,0,0,0,25,2026-02-04 21:28:51.198127
ATB,60.94,60.93,60.95,50000000.0,50000000.0,0,0,0,0,0,0,25,2026-02-04 21:28:51.198127
SPK,53.07,53.06,53.08,50000000.0,50000000.0,0,0,0,0,0,0,25,2026-02-04 21:28:51.198127
EEC,48.52,48.51,48.53,50000000.0,50000000.0,0,0,0,0,0,0,25,2026-02-04 21:28:51.198127
TGX,43.84,43.83,43.85,50000000.0,50000000.0,0,0,0,0,0,0,26,2026-02-04 21:28:51.754554
PHR,48.12,48.11,48.13,50000000.0,50000000.0,0,0,0,0,0,0,26,2026-02-04 21:28:51.754554
BYL,42.66,42.65,42.67,50000000.0,50000000.0,0,0,0,0,0,0,26,2026-02-04 21:28:51.754554
CLD,77.49,77.48,77.5,50000000.0,50000000.0,0,0,0,0,0,0,26,2026-02-04 21:28:51.754554
GGD,31.34,31.33,31.35,50000000.0,50000000.0,0,0,0,0,0,0,26,2026-02-04 21:28:51.754554
PNR,59.33,59.32,59.34,50000000.0,50000000.0,0,0,0,0,0,0,26,2026-02-04 21:28:51.754554
FSR,30.5,30.49,30.51,50000000.0,50000000.0,0,0,0,0,0,0,26,2026-02-04 21:28:51.754554
ATB,60.99,60.98,61.0,50000000.0,50000000.0,0,0,0,0,0,0,26,2026-02-04 21:28:51.754554
SPK,53.16,53.15,53.17,50000000.0,50000000.0,0,0,0,0,0,0,26,2026-02-04 21:28:51.754554
EEC,48.56,48.55,48.57,50000000.0,50000000.0,0,0,0,0,0,0,26,2026-02-04 21:28:51.754554
TGX,43.86,43.85,43.87,50000000.0,50000000.0,0,0,0,0,0,0,27,2026-02-04 21:28:52.821639
PHR,47.95,47.94,47.96,50000000.0,50000000.0,0,0,0,0,0,0,27,2026-02-04 21:28:52.821639
BYL,42.56,42.55,42.57,50000000.0,50000000.0,0,0,0,0,0,0,27,2026-02-04 21:28:52.821639
CLD,77.07,77.06,77.08,50000000.0,50000000.0,0,0,0,0,0,0,27,2026-02-04 21:28:52.821639
GGD,31.3,31.29,31.31,50000000.0,50000000.0,0,0,0,0,0,0,27,2026-02-04 21:28:52.821639
PNR,59.36,59.35,59.37,50000000.0,50000000.0,0,0,0,0,0,0,27,2026-02-04 21:28:52.821639
FSR,30.47,30.46,30.48,50000000.0,50000000.0,0,0,0,0,0,0,27,2026-02-04 21:28:52.821639
ATB,60.86,60.85,60.87,50000000.0,50000000.0,0,0,0,0,0,0,27,2026-02-04 21:28:52.821639
SPK,53.19,53.18,53.2,50000000.0,50000000.0,0,0,0,0,0,0,27,2026-02-04 21:28:52.821639
EEC,48.64,48.63,48.65,50000000.0,50000000.0,0,0,0,0,0,0,27,2026-02-04 21:28:52.821639
TGX,43.85,43.84,43.86,50000000.0,50000000.0,0,0,0,0,0,0,28,2026-02-04 21:28:53.928049,3.0,1.0,27.0,D1-TGX/PHR,Final Closing Conditions Checklist Published,"Companies publish a status update showing 8 of 10 major closing conditions satisfied, with only final regulatory approval and shareholder vote remaining."
PHR,47.98,47.97,47.99,50000000.0,50000000.0,0,0,0,0,0,0,28,2026-02-04 21:28:53.928049,,,,,,
BYL,42.3,42.29,42.31,50000000.0,50000000.0,0,0,0,0,0,0,28,2026-02-04 21:28:53.928049,,,,,,
CLD,76.57,76.56,76.58,50000000.0,50000000.0,0,0,0,0,0,0,28,2026-02-04 21:28:53.928049,,,,,,
GGD,31.27,31.26,31.28,50000000.0,50000000.0,0,0,0,0,0,0,28,2026-02-04 21:28:53.928049,,,,,,
PNR,59.46,59.45,59.47,50000000.0,50000000.0,0,0,0,0,0,0,28,2026-02-04 21:28:53.928049,,,,,,
FSR,30.42,30.41,30.43,50000000.0,50000000.0,0,0,0,0,0,0,28,2026-02-04 21:28:53.928049,,,,,,
ATB,60.8,60.79,60.81,50000000.0,50000000.0,0,0,0,0,0,0,28,2026-02-04 21:28:53.928049,,,,,,
SPK,53.09,53.08,53.1,50000000.0,50000000.0,0,0,0,0,0,0,28,2026-02-04 21:28:53.928049,,,,,,
EEC,48.45,48.44,48.46,50000000.0,50000000.0,0,0,0,0,0,0,28,2026-02-04 21:28:53.928049,,,,,,
TGX,43.89,43.88,43.9,50000000.0,50000000.0,0,0,0,0,0,0,29,2026-02-04 21:28:55.027677,4.0,1.0,28.0,D2-BYL/CLD,Index Rebalancing Implications,"Analysts note combined entity will qualify for S&P 500 inclusion, providing technical buying support."
PHR,47.93,47.92,47.94,50000000.0,50000000.0,0,0,0,0,0,0,29,2026-02-04 21:28:55.027677,,,,,,
BYL,42.2,42.19,42.21,50000000.0,50000000.0,0,0,0,0,0,0,29,2026-02-04 21:28:55.027677,,,,,,
CLD,76.32,76.31,76.33,50000000.0,50000000.0,0,0,0,0,0,0,29,2026-02-04 21:28:55.027677,,,,,,
GGD,31.38,31.37,31.39,50000000.0,50000000.0,0,0,0,0,0,0,29,2026-02-04 21:28:55.027677,,,,,,
PNR,60.07,60.06,60.08,50000000.0,50000000.0,0,0,0,0,0,0,29,2026-02-04 21:28:55.027677,,,,,,
FSR,30.5,30.49,30.51,50000000.0,50000000.0,0,0,0,0,0,0,29,2026-02-04 21:28:55.027677,,,,,,
ATB,60.56,60.55,60.57,50000000.0,50000000.0,0,0,0,0,0,0,29,2026-02-04 21:28:55.027677,,,,,,
SPK,53.09,53.08,53.1,50000000.0,50000000.0,0,0,0,0,0,0,29,2026-02-04 21:28:55.027677,,,,,,
EEC,48.37,48.36,48.38,50000000.0,50000000.0,0,0,0,0,0,0,29,2026-02-04 21:28:55.027677,,,,,,
TGX,43.87,43.86,43.88,50000000.0,50000000.0,0,0,0,0,0,0,30,2026-02-04 21:28:56.092534,5.0,1.0,29.0,ALL,Senate Committee Launches Inquiry Into Industry Consolidation,"The Senate Judiciary Committee has announced a formal inquiry into the pace and scope of consolidation across multiple industries, citing concerns about market power, consumer welfare, and systemic risk. Subpoenas have been issued to advisory firms and select transaction parties, with public hearings scheduled for the coming weeks. While the inquiry carries no direct regulatory authority over pending mergers, it may influence the political environment surrounding agency reviews and could encourage more aggressive enforcement postures from the FTC, DOJ, and sector-specific regulators. Technology and banking transactions are expected to receive the most attention."
PHR,48.17,48.16,48.18,50000000.0,50000000.0,0,0,0,0,0,0,30,2026-02-04 21:28:56.092534,,,,,,
BYL,41.97,41.96,41.98,50000000.0,50000000.0,0,0,0,0,0,0,30,2026-02-04 21:28:56.092534,,,,,,
CLD,75.75,75.74,75.76,50000000.0,50000000.0,0,0,0,0,0,0,30,2026-02-04 21:28:56.092534,,,,,,
GGD,31.38,31.37,31.39,50000000.0,50000000.0,0,0,0,0,0,0,30,2026-02-04 21:28:56.092534,,,,,,
PNR,60.3,60.29,60.31,50000000.0,50000000.0,0,0,0,0,0,0,30,2026-02-04 21:28:56.092534,,,,,,
FSR,30.45,30.44,30.46,50000000.0,50000000.0,0,0,0,0,0,0,30,2026-02-04 21:28:56.092534,,,,,,
ATB,60.27,60.26,60.28,50000000.0,50000000.0,0,0,0,0,0,0,30,2026-02-04 21:28:56.092534,,,,,,
SPK,53.01,53.0,53.02,50000000.0,50000000.0,0,0,0,0,0,0,30,2026-02-04 21:28:56.092534,,,,,,
EEC,48.3,48.29,48.31,50000000.0,50000000.0,0,0,0,0,0,0,30,2026-02-04 21:28:56.092534,,,,,,
TGX,43.82,43.81,43.83,50000000.0,50000000.0,0,0,0,0,0,0,31,2026-02-04 21:28:57.201008
PHR,48.23,48.22,48.24,50000000.0,50000000.0,0,0,0,0,0,0,31,2026-02-04 21:28:57.201008
BYL,41.66,41.65,41.67,50000000.0,50000000.0,0,0,0,0,0,0,31,2026-02-04 21:28:57.201008
CLD,74.98,74.97,74.99,50000000.0,50000000.0,0,0,0,0,0,0,31,2026-02-04 21:28:57.201008
GGD,31.4,31.39,31.41,50000000.0,50000000.0,0,0,0,0,0,0,31,2026-02-04 21:28:57.201008
PNR,60.12,60.11,60.13,50000000.0,50000000.0,0,0,0,0,0,0,31,2026-02-04 21:28:57.201008
FSR,30.38,30.37,30.39,50000000.0,50000000.0,0,0,0,0,0,0,31,2026-02-04 21:28:57.201008
ATB,60.31,60.3,60.32,50000000.0,50000000.0,0,0,0,0,0,0,31,2026-02-04 21:28:57.201008
SPK,52.91,52.9,52.92,50000000.0,50000000.0,0,0,0,0,0,0,31,2026-02-04 21:28:57.201008
EEC,48.01,48.0,48.02,50000000.0,50000000.0,0,0,0,0,0,0,31,2026-02-04 21:28:57.201008
TGX,43.78,43.77,43.79,50000000.0,50000000.0,0,0,0,0,0,0,32,2026-02-04 21:28:58.254515,6.0,1.0,31.0,D2-BYL/CLD,Collar Mechanism Speculation,Analysts discuss whether parties will negotiate exchange ratio collar to protect against stock price volatility.
PHR,48.38,48.37,48.39,50000000.0,50000000.0,0,0,0,0,0,0,32,2026-02-04 21:28:58.254515,,,,,,
BYL,41.65,41.64,41.66,50000000.0,50000000.0,0,0,0,0,0,0,32,2026-02-04 21:28:58.254515,,,,,,
CLD,74.83,74.82,74.84,50000000.0,50000000.0,0,0,0,0,0,0,32,2026-02-04 21:28:58.254515,,,,,,
GGD,31.3,31.29,31.31,50000000.0,50000000.0,0,0,0,0,0,0,32,2026-02-04 21:28:58.254515,,,,,,
PNR,60.11,60.1,60.12,50000000.0,50000000.0,0,0,0,0,0,0,32,2026-02-04 21:28:58.254515,,,,,,
FSR,30.32,30.31,30.33,50000000.0,50000000.0,0,0,0,0,0,0,32,2026-02-04 21:28:58.254515,,,,,,
ATB,59.98,59.97,59.99,50000000.0,50000000.0,0,0,0,0,0,0,32,2026-02-04 21:28:58.254515,,,,,,
SPK,52.98,52.97,52.99,50000000.0,50000000.0,0,0,0,0,0,0,32,2026-02-04 21:28:58.254515,,,,,,
EEC,48.07,48.06,48.08,50000000.0,50000000.0,0,0,0,0,0,0,32,2026-02-04 21:28:58.254515,,,,,,
TGX,43.76,43.75,43.77,50000000.0,50000000.0,0,0,0,0,0,0,33,2026-02-04 21:28:58.838991,7.0,1.0,32.0,D1-TGX/PHR,Chinese SAMR Extends Review Period,"China's State Administration for Market Regulation has extended its review for a third time, now requesting detailed market share data across all Asia-Pacific regions."
PHR,48.26,48.25,48.27,50000000.0,50000000.0,0,0,0,0,0,0,33,2026-02-04 21:28:58.838991,,,,,,
BYL,41.58,41.57,41.59,50000000.0,50000000.0,0,0,0,0,0,0,33,2026-02-04 21:28:58.838991,,,,,,
CLD,74.67,74.66,74.68,50000000.0,50000000.0,0,0,0,0,0,0,33,2026-02-04 21:28:58.838991,,,,,,
GGD,31.36,31.35,31.37,50000000.0,50000000.0,0,0,0,0,0,0,33,2026-02-04 21:28:58.838991,,,,,,
PNR,60.17,60.16,60.18,50000000.0,50000000.0,0,0,0,0,0,0,33,2026-02-04 21:28:58.838991,,,,,,
FSR,30.32,30.31,30.33,50000000.0,50000000.0,0,0,0,0,0,0,33,2026-02-04 21:28:58.838991,,,,,,
ATB,59.9,59.89,59.91,50000000.0,50000000.0,0,0,0,0,0,0,33,2026-02-04 21:28:58.838991,,,,,,
SPK,53.11,53.1,53.12,50000000.0,50000000.0,0,0,0,0,0,0,33,2026-02-04 21:28:58.838991,,,,,,
EEC,48.22,48.21,48.23,50000000.0,50000000.0,0,0,0,0,0,0,33,2026-02-04 21:28:58.838991,,,,,,
TGX,43.75,43.74,43.76,50000000.0,50000000.0,0,0,0,0,0,0,34,2026-02-04 21:29:00.041097
PHR,47.7,47.69,47.71,50000000.0,50000000.0,0,0,0,0,0,0,34,2026-02-04 21:29:00.041097
BYL,41.63,41.62,41.64,50000000.0,50000000.0,0,0,0,0,0,0,34,2026-02-04 21:29:00.041097
CLD,74.79,74.78,74.8,50000000.0,50000000.0,0,0,0,0,0,0,34,2026-02-04 21:29:00.041097
GGD,31.28,31.27,31.29,50000000.0,50000000.0,0,0,0,0,0,0,34,2026-02-04 21:29:00.041097
PNR,59.75,59.74,59.76,50000000.0,50000000.0,0,0,0,0,0,0,34,2026-02-04 21:29:00.041097
FSR,30.24,30.23,30.25,50000000.0,50000000.0,0,0,0,0,0,0,34,2026-02-04 21:29:00.041097
ATB,59.73,59.72,59.74,50000000.0,50000000.0,0,0,0,0,0,0,34,2026-02-04 21:29:00.041097
SPK,53.04,53.03,53.05,50000000.0,50000000.0,0,0,0,0,0,0,34,2026-02-04 21:29:00.041097
EEC,48.06,48.05,48.07,50000000.0,50000000.0,0,0,0,0,0,0,34,2026-02-04 21:29:00.041097
TGX,43.73,43.72,43.74,50000000.0,50000000.0,0,0,0,0,0,0,35,2026-02-04 21:29:01.110206
PHR,47.66,47.65,47.67,50000000.0,50000000.0,0,0,0,0,0,0,35,2026-02-04 21:29:01.110206
BYL,41.65,41.64,41.66,50000000.0,50000000.0,0,0,0,0,0,0,35,2026-02-04 21:29:01.110206
CLD,74.89,74.88,74.9,50000000.0,50000000.0,0,0,0,0,0,0,35,2026-02-04 21:29:01.110206
GGD,31.32,31.31,31.33,50000000.0,50000000.0,0,0,0,0,0,0,35,2026-02-04 21:29:01.110206
PNR,60.02,60.01,60.03,50000000.0,50000000.0,0,0,0,0,0,0,35,2026-02-04 21:29:01.110206
FSR,30.25,30.24,30.26,50000000.0,50000000.0,0,0,0,0,0,0,35,2026-02-04 21:29:01.110206
ATB,59.57,59.56,59.58,50000000.0,50000000.0,0,0,0,0,0,0,35,2026-02-04 21:29:01.110206
SPK,53.28,53.27,53.29,50000000.0,50000000.0,0,0,0,0,0,0,35,2026-02-04 21:29:01.110206
EEC,48.47,48.46,48.48,50000000.0,50000000.0,0,0,0,0,0,0,35,2026-02-04 21:29:01.110206
TGX,43.75,43.74,43.76,50000000.0,50000000.0,0,0,0,0,0,0,36,2026-02-04 21:29:02.182029
PHR,47.38,47.37,47.39,50000000.0,50000000.0,0,0,0,0,0,0,36,2026-02-04 21:29:02.182029
BYL,41.42,41.41,41.43,50000000.0,50000000.0,0,0,0,0,0,0,36,2026-02-04 21:29:02.182029
CLD,74.26,74.25,74.27,50000000.0,50000000.0,0,0,0,0,0,0,36,2026-02-04 21:29:02.182029
GGD,31.33,31.32,31.34,50000000.0,50000000.0,0,0,0,0,0,0,36,2026-02-04 21:29:02.182029
PNR,60.27,60.26,60.28,50000000.0,50000000.0,0,0,0,0,0,0,36,2026-02-04 21:29:02.182029
FSR,30.24,30.23,30.25,50000000.0,50000000.0,0,0,0,0,0,0,36,2026-02-04 21:29:02.182029
ATB,59.44,59.43,59.45,50000000.0,50000000.0,0,0,0,0,0,0,36,2026-02-04 21:29:02.182029
SPK,53.09,53.08,53.1,50000000.0,50000000.0,0,0,0,0,0,0,36,2026-02-04 21:29:02.182029
EEC,48.21,48.2,48.22,50000000.0,50000000.0,0,0,0,0,0,0,36,2026-02-04 21:29:02.182029
TGX,43.74,43.73,43.75,50000000.0,50000000.0,0,0,0,0,0,0,37,2026-02-04 21:29:03.238833
PHR,47.46,47.45,47.47,50000000.0,50000000.0,0,0,0,0,0,0,37,2026-02-04 21:29:03.238833
BYL,41.57,41.56,41.58,50000000.0,50000000.0,0,0,0,0,0,0,37,2026-02-04 21:29:03.238833
CLD,74.55,74.54,74.56,50000000.0,50000000.0,0,0,0,0,0,0,37,2026-02-04 21:29:03.238833
GGD,31.27,31.26,31.28,50000000.0,50000000.0,0,0,0,0,0,0,37,2026-02-04 21:29:03.238833
PNR,60.04,60.03,60.05,50000000.0,50000000.0,0,0,0,0,0,0,37,2026-02-04 21:29:03.238833
FSR,30.24,30.23,30.25,50000000.0,50000000.0,0,0,0,0,0,0,37,2026-02-04 21:29:03.238833
ATB,59.28,59.27,59.29,50000000.0,50000000.0,0,0,0,0,0,0,37,2026-02-04 21:29:03.238833
SPK,53.1,53.09,53.11,50000000.0,50000000.0,0,0,0,0,0,0,37,2026-02-04 21:29:03.238833
EEC,48.09,48.08,48.1,50000000.0,50000000.0,0,0,0,0,0,0,37,2026-02-04 21:29:03.238833
TGX,43.74,43.73,43.75,50000000.0,50000000.0,0,0,0,0,0,0,38,2026-02-04 21:29:04.291205
PHR,47.57,47.56,47.58,50000000.0,50000000.0,0,0,0,0,0,0,38,2026-02-04 21:29:04.291205
BYL,41.79,41.78,41.8,50000000.0,50000000.0,0,0,0,0,0,0,38,2026-02-04 21:29:04.291205
CLD,75.02,75.01,75.03,50000000.0,50000000.0,0,0,0,0,0,0,38,2026-02-04 21:29:04.291205
GGD,31.28,31.27,31.29,50000000.0,50000000.0,0,0,0,0,0,0,38,2026-02-04 21:29:04.291205
PNR,60.24,60.23,60.25,50000000.0,50000000.0,0,0,0,0,0,0,38,2026-02-04 21:29:04.291205
FSR,30.25,30.24,30.26,50000000.0,50000000.0,0,0,0,0,0,0,38,2026-02-04 21:29:04.291205
ATB,59.46,59.45,59.47,50000000.0,50000000.0,0,0,0,0,0,0,38,2026-02-04 21:29:04.291205
SPK,53.05,53.04,53.06,50000000.0,50000000.0,0,0,0,0,0,0,38,2026-02-04 21:29:04.291205
EEC,47.95,47.94,47.96,50000000.0,50000000.0,0,0,0,0,0,0,38,2026-02-04 21:29:04.291205
TGX,43.73,43.72,43.74,50000000.0,50000000.0,0,0,0,0,0,0,39,2026-02-04 21:29:05.039906
PHR,47.46,47.45,47.47,50000000.0,50000000.0,0,0,0,0,0,0,39,2026-02-04 21:29:05.039906
BYL,41.91,41.9,41.92,50000000.0,50000000.0,0,0,0,0,0,0,39,2026-02-04 21:29:05.039906
CLD,75.37,75.36,75.38,50000000.0,50000000.0,0,0,0,0,0,0,39,2026-02-04 21:29:05.039906
GGD,31.33,31.32,31.34,50000000.0,50000000.0,0,0,0,0,0,0,39,2026-02-04 21:29:05.039906
PNR,60.1,60.09,60.11,50000000.0,50000000.0,0,0,0,0,0,0,39,2026-02-04 21:29:05.039906
FSR,30.21,30.2,30.22,50000000.0,50000000.0,0,0,0,0,0,0,39,2026-02-04 21:29:05.039906
ATB,59.25,59.24,59.26,50000000.0,50000000.0,0,0,0,0,0,0,39,2026-02-04 21:29:05.039906
SPK,52.85,52.84,52.86,50000000.0,50000000.0,0,0,0,0,0,0,39,2026-02-04 21:29:05.039906
EEC,47.63,47.62,47.64,50000000.0,50000000.0,0,0,0,0,0,0,39,2026-02-04 21:29:05.039906
TGX,43.74,43.73,43.75,50000000.0,50000000.0,0,0,0,0,0,0,40,2026-02-04 21:29:06.116425
PHR,47.42,47.41,47.43,50000000.0,50000000.0,0,0,0,0,0,0,40,2026-02-04 21:29:06.116425
BYL,42.13,42.12,42.14,50000000.0,50000000.0,0,0,0,0,0,0,40,2026-02-04 21:29:06.116425
CLD,76.01,76.0,76.02,50000000.0,50000000.0,0,0,0,0,0,0,40,2026-02-04 21:29:06.116425
GGD,31.32,31.31,31.33,50000000.0,50000000.0,0,0,0,0,0,0,40,2026-02-04 21:29:06.116425
PNR,60.06,60.05,60.07,50000000.0,50000000.0,0,0,0,0,0,0,40,2026-02-04 21:29:06.116425
FSR,30.2,30.19,30.21,50000000.0,50000000.0,0,0,0,0,0,0,40,2026-02-04 21:29:06.116425
ATB,59.24,59.23,59.25,50000000.0,50000000.0,0,0,0,0,0,0,40,2026-02-04 21:29:06.116425
SPK,52.87,52.87,52.89,50000000.0,50000000.0,0,0,0,0,0,0,40,2026-02-04 21:29:06.116425
EEC,47.65,47.64,47.66,50000000.0,50000000.0,0,0,0,0,0,0,40,2026-02-04 21:29:06.116425
TGX,43.77,43.76,43.78,50000000.0,50000000.0,0,0,0,0,0,0,41,2026-02-04 21:29:07.180488
PHR,48.0,47.99,48.01,50000000.0,50000000.0,0,0,0,0,0,0,41,2026-02-04 21:29:07.180488
BYL,42.13,42.12,42.14,50000000.0,50000000.0,0,0,0,0,0,0,41,2026-02-04 21:29:07.180488
CLD,75.97,75.96,75.98,50000000.0,50000000.0,0,0,0,0,0,0,41,2026-02-04 21:29:07.180488
GGD,31.35,31.34,31.36,50000000.0,50000000.0,0,0,0,0,0,0,41,2026-02-04 21:29:07.180488
PNR,59.87,59.86,59.88,50000000.0,50000000.0,0,0,0,0,0,0,41,2026-02-04 21:29:07.180488
FSR,30.19,30.18,30.2,50000000.0,50000000.0,0,0,0,0,0,0,41,2026-02-04 21:29:07.180488
ATB,59.43,59.42,59.44,50000000.0,50000000.0,0,0,0,0,0,0,41,2026-02-04 21:29:07.180488
SPK,52.95,52.94,52.96,50000000.0,50000000.0,0,0,0,0,0,0,41,2026-02-04 21:29:07.180488
EEC,47.65,47.64,47.66,50000000.0,50000000.0,0,0,0,0,0,0,41,2026-02-04 21:29:07.180488
TGX,43.79,43.78,43.8,50000000.0,50000000.0,0,0,0,0,0,0,42,2026-02-04 21:29:08.242826
PHR,48.02,48.01,48.03,50000000.0,50000000.0,0,0,0,0,0,0,42,2026-02-04 21:29:08.242826
BYL,42.23,42.22,42.24,50000000.0,50000000.0,0,0,0,0,0,0,42,2026-02-04 21:29:08.242826
CLD,76.1,76.09,76.11,50000000.0,50000000.0,0,0,0,0,0,0,42,2026-02-04 21:29:08.242826
GGD,31.36,31.35,31.37,50000000.0,50000000.0,0,0,0,0,0,0,42,2026-02-04 21:29:08.242826
PNR,59.72,59.71,59.73,50000000.0,50000000.0,0,0,0,0,0,0,42,2026-02-04 21:29:08.242826
FSR,30.13,30.12,30.14,50000000.0,50000000.0,0,0,0,0,0,0,42,2026-02-04 21:29:08.242826
ATB,59.44,59.43,59.45,50000000.0,50000000.0,0,0,0,0,0,0,42,2026-02-04 21:29:08.242826
SPK,52.85,52.84,52.86,50000000.0,50000000.0,0,0,0,0,0,0,42,2026-02-04 21:29:08.242826
EEC,47.39,47.38,47.4,50000000.0,50000000.0,0,0,0,0,0,0,42,2026-02-04 21:29:08.242826
TGX,43.77,43.76,43.78,50000000.0,50000000.0,0,0,0,0,0,0,43,2026-02-04 21:29:09.298086
PHR,47.74,47.73,47.75,50000000.0,50000000.0,0,0,0,0,0,0,43,2026-02-04 21:29:09.298086
BYL,42.35,42.34,42.36,50000000.0,50000000.0,0,0,0,0,0,0,43,2026-02-04 21:29:09.298086
CLD,76.45,76.44,76.46,50000000.0,50000000.0,0,0,0,0,0,0,43,2026-02-04 21:29:09.298086
GGD,31.37,31.36,31.38,50000000.0,50000000.0,0,0,0,0,0,0,43,2026-02-04 21:29:09.298086
PNR,59.2,59.19,59.21,50000000.0,50000000.0,0,0,0,0,0,0,43,2026-02-04 21:29:09.298086
FSR,30.19,30.18,30.2,50000000.0,50000000.0,0,0,0,0,0,0,43,2026-02-04 21:29:09.298086
ATB,59.31,59.3,59.32,50000000.0,50000000.0,0,0,0,0,0,0,43,2026-02-04 21:29:09.298086
SPK,52.79,52.78,52.8,50000000.0,50000000.0,0,0,0,0,0,0,43,2026-02-04 21:29:09.298086
EEC,47.42,47.41,47.43,50000000.0,50000000.0,0,0,0,0,0,0,43,2026-02-04 21:29:09.298086
TGX,43.75,43.74,43.76,50000000.0,50000000.0,0,0,0,0,0,0,44,2026-02-04 21:29:10.348687
PHR,47.83,47.82,47.84,50000000.0,50000000.0,0,0,0,0,0,0,44,2026-02-04 21:29:10.348687
BYL,42.31,42.3,42.32,50000000.0,50000000.0,0,0,0,0,0,0,44,2026-02-04 21:29:10.348687
CLD,76.41,76.4,76.42,50000000.0,50000000.0,0,0,0,0,0,0,44,2026-02-04 21:29:10.348687
GGD,31.44,31.43,31.45,50000000.0,50000000.0,0,0,0,0,0,0,44,2026-02-04 21:29:10.348687
PNR,59.44,59.43,59.45,50000000.0,50000000.0,0,0,0,0,0,0,44,2026-02-04 21:29:10.348687
FSR,30.13,30.12,30.14,50000000.0,50000000.0,0,0,0,0,0,0,44,2026-02-04 21:29:10.348687
ATB,59.33,59.32,59.34,50000000.0,50000000.0,0,0,0,0,0,0,44,2026-02-04 21:29:10.348687
SPK,53.01,53.0,53.02,50000000.0,50000000.0,0,0,0,0,0,0,44,2026-02-04 21:29:10.348687
EEC,47.74,47.73,47.75,50000000.0,50000000.0,0,0,0,0,0,0,44,2026-02-04 21:29:10.348687
TGX,43.79,43.78,43.8,50000000.0,50000000.0,0,0,0,0,0,0,45,2026-02-04 21:29:10.902161
PHR,47.62,47.61,47.63,50000000.0,50000000.0,0,0,0,0,0,0,45,2026-02-04 21:29:10.902161
BYL,42.34,42.33,42.35,50000000.0,50000000.0,0,0,0,0,0,0,45,2026-02-04 21:29:10.902161
CLD,76.6,76.59,76.61,50000000.0,50000000.0,0,0,0,0,0,0,45,2026-02-04 21:29:10.902161
GGD,31.42,31.41,31.43,50000000.0,50000000.0,0,0,0,0,0,0,45,2026-02-04 21:29:10.902161
PNR,59.41,59.4,59.42,50000000.0,50000000.0,0,0,0,0,0,0,45,2026-02-04 21:29:10.902161
FSR,30.16,30.15,30.17,50000000.0,50000000.0,0,0,0,0,0,0,45,2026-02-04 21:29:10.902161
ATB,59.33,59.32,59.34,50000000.0,50000000.0,0,0,0,0,0,0,45,2026-02-04 21:29:10.902161
SPK,53.02,53.01,53.03,50000000.0,50000000.0,0,0,0,0,0,0,45,2026-02-04 21:29:10.902161
EEC,47.83,47.82,47.84,50000000.0,50000000.0,0,0,0,0,0,0,45,2026-02-04 21:29:10.902161
TGX,43.75,43.74,43.76,50000000.0,50000000.0,0,0,0,0,0,0,46,2026-02-04 21:29:12.006457
PHR,47.71,47.7,47.72,50000000.0,50000000.0,0,0,0,0,0,0,46,2026-02-04 21:29:12.006457
BYL,42.36,42.35,42.37,50000000.0,50000000.0,0,0,0,0,0,0,46,2026-02-04 21:29:12.006457
CLD,76.57,76.56,76.58,50000000.0,50000000.0,0,0,0,0,0,0,46,2026-02-04 21:29:12.006457
GGD,31.36,31.35,31.37,50000000.0,50000000.0,0,0,0,0,0,0,46,2026-02-04 21:29:12.006457
PNR,59.51,59.5,59.52,50000000.0,50000000.0,0,0,0,0,0,0,46,2026-02-04 21:29:12.006457
FSR,30.09,30.08,30.1,50000000.0,50000000.0,0,0,0,0,0,0,46,2026-02-04 21:29:12.006457
ATB,59.23,59.22,59.24,50000000.0,50000000.0,0,0,0,0,0,0,46,2026-02-04 21:29:12.006457
SPK,53.06,53.05,53.07,50000000.0,50000000.0,0,0,0,0,0,0,46,2026-02-04 21:29:12.006457
EEC,47.88,47.87,47.89,50000000.0,50000000.0,0,0,0,0,0,0,46,2026-02-04 21:29:12.006457
TGX,43.72,43.71,43.73,50000000.0,50000000.0,0,0,0,0,0,0,47,2026-02-04 21:29:13.163841
PHR,47.33,47.32,47.34,50000000.0,50000000.0,0,0,0,0,0,0,47,2026-02-04 21:29:13.163841
BYL,42.37,42.36,42.38,50000000.0,50000000.0,0,0,0,0,0,0,47,2026-02-04 21:29:13.163841
CLD,76.65,76.64,76.66,50000000.0,50000000.0,0,0,0,0,0,0,47,2026-02-04 21:29:13.163841
GGD,31.35,31.34,31.36,50000000.0,50000000.0,0,0,0,0,0,0,47,2026-02-04 21:29:13.163841
PNR,59.86,59.85,59.87,50000000.0,50000000.0,0,0,0,0,0,0,47,2026-02-04 21:29:13.163841
FSR,30.13,30.12,30.14,50000000.0,50000000.0,0,0,0,0,0,0,47,2026-02-04 21:29:13.163841
ATB,59.08,59.07,59.09,50000000.0,50000000.0,0,0,0,0,0,0,47,2026-02-04 21:29:13.163841
SPK,52.87,52.86,52.88,50000000.0,50000000.0,0,0,0,0,0,0,47,2026-02-04 21:29:13.163841
EEC,47.61,47.6,47.62,50000000.0,50000000.0,0,0,0,0,0,0,47,2026-02-04 21:29:13.163841
TGX,43.74,43.73,43.75,50000000.0,50000000.0,0,0,0,0,0,0,48,2026-02-04 21:29:14.297402
PHR,47.6,47.59,47.61,50000000.0,50000000.0,0,0,0,0,0,0,48,2026-02-04 21:29:14.297402
BYL,42.45,42.44,42.46,50000000.0,50000000.0,0,0,0,0,0,0,48,2026-02-04 21:29:14.297402
CLD,76.85,76.84,76.86,50000000.0,50000000.0,0,0,0,0,0,0,48,2026-02-04 21:29:14.297402
GGD,33.45,33.44,33.46,50000000.0,50000000.0,0,0,0,0,0,0,48,2026-02-04 21:29:14.297402
PNR,60.0,59.99,60.01,50000000.0,50000000.0,0,0,0,0,0,0,48,2026-02-04 21:29:14.297402
FSR,30.16,30.15,30.17,50000000.0,50000000.0,0,0,0,0,0,0,48,2026-02-04 21:29:14.297402
ATB,59.19,59.18,59.2,50000000.0,50000000.0,0,0,0,0,0,0,48,2026-02-04 21:29:14.297402
SPK,53.03,53.02,53.04,50000000.0,50000000.0,0,0,0,0,0,0,48,2026-02-04 21:29:14.297402
EEC,47.83,47.82,47.84,50000000.0,50000000.0,0,0,0,0,0,0,48,2026-02-04 21:29:14.297402
TGX,43.75,43.74,43.76,50000000.0,50000000.0,0,0,0,0,0,0,49,2026-02-04 21:29:14.960183
PHR,47.73,47.72,47.74,50000000.0,50000000.0,0,0,0,0,0,0,49,2026-02-04 21:29:14.960183
BYL,42.51,42.5,42.52,50000000.0,50000000.0,0,0,0,0,0,0,49,2026-02-04 21:29:14.960183
CLD,77.08,77.07,77.09,50000000.0,50000000.0,0,0,0,0,0,0,49,2026-02-04 21:29:14.960183
GGD,33.41,33.4,33.42,50000000.0,50000000.0,0,0,0,0,0,0,49,2026-02-04 21:29:14.960183
PNR,60.01,60.0,60.02,50000000.0,50000000.0,0,0,0,0,0,0,49,2026-02-04 21:29:14.960183
FSR,29.53,29.52,29.54,50000000.0,50000000.0,0,0,0,0,0,0,49,2026-02-04 21:29:14.960183
ATB,59.42,59.41,59.43,50000000.0,50000000.0,0,0,0,0,0,0,49,2026-02-04 21:29:14.960183
SPK,53.06,53.05,53.07,50000000.0,50000000.0,0,0,0,0,0,0,49,2026-02-04 21:29:14.960183
EEC,47.76,47.75,47.77,50000000.0,50000000.0,0,0,0,0,0,0,49,2026-02-04 21:29:14.960183
TGX,43.73,43.72,43.74,50000000.0,50000000.0,0,0,0,0,0,0,50,2026-02-04 21:29:16.211613
PHR,47.43,47.42,47.44,50000000.0,50000000.0,0,0,0,0,0,0,50,2026-02-04 21:29:16.211613
BYL,43.54,43.53,43.55,50000000.0,50000000.0,0,0,0,0,0,0,50,2026-02-04 21:29:16.211613
CLD,77.04,77.03,77.05,50000000.0,50000000.0,0,0,0,0,0,0,50,2026-02-04 21:29:16.211613
GGD,32.88,32.87,32.89,50000000.0,50000000.0,0,0,0,0,0,0,50,2026-02-04 21:29:16.211613
PNR,60.44,60.43,60.45,50000000.0,50000000.0,0,0,0,0,0,0,50,2026-02-04 21:29:16.211613
FSR,28.96,28.95,28.97,50000000.0,50000000.0,0,0,0,0,0,0,50,2026-02-04 21:29:16.211613
ATB,59.51,59.5,59.52,50000000.0,50000000.0,0,0,0,0,0,0,50,2026-02-04 21:29:16.211613
SPK,53.17,53.16,53.18,50000000.0,50000000.0,0,0,0,0,0,0,50,2026-02-04 21:29:16.211613
EEC,47.84,47.83,47.85,50000000.0,50000000.0,0,0,0,0,0,0,50,2026-02-04 21:29:16.211613
TGX,43.71,43.7,43.72,50000000.0,50000000.0,0,0,0,0,0,0,51,2026-02-04 21:29:17.259866
PHR,47.08,47.07,47.09,50000000.0,50000000.0,0,0,0,0,0,0,51,2026-02-04 21:29:17.259866
BYL,44.82,44.81,44.83,50000000.0,50000000.0,0,0,0,0,0,0,51,2026-02-04 21:29:17.259866
CLD,77.45,77.44,77.46,50000000.0,50000000.0,0,0,0,0,0,0,51,2026-02-04 21:29:17.259866
GGD,32.34,32.33,32.35,50000000.0,50000000.0,0,0,0,0,0,0,51,2026-02-04 21:29:17.259866
PNR,60.69,60.68,60.7,50000000.0,50000000.0,0,0,0,0,0,0,51,2026-02-04 21:29:17.259866
FSR,28.89,28.88,28.9,50000000.0,50000000.0,0,0,0,0,0,0,51,2026-02-04 21:29:17.259866
ATB,59.16,59.15,59.17,50000000.0,50000000.0,0,0,0,0,0,0,51,2026-02-04 21:29:17.259866
SPK,53.13,53.12,53.14,50000000.0,50000000.0,0,0,0,0,0,0,51,2026-02-04 21:29:17.259866
EEC,47.76,47.75,47.77,50000000.0,50000000.0,0,0,0,0,0,0,51,2026-02-04 21:29:17.259866
TGX,43.69,43.68,43.7,50000000.0,50000000.0,0,0,0,0,0,0,52,2026-02-04 21:29:18.310455
PHR,47.08,47.07,47.09,50000000.0,50000000.0,0,0,0,0,0,0,52,2026-02-04 21:29:18.310455
BYL,44.75,44.74,44.76,50000000.0,50000000.0,0,0,0,0,0,0,52,2026-02-04 21:29:18.310455
CLD,77.24,77.23,77.25,50000000.0,50000000.0,0,0,0,0,0,0,52,2026-02-04 21:29:18.310455
GGD,32.37,32.36,32.38,50000000.0,50000000.0,0,0,0,0,0,0,52,2026-02-04 21:29:18.310455
PNR,60.4,60.39,60.41,50000000.0,50000000.0,0,0,0,0,0,0,52,2026-02-04 21:29:18.310455
FSR,28.83,28.82,28.84,50000000.0,50000000.0,0,0,0,0,0,0,52,2026-02-04 21:29:18.310455
ATB,59.03,59.02,59.04,50000000.0,50000000.0,0,0,0,0,0,0,52,2026-02-04 21:29:18.310455
SPK,53.26,53.25,53.27,50000000.0,50000000.0,0,0,0,0,0,0,52,2026-02-04 21:29:18.310455
EEC,47.94,47.93,47.95,50000000.0,50000000.0,0,0,0,0,0,0,52,2026-02-04 21:29:18.310455
TGX,43.7,43.69,43.71,50000000.0,50000000.0,0,0,0,0,0,0,53,2026-02-04 21:29:19.358254
PHR,47.11,47.1,47.12,50000000.0,50000000.0,0,0,0,0,0,0,53,2026-02-04 21:29:19.358254
BYL,44.24,44.23,44.25,50000000.0,50000000.0,0,0,0,0,0,0,53,2026-02-04 21:29:19.358254
CLD,77.5,77.49,77.51,50000000.0,50000000.0,0,0,0,0,0,0,53,2026-02-04 21:29:19.358254
GGD,32.46,32.45,32.47,50000000.0,50000000.0,0,0,0,0,0,0,53,2026-02-04 21:29:19.358254
PNR,60.35,60.34,60.36,50000000.0,50000000.0,0,0,0,0,0,0,53,2026-02-04 21:29:19.358254
FSR,28.82,28.81,28.83,50000000.0,50000000.0,0,0,0,0,0,0,53,2026-02-04 21:29:19.358254
ATB,59.04,59.03,59.05,50000000.0,50000000.0,0,0,0,0,0,0,53,2026-02-04 21:29:19.358254
SPK,53.35,53.34,53.36,50000000.0,50000000.0,0,0,0,0,0,0,53,2026-02-04 21:29:19.358254
EEC,48.15,48.14,48.16,50000000.0,50000000.0,0,0,0,0,0,0,53,2026-02-04 21:29:19.358254
TGX,43.07,43.06,43.08,50000000.0,50000000.0,0,0,0,0,0,0,54,2026-02-04 21:29:19.911225
PHR,46.98,46.97,46.99,50000000.0,50000000.0,0,0,0,0,0,0,54,2026-02-04 21:29:19.911225
BYL,42.53,42.52,42.54,50000000.0,50000000.0,0,0,0,0,0,0,54,2026-02-04 21:29:19.911225
CLD,77.52,77.51,77.53,50000000.0,50000000.0,0,0,0,0,0,0,54,2026-02-04 21:29:19.911225
GGD,31.87,31.86,31.88,50000000.0,50000000.0,0,0,0,0,0,0,54,2026-02-04 21:29:19.911225
PNR,60.5,60.49,60.51,50000000.0,50000000.0,0,0,0,0,0,0,54,2026-02-04 21:29:19.911225
FSR,28.76,28.75,28.77,50000000.0,50000000.0,0,0,0,0,0,0,54,2026-02-04 21:29:19.911225
ATB,59.05,59.04,59.06,50000000.0,50000000.0,0,0,0,0,0,0,54,2026-02-04 21:29:19.911225
SPK,53.25,53.24,53.26,50000000.0,50000000.0,0,0,0,0,0,0,54,2026-02-04 21:29:19.911225
EEC,47.95,47.94,47.96,50000000.0,50000000.0,0,0,0,0,0,0,54,2026-02-04 21:29:19.911225
TGX,43.12,43.11,43.13,50000000.0,50000000.0,0,0,0,0,0,0,55,2026-02-04 21:29:20.999589
PHR,46.79,46.78,46.8,50000000.0,50000000.0,0,0,0,0,0,0,55,2026-02-04 21:29:20.999589
BYL,42.67,42.66,42.68,50000000.0,50000000.0,0,0,0,0,0,0,55,2026-02-04 21:29:20.999589
CLD,77.8,77.79,77.81,50000000.0,50000000.0,0,0,0,0,0,0,55,2026-02-04 21:29:20.999589
GGD,31.78,31.77,31.79,50000000.0,50000000.0,0,0,0,0,0,0,55,2026-02-04 21:29:20.999589
PNR,60.36,60.35,60.37,50000000.0,50000000.0,0,0,0,0,0,0,55,2026-02-04 21:29:20.999589
FSR,28.73,28.72,28.74,50000000.0,50000000.0,0,0,0,0,0,0,55,2026-02-04 21:29:20.999589
ATB,58.89,58.88,58.9,50000000.0,50000000.0,0,0,0,0,0,0,55,2026-02-04 21:29:20.999589
SPK,53.27,53.26,53.28,50000000.0,50000000.0,0,0,0,0,0,0,55,2026-02-04 21:29:20.999589
EEC,47.92,47.91,47.93,50000000.0,50000000.0,0,0,0,0,0,0,55,2026-02-04 21:29:20.999589
TGX,43.11,43.1,43.12,50000000.0,50000000.0,0,0,0,0,0,0,56,2026-02-04 21:29:22.158113
PHR,47.14,47.13,47.15,50000000.0,50000000.0,0,0,0,0,0,0,56,2026-02-04 21:29:22.158113
BYL,42.83,42.82,42.84,50000000.0,50000000.0,0,0,0,0,0,0,56,2026-02-04 21:29:22.158113
CLD,78.09,78.08,78.1,50000000.0,50000000.0,0,0,0,0,0,0,56,2026-02-04 21:29:22.158113
GGD,31.8,31.79,31.81,50000000.0,50000000.0,0,0,0,0,0,0,56,2026-02-04 21:29:22.158113
PNR,59.75,59.74,59.76,50000000.0,50000000.0,0,0,0,0,0,0,56,2026-02-04 21:29:22.158113
FSR,28.72,28.71,28.73,50000000.0,50000000.0,0,0,0,0,0,0,56,2026-02-04 21:29:22.158113
ATB,59.1,59.09,59.11,50000000.0,50000000.0,0,0,0,0,0,0,56,2026-02-04 21:29:22.158113
SPK,53.4,53.39,53.41,50000000.0,50000000.0,0,0,0,0,0,0,56,2026-02-04 21:29:22.158113
EEC,48.17,48.16,48.18,50000000.0,50000000.0,0,0,0,0,0,0,56,2026-02-04 21:29:22.158113
TGX,43.18,43.17,43.19,50000000.0,50000000.0,0,0,0,0,0,0,57,2026-02-04 21:29:23.222821
PHR,47.5,47.49,47.51,50000000.0,50000000.0,0,0,0,0,0,0,57,2026-02-04 21:29:23.222821
BYL,42.96,42.95,42.97,50000000.0,50000000.0,0,0,0,0,0,0,57,2026-02-04 21:29:23.222821
CLD,78.58,78.57,78.59,50000000.0,50000000.0,0,0,0,0,0,0,57,2026-02-04 21:29:23.222821
GGD,31.72,31.71,31.73,50000000.0,50000000.0,0,0,0,0,0,0,57,2026-02-04 21:29:23.222821
PNR,59.53,59.52,59.54,50000000.0,50000000.0,0,0,0,0,0,0,57,2026-02-04 21:29:23.222821
FSR,28.67,28.66,28.68,50000000.0,50000000.0,0,0,0,0,0,0,57,2026-02-04 21:29:23.222821
ATB,59.43,59.42,59.44,50000000.0,50000000.0,0,0,0,0,0,0,57,2026-02-04 21:29:23.222821
SPK,53.4,53.39,53.41,50000000.0,50000000.0,0,0,0,0,0,0,57,2026-02-04 21:29:23.222821
EEC,48.12,48.11,48.13,50000000.0,50000000.0,0,0,0,0,0,0,57,2026-02-04 21:29:23.222821
TGX,43.13,43.12,43.14,50000000.0,50000000.0,0,0,0,0,0,0,58,2026-02-04 21:29:24.279741
PHR,47.52,47.51,47.53,50000000.0,50000000.0,0,0,0,0,0,0,58,2026-02-04 21:29:24.279741
BYL,42.73,42.72,42.74,50000000.0,50000000.0,0,0,0,0,0,0,58,2026-02-04 21:29:24.279741
CLD,78.09,78.08,78.1,50000000.0,50000000.0,0,0,0,0,0,0,58,2026-02-04 21:29:24.279741
GGD,31.77,31.76,31.78,50000000.0,50000000.0,0,0,0,0,0,0,58,2026-02-04 21:29:24.279741
PNR,59.95,59.94,59.96,50000000.0,50000000.0,0,0,0,0,0,0,58,2026-02-04 21:29:24.279741
FSR,28.72,28.71,28.73,50000000.0,50000000.0,0,0,0,0,0,0,58,2026-02-04 21:29:24.279741
ATB,59.52,59.51,59.53,50000000.0,50000000.0,0,0,0,0,0,0,58,2026-02-04 21:29:24.279741
SPK,53.41,53.4,53.42,50000000.0,50000000.0,0,0,0,0,0,0,58,2026-02-04 21:29:24.279741
EEC,48.16,48.15,48.17,50000000.0,50000000.0,0,0,0,0,0,0,58,2026-02-04 21:29:24.279741
TGX,43.12,43.11,43.13,50000000.0,50000000.0,0,0,0,0,0,0,59,2026-02-04 21:29:25.362360
PHR,47.53,47.52,47.54,50000000.0,50000000.0,0,0,0,0,0,0,59,2026-02-04 21:29:25.362360
BYL,42.73,42.72,42.74,50000000.0,50000000.0,0,0,0,0,0,0,59,2026-02-04 21:29:25.362360
CLD,78.08,78.07,78.09,50000000.0,50000000.0,0,0,0,0,0,0,59,2026-02-04 21:29:25.362360
GGD,31.74,31.73,31.75,50000000.0,50000000.0,0,0,0,0,0,0,59,2026-02-04 21:29:25.362360
PNR,60.11,60.1,60.12,50000000.0,50000000.0,0,0,0,0,0,0,59,2026-02-04 21:29:25.362360
FSR,28.73,28.72,28.74,50000000.0,50000000.0,0,0,0,0,0,0,59,2026-02-04 21:29:25.362360
ATB,59.42,59.41,59.43,50000000.0,50000000.0,0,0,0,0,0,0,59,2026-02-04 21:29:25.362360
SPK,53.41,53.4,53.42,50000000.0,50000000.0,0,0,0,0,0,0,59,2026-02-04 21:29:25.362360
EEC,48.11,48.1,48.12,50000000.0,50000000.0,0,0,0,0,0,0,59,2026-02-04 21:29:25.362360
TGX,43.11,43.1,43.12,50000000.0,50000000.0,0,0,0,0,0,0,60,2026-02-04 21:29:25.942183
PHR,48.18,48.17,48.19,50000000.0,50000000.0,0,0,0,0,0,0,60,2026-02-04 21:29:25.942183
BYL,42.48,42.47,42.49,50000000.0,50000000.0,0,0,0,0,0,0,60,2026-02-04 21:29:25.942183
CLD,77.48,77.47,77.49,50000000.0,50000000.0,0,0,0,0,0,0,60,2026-02-04 21:29:25.942183
GGD,31.87,31.86,31.88,50000000.0,50000000.0,0,0,0,0,0,0,60,2026-02-04 21:29:25.942183
PNR,60.78,60.77,60.79,50000000.0,50000000.0,0,0,0,0,0,0,60,2026-02-04 21:29:25.942183
FSR,28.65,28.64,28.66,50000000.0,50000000.0,0,0,0,0,0,0,60,2026-02-04 21:29:25.942183
ATB,59.09,59.08,59.1,50000000.0,50000000.0,0,0,0,0,0,0,60,2026-02-04 21:29:25.942183
SPK,53.37,53.36,53.38,50000000.0,50000000.0,0,0,0,0,0,0,60,2026-02-04 21:29:25.942183
EEC,48.09,48.08,48.1,50000000.0,50000000.0,0,0,0,0,0,0,60,2026-02-04 21:29:25.942183
TGX,43.14,43.13,43.15,50000000.0,50000000.0,0,0,0,0,0,0,61,2026-02-04 21:29:26.998579
PHR,48.23,48.22,48.24,50000000.0,50000000.0,0,0,0,0,0,0,61,2026-02-04 21:29:26.998579
BYL,42.29,42.28,42.3,50000000.0,50000000.0,0,0,0,0,0,0,61,2026-02-04 21:29:26.998579
CLD,77.07,77.06,77.08,50000000.0,50000000.0,0,0,0,0,0,0,61,2026-02-04 21:29:26.998579
GGD,31.79,31.78,31.8,50000000.0,50000000.0,0,0,0,0,0,0,61,2026-02-04 21:29:26.998579
PNR,60.21,60.2,60.22,50000000.0,50000000.0,0,0,0,0,0,0,61,2026-02-04 21:29:26.998579
FSR,28.7,28.69,28.71,50000000.0,50000000.0,0,0,0,0,0,0,61,2026-02-04 21:29:26.998579
ATB,58.99,58.98,59.0,50000000.0,50000000.0,0,0,0,0,0,0,61,2026-02-04 21:29:26.998579
SPK,53.41,53.4,53.42,50000000.0,50000000.0,0,0,0,0,0,0,61,2026-02-04 21:29:26.998579
EEC,48.18,48.17,48.19,50000000.0,50000000.0,0,0,0,0,0,0,61,2026-02-04 21:29:26.998579
TGX,43.13,43.12,43.14,50000000.0,50000000.0,0,0,0,0,0,0,62,2026-02-04 21:29:28.117944
PHR,48.0,47.99,48.01,50000000.0,50000000.0,0,0,0,0,0,0,62,2026-02-04 21:29:28.117944
BYL,42.46,42.45,42.47,50000000.0,50000000.0,0,0,0,0,0,0,62,2026-02-04 21:29:28.117944
CLD,77.41,77.4,77.42,50000000.0,50000000.0,0,0,0,0,0,0,62,2026-02-04 21:29:28.117944
GGD,31.82,31.81,31.83,50000000.0,50000000.0,0,0,0,0,0,0,62,2026-02-04 21:29:28.117944
PNR,60.06,60.05,60.07,50000000.0,50000000.0,0,0,0,0,0,0,62,2026-02-04 21:29:28.117944
FSR,28.7,28.69,28.71,50000000.0,50000000.0,0,0,0,0,0,0,62,2026-02-04 21:29:28.117944
ATB,58.93,58.92,58.94,50000000.0,50000000.0,0,0,0,0,0,0,62,2026-02-04 21:29:28.117944
SPK,53.32,53.31,53.33,50000000.0,50000000.0,0,0,0,0,0,0,62,2026-02-04 21:29:28.117944
EEC,48.07,48.06,48.08,50000000.0,50000000.0,0,0,0,0,0,0,62,2026-02-04 21:29:28.117944
TGX,43.17,43.16,43.18,50000000.0,50000000.0,0,0,0,0,0,0,63,2026-02-04 21:29:29.223080
PHR,47.67,47.66,47.68,50000000.0,50000000.0,0,0,0,0,0,0,63,2026-02-04 21:29:29.223080
BYL,42.59,42.58,42.6,50000000.0,50000000.0,0,0,0,0,0,0,63,2026-02-04 21:29:29.223080
CLD,77.68,77.67,77.69,50000000.0,50000000.0,0,0,0,0,0,0,63,2026-02-04 21:29:29.223080
GGD,31.71,31.7,31.72,50000000.0,50000000.0,0,0,0,0,0,0,63,2026-02-04 21:29:29.223080
PNR,60.03,60.02,60.04,50000000.0,50000000.0,0,0,0,0,0,0,63,2026-02-04 21:29:29.223080
FSR,28.77,28.76,28.78,50000000.0,50000000.0,0,0,0,0,0,0,63,2026-02-04 21:29:29.223080
ATB,58.61,58.6,58.62,50000000.0,50000000.0,0,0,0,0,0,0,63,2026-02-04 21:29:29.223080
SPK,53.08,53.07,53.09,50000000.0,50000000.0,0,0,0,0,0,0,63,2026-02-04 21:29:29.223080
EEC,47.65,47.64,47.66,50000000.0,50000000.0,0,0,0,0,0,0,63,2026-02-04 21:29:29.223080
TGX,43.2,43.19,43.21,50000000.0,50000000.0,0,0,0,0,0,0,64,2026-02-04 21:29:30.276195
PHR,47.87,47.86,47.88,50000000.0,50000000.0,0,0,0,0,0,0,64,2026-02-04 21:29:30.276195
BYL,42.82,42.81,42.83,50000000.0,50000000.0,0,0,0,0,0,0,64,2026-02-04 21:29:30.276195
CLD,78.18,78.17,78.19,50000000.0,50000000.0,0,0,0,0,0,0,64,2026-02-04 21:29:30.276195
GGD,31.67,31.66,31.68,50000000.0,50000000.0,0,0,0,0,0,0,64,2026-02-04 21:29:30.276195
PNR,59.77,59.76,59.78,50000000.0,50000000.0,0,0,0,0,0,0,64,2026-02-04 21:29:30.276195
FSR,28.71,28.7,28.72,50000000.0,50000000.0,0,0,0,0,0,0,64,2026-02-04 21:29:30.276195
ATB,58.79,58.78,58.8,50000000.0,50000000.0,0,0,0,0,0,0,64,2026-02-04 21:29:30.276195
SPK,53.23,53.22,53.24,50000000.0,50000000.0,0,0,0,0,0,0,64,2026-02-04 21:29:30.276195
EEC,47.94,47.93,47.95,50000000.0,50000000.0,0,0,0,0,0,0,64,2026-02-04 21:29:30.276195
TGX,43.17,43.16,43.18,50000000.0,50000000.0,0,0,0,0,0,0,65,2026-02-04 21:29:31.323536
PHR,47.8,47.79,47.81,50000000.0,50000000.0,0,0,0,0,0,0,65,2026-02-04 21:29:31.323536
BYL,42.96,42.95,42.97,50000000.0,50000000.0,0,0,0,0,0,0,65,2026-02-04 21:29:31.323536
CLD,78.58,78.57,78.59,50000000.0,50000000.0,0,0,0,0,0,0,65,2026-02-04 21:29:31.323536
GGD,31.65,31.64,31.66,50000000.0,50000000.0,0,0,0,0,0,0,65,2026-02-04 21:29:31.323536
PNR,59.41,59.4,59.42,50000000.0,50000000.0,0,0,0,0,0,0,65,2026-02-04 21:29:31.323536
FSR,28.65,28.64,28.66,50000000.0,50000000.0,0,0,0,0,0,0,65,2026-02-04 21:29:31.323536
ATB,58.95,58.94,58.96,50000000.0,50000000.0,0,0,0,0,0,0,65,2026-02-04 21:29:31.323536
SPK,53.44,53.43,53.45,50000000.0,50000000.0,0,0,0,0,0,0,65,2026-02-04 21:29:31.323536
EEC,48.41,48.4,48.42,50000000.0,50000000.0,0,0,0,0,0,0,65,2026-02-04 21:29:31.323536
TGX,43.14,43.13,43.15,50000000.0,50000000.0,0,0,0,0,0,0,66,2026-02-04 21:29:32.377604
PHR,47.95,47.94,47.96,50000000.0,50000000.0,0,0,0,0,0,0,66,2026-02-04 21:29:32.377604
BYL,42.8,42.79,42.81,50000000.0,50000000.0,0,0,0,0,0,0,66,2026-02-04 21:29:32.377604
CLD,78.14,78.13,78.15,50000000.0,50000000.0,0,0,0,0,0,0,66,2026-02-04 21:29:32.377604
GGD,31.66,31.65,31.67,50000000.0,50000000.0,0,0,0,0,0,0,66,2026-02-04 21:29:32.377604
PNR,59.15,59.14,59.16,50000000.0,50000000.0,0,0,0,0,0,0,66,2026-02-04 21:29:32.377604
FSR,28.64,28.63,28.65,50000000.0,50000000.0,0,0,0,0,0,0,66,2026-02-04 21:29:32.377604
ATB,58.88,58.87,58.89,50000000.0,50000000.0,0,0,0,0,0,0,66,2026-02-04 21:29:32.377604
SPK,53.41,53.4,53.42,50000000.0,50000000.0,0,0,0,0,0,0,66,2026-02-04 21:29:32.377604
EEC,48.34,48.33,48.35,50000000.0,50000000.0,0,0,0,0,0,0,66,2026-02-04 21:29:32.377604
TGX,43.16,43.15,43.17,50000000.0,50000000.0,0,0,0,0,0,0,67,2026-02-04 21:29:33.435761
PHR,47.67,47.66,47.68,50000000.0,50000000.0,0,0,0,0,0,0,67,2026-02-04 21:29:33.435761
BYL,42.81,42.8,42.82,50000000.0,50000000.0,0,0,0,0,0,0,67,2026-02-04 21:29:33.435761
CLD,78.09,78.08,78.1,50000000.0,50000000.0,0,0,0,0,0,0,67,2026-02-04 21:29:33.435761
GGD,31.7,31.69,31.71,50000000.0,50000000.0,0,0,0,0,0,0,67,2026-02-04 21:29:33.435761
PNR,59.55,59.54,59.56,50000000.0,50000000.0,0,0,0,0,0,0,67,2026-02-04 21:29:33.435761
FSR,28.63,28.62,28.64,50000000.0,50000000.0,0,0,0,0,0,0,67,2026-02-04 21:29:33.435761
ATB,59.18,59.17,59.19,50000000.0,50000000.0,0,0,0,0,0,0,67,2026-02-04 21:29:33.435761
SPK,53.29,53.28,53.3,50000000.0,50000000.0,0,0,0,0,0,0,67,2026-02-04 21:29:33.435761
EEC,48.16,48.15,48.17,50000000.0,50000000.0,0,0,0,0,0,0,67,2026-02-04 21:29:33.435761
TGX,43.17,43.16,43.18,50000000.0,50000000.0,0,0,0,0,0,0,68,2026-02-04 21:29:33.993518
PHR,47.79,47.78,47.8,50000000.0,50000000.0,0,0,0,0,0,0,68,2026-02-04 21:29:33.993518
BYL,42.51,42.5,42.52,50000000.0,50000000.0,0,0,0,0,0,0,68,2026-02-04 21:29:33.993518
CLD,77.39,77.38,77.4,50000000.0,50000000.0,0,0,0,0,0,0,68,2026-02-04 21:29:33.993518
GGD,31.69,31.68,31.7,50000000.0,50000000.0,0,0,0,0,0,0,68,2026-02-04 21:29:33.993518
PNR,59.58,59.57,59.59,50000000.0,50000000.0,0,0,0,0,0,0,68,2026-02-04 21:29:33.993518
FSR,28.61,28.6,28.62,50000000.0,50000000.0,0,0,0,0,0,0,68,2026-02-04 21:29:33.993518
ATB,59.31,59.3,59.32,50000000.0,50000000.0,0,0,0,0,0,0,68,2026-02-04 21:29:33.993518
SPK,53.17,53.16,53.18,50000000.0,50000000.0,0,0,0,0,0,0,68,2026-02-04 21:29:33.993518
EEC,48.1,48.09,48.11,50000000.0,50000000.0,0,0,0,0,0,0,68,2026-02-04 21:29:33.993518
TGX,43.17,43.16,43.18,50000000.0,50000000.0,0,0,0,0,0,0,69,2026-02-04 21:29:35.184880
PHR,47.86,47.85,47.87,50000000.0,50000000.0,0,0,0,0,0,0,69,2026-02-04 21:29:35.184880
BYL,42.43,42.42,42.44,50000000.0,50000000.0,0,0,0,0,0,0,69,2026-02-04 21:29:35.184880
CLD,77.37,77.36,77.38,50000000.0,50000000.0,0,0,0,0,0,0,69,2026-02-04 21:29:35.184880
GGD,31.72,31.71,31.73,50000000.0,50000000.0,0,0,0,0,0,0,69,2026-02-04 21:29:35.184880
PNR,59.3,59.29,59.31,50000000.0,50000000.0,0,0,0,0,0,0,69,2026-02-04 21:29:35.184880
FSR,28.64,28.63,28.65,50000000.0,50000000.0,0,0,0,0,0,0,69,2026-02-04 21:29:35.184880
ATB,59.31,59.3,59.32,50000000.0,50000000.0,0,0,0,0,0,0,69,2026-02-04 21:29:35.184880
SPK,53.09,53.08,53.1,50000000.0,50000000.0,0,0,0,0,0,0,69,2026-02-04 21:29:35.184880
EEC,48.09,48.08,48.1,50000000.0,50000000.0,0,0,0,0,0,0,69,2026-02-04 21:29:35.184880
TGX,43.19,43.18,43.2,50000000.0,50000000.0,0,0,0,0,0,0,70,2026-02-04 21:29:36.277140
PHR,48.16,48.15,48.17,50000000.0,50000000.0,0,0,0,0,0,0,70,2026-02-04 21:29:36.277140
BYL,42.63,42.62,42.64,50000000.0,50000000.0,0,0,0,0,0,0,70,2026-02-04 21:29:36.277140
CLD,77.81,77.8,77.82,50000000.0,50000000.0,0,0,0,0,0,0,70,2026-02-04 21:29:36.277140
GGD,31.67,31.66,31.68,50000000.0,50000000.0,0,0,0,0,0,0,70,2026-02-04 21:29:36.277140
PNR,59.18,59.17,59.19,50000000.0,50000000.0,0,0,0,0,0,0,70,2026-02-04 21:29:36.277140
FSR,28.66,28.65,28.67,50000000.0,50000000.0,0,0,0,0,0,0,70,2026-02-04 21:29:36.277140
ATB,59.34,59.33,59.35,50000000.0,50000000.0,0,0,0,0,0,0,70,2026-02-04 21:29:36.277140
SPK,52.99,52.98,53.0,50000000.0,50000000.0,0,0,0,0,0,0,70,2026-02-04 21:29:36.277140
EEC,47.8,47.79,47.81,50000000.0,50000000.0,0,0,0,0,0,0,70,2026-02-04 21:29:36.277140
TGX,43.17,43.16,43.18,50000000.0,50000000.0,0,0,0,0,0,0,71,2026-02-04 21:29:37.338844
PHR,48.1,48.09,48.11,50000000.0,50000000.0,0,0,0,0,0,0,71,2026-02-04 21:29:37.338844
BYL,42.7,42.69,42.71,50000000.0,50000000.0,0,0,0,0,0,0,71,2026-02-04 21:29:37.338844
CLD,78.09,78.08,78.1,50000000.0,50000000.0,0,0,0,0,0,0,71,2026-02-04 21:29:37.338844
GGD,31.62,31.61,31.63,50000000.0,50000000.0,0,0,0,0,0,0,71,2026-02-04 21:29:37.338844
PNR,59.03,59.02,59.04,50000000.0,50000000.0,0,0,0,0,0,0,71,2026-02-04 21:29:37.338844
FSR,28.63,28.62,28.64,50000000.0,50000000.0,0,0,0,0,0,0,71,2026-02-04 21:29:37.338844
ATB,59.26,59.25,59.27,50000000.0,50000000.0,0,0,0,0,0,0,71,2026-02-04 21:29:37.338844
SPK,52.77,52.76,52.78,50000000.0,50000000.0,0,0,0,0,0,0,71,2026-02-04 21:29:37.338844
EEC,47.48,47.47,47.49,50000000.0,50000000.0,0,0,0,0,0,0,71,2026-02-04 21:29:37.338844
TGX,43.12,43.11,43.13,50000000.0,50000000.0,0,0,0,0,0,0,72,2026-02-04 21:29:38.396679
PHR,47.85,47.84,47.86,50000000.0,50000000.0,0,0,0,0,0,0,72,2026-02-04 21:29:38.396679
BYL,42.69,42.68,42.7,50000000.0,50000000.0,0,0,0,0,0,0,72,2026-02-04 21:29:38.396679
CLD,78.02,78.01,78.03,50000000.0,50000000.0,0,0,0,0,0,0,72,2026-02-04 21:29:38.396679
GGD,31.61,31.6,31.62,50000000.0,50000000.0,0,0,0,0,0,0,72,2026-02-04 21:29:38.396679
PNR,58.91,58.9,58.92,50000000.0,50000000.0,0,0,0,0,0,0,72,2026-02-04 21:29:38.396679
FSR,28.66,28.65,28.67,50000000.0,50000000.0,0,0,0,0,0,0,72,2026-02-04 21:29:38.396679
ATB,59.58,59.57,59.59,50000000.0,50000000.0,0,0,0,0,0,0,72,2026-02-04 21:29:38.396679
SPK,52.88,52.87,52.89,50000000.0,50000000.0,0,0,0,0,0,0,72,2026-02-04 21:29:38.396679
EEC,47.63,47.62,47.64,50000000.0,50000000.0,0,0,0,0,0,0,72,2026-02-04 21:29:38.396679
TGX,43.14,43.13,43.15,50000000.0,50000000.0,0,0,0,0,0,0,73,2026-02-04 21:29:39.454878
PHR,47.93,47.92,47.94,50000000.0,50000000.0,0,0,0,0,0,0,73,2026-02-04 21:29:39.454878
BYL,42.76,42.75,42.77,50000000.0,50000000.0,0,0,0,0,0,0,73,2026-02-04 21:29:39.454878
CLD,78.19,78.18,78.2,50000000.0,50000000.0,0,0,0,0,0,0,73,2026-02-04 21:29:39.454878
GGD,31.66,31.65,31.67,50000000.0,50000000.0,0,0,0,0,0,0,73,2026-02-04 21:29:39.454878
PNR,59.61,59.6,59.62,50000000.0,50000000.0,0,0,0,0,0,0,73,2026-02-04 21:29:39.454878
FSR,28.66,28.65,28.67,50000000.0,50000000.0,0,0,0,0,0,0,73,2026-02-04 21:29:39.454878
ATB,59.38,59.37,59.39,50000000.0,50000000.0,0,0,0,0,0,0,73,2026-02-04 21:29:39.454878
SPK,52.69,52.68,52.7,50000000.0,50000000.0,0,0,0,0,0,0,73,2026-02-04 21:29:39.454878
EEC,47.3,47.29,47.31,50000000.0,50000000.0,0,0,0,0,0,0,73,2026-02-04 21:29:39.454878
TGX,43.16,43.15,43.17,50000000.0,50000000.0,0,0,0,0,0,0,74,2026-02-04 21:29:40.510563
PHR,47.78,47.77,47.79,50000000.0,50000000.0,0,0,0,0,0,0,74,2026-02-04 21:29:40.510563
BYL,42.71,42.7,42.72,50000000.0,50000000.0,0,0,0,0,0,0,74,2026-02-04 21:29:40.510563
CLD,78.15,78.14,78.16,50000000.0,50000000.0,0,0,0,0,0,0,74,2026-02-04 21:29:40.510563
GGD,31.72,31.71,31.73,50000000.0,50000000.0,0,0,0,0,0,0,74,2026-02-04 21:29:40.510563
PNR,60.04,60.03,60.05,50000000.0,50000000.0,0,0,0,0,0,0,74,2026-02-04 21:29:40.510563
FSR,28.65,28.64,28.66,50000000.0,50000000.0,0,0,0,0,0,0,74,2026-02-04 21:29:40.510563
ATB,59.36,59.35,59.37,50000000.0,50000000.0,0,0,0,0,0,0,74,2026-02-04 21:29:40.510563
SPK,52.8,52.79,52.81,50000000.0,50000000.0,0,0,0,0,0,0,74,2026-02-04 21:29:40.510563
EEC,47.52,47.51,47.53,50000000.0,50000000.0,0,0,0,0,0,0,74,2026-02-04 21:29:40.510563
TGX,43.16,43.15,43.17,50000000.0,50000000.0,0,0,0,0,0,0,75,2026-02-04 21:29:41.072168,8.0,1.0,74.0,D1-TGX/PHR,Interest Rate Hedge Executed,"Pharmaco enters into interest rate swaps to hedge a portion of its variable-rate debt, demonstrating financial discipline and deal commitment."
PHR,48.07,48.06,48.08,50000000.0,50000000.0,0,0,0,0,0,0,75,2026-02-04 21:29:41.072168,,,,,,
BYL,42.64,42.63,42.65,50000000.0,50000000.0,0,0,0,0,0,0,75,2026-02-04 21:29:41.072168,,,,,,
CLD,77.92,77.91,77.93,50000000.0,50000000.0,0,0,0,0,0,0,75,2026-02-04 21:29:41.072168,,,,,,
GGD,31.64,31.63,31.65,50000000.0,50000000.0,0,0,0,0,0,0,75,2026-02-04 21:29:41.072168,,,,,,
PNR,59.32,59.31,59.33,50000000.0,50000000.0,0,0,0,0,0,0,75,2026-02-04 21:29:41.072168,,,,,,
FSR,28.65,28.64,28.66,50000000.0,50000000.0,0,0,0,0,0,0,75,2026-02-04 21:29:41.072168,,,,,,
ATB,59.22,59.21,59.23,50000000.0,50000000.0,0,0,0,0,0,0,75,2026-02-04 21:29:41.072168,,,,,,
SPK,52.88,52.87,52.89,50000000.0,50000000.0,0,0,0,0,0,0,75,2026-02-04 21:29:41.072168,,,,,,
EEC,47.73,47.72,47.74,50000000.0,50000000.0,0,0,0,0,0,0,75,2026-02-04 21:29:41.072168,,,,,,
TGX,43.12,43.11,43.13,50000000.0,50000000.0,0,0,0,0,0,0,76,2026-02-04 21:29:42.233175
PHR,48.04,48.03,48.05,50000000.0,50000000.0,0,0,0,0,0,0,76,2026-02-04 21:29:42.233175
BYL,42.82,42.81,42.83,50000000.0,50000000.0,0,0,0,0,0,0,76,2026-02-04 21:29:42.233175
CLD,78.48,78.47,78.49,50000000.0,50000000.0,0,0,0,0,0,0,76,2026-02-04 21:29:42.233175
GGD,31.63,31.62,31.64,50000000.0,50000000.0,0,0,0,0,0,0,76,2026-02-04 21:29:42.233175
PNR,59.12,59.11,59.13,50000000.0,50000000.0,0,0,0,0,0,0,76,2026-02-04 21:29:42.233175
FSR,28.61,28.6,28.62,50000000.0,50000000.0,0,0,0,0,0,0,76,2026-02-04 21:29:42.233175
ATB,59.39,59.38,59.4,50000000.0,50000000.0,0,0,0,0,0,0,76,2026-02-04 21:29:42.233175
SPK,52.73,52.72,52.74,50000000.0,50000000.0,0,0,0,0,0,0,76,2026-02-04 21:29:42.233175
EEC,47.45,47.44,47.46,50000000.0,50000000.0,0,0,0,0,0,0,76,2026-02-04 21:29:42.233175
TGX,43.09,43.08,43.1,50000000.0,50000000.0,0,0,0,0,0,0,77,2026-02-04 21:29:43.299829
PHR,48.28,48.27,48.29,50000000.0,50000000.0,0,0,0,0,0,0,77,2026-02-04 21:29:43.299829
BYL,42.67,42.66,42.68,50000000.0,50000000.0,0,0,0,0,0,0,77,2026-02-04 21:29:43.299829
CLD,78.04,78.03,78.05,50000000.0,50000000.0,0,0,0,0,0,0,77,2026-02-04 21:29:43.299829
GGD,31.56,31.55,31.57,50000000.0,50000000.0,0,0,0,0,0,0,77,2026-02-04 21:29:43.299829
PNR,59.21,59.2,59.22,50000000.0,50000000.0,0,0,0,0,0,0,77,2026-02-04 21:29:43.299829
FSR,28.57,28.55,28.57,50000000.0,50000000.0,0,0,0,0,0,0,77,2026-02-04 21:29:43.299829
ATB,59.41,59.4,59.42,50000000.0,50000000.0,0,0,0,0,0,0,77,2026-02-04 21:29:43.299829
SPK,52.86,52.85,52.87,50000000.0,50000000.0,0,0,0,0,0,0,77,2026-02-04 21:29:43.299829
EEC,47.58,47.57,47.59,50000000.0,50000000.0,0,0,0,0,0,0,77,2026-02-04 21:29:43.299829
TGX,43.14,43.13,43.15,50000000.0,50000000.0,0,0,0,0,0,0,78,2026-02-04 21:29:44.400869
PHR,48.21,48.2,48.22,50000000.0,50000000.0,0,0,0,0,0,0,78,2026-02-04 21:29:44.400869
BYL,42.49,42.48,42.5,50000000.0,50000000.0,0,0,0,0,0,0,78,2026-02-04 21:29:44.400869
CLD,77.6,77.59,77.61,50000000.0,50000000.0,0,0,0,0,0,0,78,2026-02-04 21:29:44.400869
GGD,31.62,31.61,31.63,50000000.0,50000000.0,0,0,0,0,0,0,78,2026-02-04 21:29:44.400869
PNR,59.58,59.57,59.59,50000000.0,50000000.0,0,0,0,0,0,0,78,2026-02-04 21:29:44.400869
FSR,28.58,28.57,28.59,50000000.0,50000000.0,0,0,0,0,0,0,78,2026-02-04 21:29:44.400869
ATB,59.39,59.38,59.4,50000000.0,50000000.0,0,0,0,0,0,0,78,2026-02-04 21:29:44.400869
SPK,52.79,52.78,52.8,50000000.0,50000000.0,0,0,0,0,0,0,78,2026-02-04 21:29:44.400869
EEC,47.41,47.4,47.42,50000000.0,50000000.0,0,0,0,0,0,0,78,2026-02-04 21:29:44.400869
TGX,43.18,43.17,43.19,50000000.0,50000000.0,0,0,0,0,0,0,79,2026-02-04 21:29:45.446311
PHR,47.86,47.85,47.87,50000000.0,50000000.0,0,0,0,0,0,0,79,2026-02-04 21:29:45.446311
BYL,42.45,42.44,42.46,50000000.0,50000000.0,0,0,0,0,0,0,79,2026-02-04 21:29:45.446311
CLD,77.39,77.38,77.4,50000000.0,50000000.0,0,0,0,0,0,0,79,2026-02-04 21:29:45.446311
GGD,31.59,31.58,31.6,50000000.0,50000000.0,0,0,0,0,0,0,79,2026-02-04 21:29:45.446311
PNR,59.73,59.72,59.74,50000000.0,50000000.0,0,0,0,0,0,0,79,2026-02-04 21:29:45.446311
FSR,28.57,28.56,28.58,50000000.0,50000000.0,0,0,0,0,0,0,79,2026-02-04 21:29:45.446311
ATB,59.38,59.37,59.39,50000000.0,50000000.0,0,0,0,0,0,0,79,2026-02-04 21:29:45.446311
SPK,52.97,52.96,52.98,50000000.0,50000000.0,0,0,0,0,0,0,79,2026-02-04 21:29:45.446311
EEC,47.66,47.65,47.67,50000000.0,50000000.0,0,0,0,0,0,0,79,2026-02-04 21:29:45.446311
TGX,43.1,43.09,43.11,50000000.0,50000000.0,0,0,0,0,0,0,80,2026-02-04 21:29:46.505553
PHR,47.52,47.51,47.53,50000000.0,50000000.0,0,0,0,0,0,0,80,2026-02-04 21:29:46.505553
BYL,42.11,42.1,42.12,50000000.0,50000000.0,0,0,0,0,0,0,80,2026-02-04 21:29:46.505553
CLD,76.58,76.57,76.59,50000000.0,50000000.0,0,0,0,0,0,0,80,2026-02-04 21:29:46.505553
GGD,31.55,31.54,31.56,50000000.0,50000000.0,0,0,0,0,0,0,80,2026-02-04 21:29:46.505553
PNR,59.57,59.56,59.58,50000000.0,50000000.0,0,0,0,0,0,0,80,2026-02-04 21:29:46.505553
FSR,28.68,28.67,28.69,50000000.0,50000000.0,0,0,0,0,0,0,80,2026-02-04 21:29:46.505553
ATB,59.67,59.66,59.68,50000000.0,50000000.0,0,0,0,0,0,0,80,2026-02-04 21:29:46.505553
SPK,53.06,53.05,53.07,50000000.0,50000000.0,0,0,0,0,0,0,80,2026-02-04 21:29:46.505553
EEC,47.91,47.9,47.92,50000000.0,50000000.0,0,0,0,0,0,0,80,2026-02-04 21:29:46.505553
TGX,43.04,43.03,43.05,50000000.0,50000000.0,0,0,0,0,0,0,81,2026-02-04 21:29:47.051471
PHR,47.25,47.24,47.26,50000000.0,50000000.0,0,0,0,0,0,0,81,2026-02-04 21:29:47.051471
BYL,42.12,42.11,42.13,50000000.0,50000000.0,0,0,0,0,0,0,81,2026-02-04 21:29:47.051471
CLD,76.64,76.63,76.65,50000000.0,50000000.0,0,0,0,0,0,0,81,2026-02-04 21:29:47.051471
GGD,31.51,31.5,31.52,50000000.0,50000000.0,0,0,0,0,0,0,81,2026-02-04 21:29:47.051471
PNR,59.76,59.75,59.77,50000000.0,50000000.0,0,0,0,0,0,0,81,2026-02-04 21:29:47.051471
FSR,28.72,28.71,28.73,50000000.0,50000000.0,0,0,0,0,0,0,81,2026-02-04 21:29:47.051471
ATB,59.62,59.61,59.63,50000000.0,50000000.0,0,0,0,0,0,0,81,2026-02-04 21:29:47.051471
SPK,53.03,53.02,53.04,50000000.0,50000000.0,0,0,0,0,0,0,81,2026-02-04 21:29:47.051471
EEC,47.8,47.79,47.81,50000000.0,50000000.0,0,0,0,0,0,0,81,2026-02-04 21:29:47.051471
TGX,43.0,42.99,43.01,50000000.0,50000000.0,0,0,0,0,0,0,82,2026-02-04 21:29:48.140444,10.0,1.0,81.0,D2-BYL/CLD,Independent Fairness Review Generates Board Discussion,"An independent financial advisor retained by the ByteLayer board has presented a supplemental fairness analysis that reaches nuanced conclusions regarding the adequacy of the 0.75 CLD shares per BYL share offer. While the analysis does not formally contradict the original fairness opinion, it highlights sensitivity to key assumptions around standalone growth rates and comparable transaction multiples. Board members are reportedly weighing whether additional disclosure to shareholders is warranted."
PHR,47.46,47.45,47.47,50000000.0,50000000.0,0,0,0,0,0,0,82,2026-02-04 21:29:48.140444,9.0,1.0,81.0,D2-BYL/CLD,Institutional Investors Signal Support,Major ByteLayer shareholders including Vanguard and BlackRock indicate preliminary support for stock consideration.
BYL,42.22,42.21,42.23,50000000.0,50000000.0,0,0,0,0,0,0,82,2026-02-04 21:29:48.140444,,,,,,
CLD,76.91,76.9,76.92,50000000.0,50000000.0,0,0,0,0,0,0,82,2026-02-04 21:29:48.140444,,,,,,
GGD,31.5,31.49,31.51,50000000.0,50000000.0,0,0,0,0,0,0,82,2026-02-04 21:29:48.140444,,,,,,
PNR,59.31,59.3,59.32,50000000.0,50000000.0,0,0,0,0,0,0,82,2026-02-04 21:29:48.140444,,,,,,
FSR,28.8,28.79,28.81,50000000.0,50000000.0,0,0,0,0,0,0,82,2026-02-04 21:29:48.140444,,,,,,
ATB,59.44,59.43,59.45,50000000.0,50000000.0,0,0,0,0,0,0,82,2026-02-04 21:29:48.140444,,,,,,
SPK,52.81,52.8,52.82,50000000.0,50000000.0,0,0,0,0,0,0,82,2026-02-04 21:29:48.140444,,,,,,
EEC,47.43,47.42,47.44,50000000.0,50000000.0,0,0,0,0,0,0,82,2026-02-04 21:29:48.140444,,,,,,
TGX,43.05,43.04,43.06,50000000.0,50000000.0,0,0,0,0,0,0,83,2026-02-04 21:29:49.279174,11.0,1.0,82.0,D2-BYL/CLD,Material Adverse Effect Question Raised,ByteLayer customer concentration concern leads to MAE clause discussion in analyst community.
PHR,47.43,47.42,47.44,50000000.0,50000000.0,0,0,0,0,0,0,83,2026-02-04 21:29:49.279174,,,,,,
BYL,42.09,42.08,42.1,50000000.0,50000000.0,0,0,0,0,0,0,83,2026-02-04 21:29:49.279174,,,,,,
CLD,76.49,76.48,76.5,50000000.0,50000000.0,0,0,0,0,0,0,83,2026-02-04 21:29:49.279174,,,,,,
GGD,31.47,31.46,31.48,50000000.0,50000000.0,0,0,0,0,0,0,83,2026-02-04 21:29:49.279174,,,,,,
PNR,59.54,59.53,59.55,50000000.0,50000000.0,0,0,0,0,0,0,83,2026-02-04 21:29:49.279174,,,,,,
FSR,28.83,28.83,28.85,50000000.0,50000000.0,0,0,0,0,0,0,83,2026-02-04 21:29:49.279174,,,,,,
ATB,59.71,59.7,59.72,50000000.0,50000000.0,0,0,0,0,0,0,83,2026-02-04 21:29:49.279174,,,,,,
SPK,52.78,52.77,52.79,50000000.0,50000000.0,0,0,0,0,0,0,83,2026-02-04 21:29:49.279174,,,,,,
EEC,47.32,47.31,47.33,50000000.0,50000000.0,0,0,0,0,0,0,83,2026-02-04 21:29:49.279174,,,,,,
TGX,43.02,43.01,43.03,50000000.0,50000000.0,0,0,0,0,0,0,84,2026-02-04 21:29:50.344420
PHR,47.16,47.15,47.17,50000000.0,50000000.0,0,0,0,0,0,0,84,2026-02-04 21:29:50.344420
BYL,42.22,42.21,42.23,50000000.0,50000000.0,0,0,0,0,0,0,84,2026-02-04 21:29:50.344420
CLD,76.81,76.8,76.82,50000000.0,50000000.0,0,0,0,0,0,0,84,2026-02-04 21:29:50.344420
GGD,31.49,31.48,31.5,50000000.0,50000000.0,0,0,0,0,0,0,84,2026-02-04 21:29:50.344420
PNR,59.37,59.36,59.38,50000000.0,50000000.0,0,0,0,0,0,0,84,2026-02-04 21:29:50.344420
FSR,28.85,28.85,28.87,50000000.0,50000000.0,0,0,0,0,0,0,84,2026-02-04 21:29:50.344420
ATB,59.58,59.57,59.59,50000000.0,50000000.0,0,0,0,0,0,0,84,2026-02-04 21:29:50.344420
SPK,52.76,52.75,52.77,50000000.0,50000000.0,0,0,0,0,0,0,84,2026-02-04 21:29:50.344420
EEC,47.27,47.26,47.28,50000000.0,50000000.0,0,0,0,0,0,0,84,2026-02-04 21:29:50.344420
TGX,43.0,42.99,43.01,50000000.0,50000000.0,0,0,0,0,0,0,85,2026-02-04 21:29:51.472788
PHR,47.46,47.45,47.47,50000000.0,50000000.0,0,0,0,0,0,0,85,2026-02-04 21:29:51.472788
BYL,42.5,42.49,42.51,50000000.0,50000000.0,0,0,0,0,0,0,85,2026-02-04 21:29:51.472788
CLD,77.35,77.34,77.36,50000000.0,50000000.0,0,0,0,0,0,0,85,2026-02-04 21:29:51.472788
GGD,31.41,31.4,31.42,50000000.0,50000000.0,0,0,0,0,0,0,85,2026-02-04 21:29:51.472788
PNR,59.53,59.52,59.54,50000000.0,50000000.0,0,0,0,0,0,0,85,2026-02-04 21:29:51.472788
FSR,29.06,29.05,29.07,50000000.0,50000000.0,0,0,0,0,0,0,85,2026-02-04 21:29:51.472788
ATB,59.62,59.61,59.63,50000000.0,50000000.0,0,0,0,0,0,0,85,2026-02-04 21:29:51.472788
SPK,52.81,52.8,52.82,50000000.0,50000000.0,0,0,0,0,0,0,85,2026-02-04 21:29:51.472788
EEC,47.33,47.32,47.34,50000000.0,50000000.0,0,0,0,0,0,0,85,2026-02-04 21:29:51.472788
TGX,43.04,43.03,43.05,50000000.0,50000000.0,0,0,0,0,0,0,86,2026-02-04 21:29:52.539677
PHR,47.31,47.3,47.32,50000000.0,50000000.0,0,0,0,0,0,0,86,2026-02-04 21:29:52.539677
BYL,42.19,42.18,42.2,50000000.0,50000000.0,0,0,0,0,0,0,86,2026-02-04 21:29:52.539677
CLD,76.63,76.62,76.64,50000000.0,50000000.0,0,0,0,0,0,0,86,2026-02-04 21:29:52.539677
GGD,31.33,31.32,31.34,50000000.0,50000000.0,0,0,0,0,0,0,86,2026-02-04 21:29:52.539677
PNR,59.48,59.47,59.49,50000000.0,50000000.0,0,0,0,0,0,0,86,2026-02-04 21:29:52.539677
FSR,29.11,29.1,29.12,50000000.0,50000000.0,0,0,0,0,0,0,86,2026-02-04 21:29:52.539677
ATB,60.04,60.03,60.05,50000000.0,50000000.0,0,0,0,0,0,0,86,2026-02-04 21:29:52.539677
SPK,52.76,52.75,52.77,50000000.0,50000000.0,0,0,0,0,0,0,86,2026-02-04 21:29:52.539677
EEC,47.13,47.12,47.14,50000000.0,50000000.0,0,0,0,0,0,0,86,2026-02-04 21:29:52.539677
TGX,43.06,43.05,43.07,50000000.0,50000000.0,0,0,0,0,0,0,87,2026-02-04 21:29:53.100873,12.0,1.0,86.0,D1-TGX/PHR,Standstill Agreement Breached,Pharmaco alleges Targenix has breached its standstill obligations by engaging with a potential competing bidder. Seeking legal remedies.
PHR,47.42,47.41,47.43,50000000.0,50000000.0,0,0,0,0,0,0,87,2026-02-04 21:29:53.100873,,,,,,
BYL,42.16,42.15,42.17,50000000.0,50000000.0,0,0,0,0,0,0,87,2026-02-04 21:29:53.100873,,,,,,
CLD,76.6,76.59,76.61,50000000.0,50000000.0,0,0,0,0,0,0,87,2026-02-04 21:29:53.100873,,,,,,
GGD,31.32,31.31,31.33,50000000.0,50000000.0,0,0,0,0,0,0,87,2026-02-04 21:29:53.100873,,,,,,
PNR,59.14,59.13,59.15,50000000.0,50000000.0,0,0,0,0,0,0,87,2026-02-04 21:29:53.100873,,,,,,
FSR,29.13,29.12,29.14,50000000.0,50000000.0,0,0,0,0,0,0,87,2026-02-04 21:29:53.100873,,,,,,
ATB,59.98,59.97,59.99,50000000.0,50000000.0,0,0,0,0,0,0,87,2026-02-04 21:29:53.100873,,,,,,
SPK,52.7,52.69,52.71,50000000.0,50000000.0,0,0,0,0,0,0,87,2026-02-04 21:29:53.100873,,,,,,
EEC,47.07,47.06,47.08,50000000.0,50000000.0,0,0,0,0,0,0,87,2026-02-04 21:29:53.100873,,,,,,
TGX,43.08,43.07,43.09,50000000.0,50000000.0,0,0,0,0,0,0,88,2026-02-04 21:29:54.186900
PHR,47.55,47.54,47.56,50000000.0,50000000.0,0,0,0,0,0,0,88,2026-02-04 21:29:54.186900
BYL,42.26,42.25,42.27,50000000.0,50000000.0,0,0,0,0,0,0,88,2026-02-04 21:29:54.186900
CLD,76.86,76.85,76.87,50000000.0,50000000.0,0,0,0,0,0,0,88,2026-02-04 21:29:54.186900
GGD,31.42,31.41,31.43,50000000.0,50000000.0,0,0,0,0,0,0,88,2026-02-04 21:29:54.186900
PNR,59.42,59.41,59.43,50000000.0,50000000.0,0,0,0,0,0,0,88,2026-02-04 21:29:54.186900
FSR,29.18,29.17,29.19,50000000.0,50000000.0,0,0,0,0,0,0,88,2026-02-04 21:29:54.186900
ATB,59.85,59.84,59.86,50000000.0,50000000.0,0,0,0,0,0,0,88,2026-02-04 21:29:54.186900
SPK,52.78,52.77,52.79,50000000.0,50000000.0,0,0,0,0,0,0,88,2026-02-04 21:29:54.186900
EEC,47.25,47.24,47.26,50000000.0,50000000.0,0,0,0,0,0,0,88,2026-02-04 21:29:54.186900
TGX,43.06,43.05,43.07,50000000.0,50000000.0,0,0,0,0,0,0,89,2026-02-04 21:29:55.330151
PHR,47.54,47.53,47.55,50000000.0,50000000.0,0,0,0,0,0,0,89,2026-02-04 21:29:55.330151
BYL,42.56,42.55,42.57,50000000.0,50000000.0,0,0,0,0,0,0,89,2026-02-04 21:29:55.330151
CLD,77.55,77.54,77.56,50000000.0,50000000.0,0,0,0,0,0,0,89,2026-02-04 21:29:55.330151
GGD,31.46,31.45,31.47,50000000.0,50000000.0,0,0,0,0,0,0,89,2026-02-04 21:29:55.330151
PNR,59.71,59.7,59.72,50000000.0,50000000.0,0,0,0,0,0,0,89,2026-02-04 21:29:55.330151
FSR,29.16,29.15,29.17,50000000.0,50000000.0,0,0,0,0,0,0,89,2026-02-04 21:29:55.330151
ATB,59.93,59.92,59.94,50000000.0,50000000.0,0,0,0,0,0,0,89,2026-02-04 21:29:55.330151
SPK,52.84,52.83,52.85,50000000.0,50000000.0,0,0,0,0,0,0,89,2026-02-04 21:29:55.330151
EEC,47.37,47.36,47.38,50000000.0,50000000.0,0,0,0,0,0,0,89,2026-02-04 21:29:55.330151
TGX,43.07,43.06,43.08,50000000.0,50000000.0,0,0,0,0,0,0,90,2026-02-04 21:29:56.413490
PHR,47.62,47.61,47.63,50000000.0,50000000.0,0,0,0,0,0,0,90,2026-02-04 21:29:56.413490
BYL,42.55,42.54,42.56,50000000.0,50000000.0,0,0,0,0,0,0,90,2026-02-04 21:29:56.413490
CLD,77.57,77.56,77.58,50000000.0,50000000.0,0,0,0,0,0,0,90,2026-02-04 21:29:56.413490
GGD,31.42,31.41,31.43,50000000.0,50000000.0,0,0,0,0,0,0,90,2026-02-04 21:29:56.413490
PNR,59.56,59.55,59.57,50000000.0,50000000.0,0,0,0,0,0,0,90,2026-02-04 21:29:56.413490
FSR,29.08,29.07,29.09,50000000.0,50000000.0,0,0,0,0,0,0,90,2026-02-04 21:29:56.413490
ATB,59.62,59.61,59.63,50000000.0,50000000.0,0,0,0,0,0,0,90,2026-02-04 21:29:56.413490
SPK,52.95,52.94,52.96,50000000.0,50000000.0,0,0,0,0,0,0,90,2026-02-04 21:29:56.413490
EEC,47.6,47.59,47.61,50000000.0,50000000.0,0,0,0,0,0,0,90,2026-02-04 21:29:56.413490
TGX,43.02,43.01,43.03,50000000.0,50000000.0,0,0,0,0,0,0,91,2026-02-04 21:29:57.534576
PHR,47.26,47.25,47.27,50000000.0,50000000.0,0,0,0,0,0,0,91,2026-02-04 21:29:57.534576
BYL,42.63,42.62,42.64,50000000.0,50000000.0,0,0,0,0,0,0,91,2026-02-04 21:29:57.534576
CLD,77.74,77.73,77.75,50000000.0,50000000.0,0,0,0,0,0,0,91,2026-02-04 21:29:57.534576
GGD,31.37,31.36,31.38,50000000.0,50000000.0,0,0,0,0,0,0,91,2026-02-04 21:29:57.534576
PNR,58.86,58.85,58.87,50000000.0,50000000.0,0,0,0,0,0,0,91,2026-02-04 21:29:57.534576
FSR,29.15,29.14,29.16,50000000.0,50000000.0,0,0,0,0,0,0,91,2026-02-04 21:29:57.534576
ATB,59.58,59.57,59.59,50000000.0,50000000.0,0,0,0,0,0,0,91,2026-02-04 21:29:57.534576
SPK,52.81,52.8,52.82,50000000.0,50000000.0,0,0,0,0,0,0,91,2026-02-04 21:29:57.534576
EEC,47.41,47.4,47.42,50000000.0,50000000.0,0,0,0,0,0,0,91,2026-02-04 21:29:57.534576
TGX,43.04,43.03,43.05,50000000.0,50000000.0,0,0,0,0,0,0,92,2026-02-04 21:29:58.132638
PHR,47.39,47.38,47.4,50000000.0,50000000.0,0,0,0,0,0,0,92,2026-02-04 21:29:58.132638
BYL,42.45,42.44,42.46,50000000.0,50000000.0,0,0,0,0,0,0,92,2026-02-04 21:29:58.132638
CLD,77.35,77.34,77.36,50000000.0,50000000.0,0,0,0,0,0,0,92,2026-02-04 21:29:58.132638
GGD,31.33,31.32,31.34,50000000.0,50000000.0,0,0,0,0,0,0,92,2026-02-04 21:29:58.132638
PNR,59.15,59.14,59.16,50000000.0,50000000.0,0,0,0,0,0,0,92,2026-02-04 21:29:58.132638
FSR,29.11,29.1,29.12,50000000.0,50000000.0,0,0,0,0,0,0,92,2026-02-04 21:29:58.132638
ATB,59.69,59.68,59.7,50000000.0,50000000.0,0,0,0,0,0,0,92,2026-02-04 21:29:58.132638
SPK,52.84,52.83,52.85,50000000.0,50000000.0,0,0,0,0,0,0,92,2026-02-04 21:29:58.132638
EEC,47.37,47.36,47.38,50000000.0,50000000.0,0,0,0,0,0,0,92,2026-02-04 21:29:58.132638
TGX,42.95,42.94,42.96,50000000.0,50000000.0,0,0,0,0,0,0,93,2026-02-04 21:29:59.725751
PHR,47.24,47.23,47.25,50000000.0,50000000.0,0,0,0,0,0,0,93,2026-02-04 21:29:59.725751
BYL,42.42,42.41,42.43,50000000.0,50000000.0,0,0,0,0,0,0,93,2026-02-04 21:29:59.725751
CLD,77.26,77.25,77.27,50000000.0,50000000.0,0,0,0,0,0,0,93,2026-02-04 21:29:59.725751
GGD,31.4,31.39,31.41,50000000.0,50000000.0,0,0,0,0,0,0,93,2026-02-04 21:29:59.725751
PNR,59.64,59.63,59.65,50000000.0,50000000.0,0,0,0,0,0,0,93,2026-02-04 21:29:59.725751
FSR,29.16,29.15,29.17,50000000.0,50000000.0,0,0,0,0,0,0,93,2026-02-04 21:29:59.725751
ATB,59.44,59.43,59.45,50000000.0,50000000.0,0,0,0,0,0,0,93,2026-02-04 21:29:59.725751
SPK,52.8,52.79,52.81,50000000.0,50000000.0,0,0,0,0,0,0,93,2026-02-04 21:29:59.725751
EEC,47.42,47.41,47.43,50000000.0,50000000.0,0,0,0,0,0,0,93,2026-02-04 21:29:59.725751
TGX,42.99,42.98,43.0,50000000.0,50000000.0,0,0,0,0,0,0,94,2026-02-04 21:30:00.327496
PHR,47.31,47.3,47.32,50000000.0,50000000.0,0,0,0,0,0,0,94,2026-02-04 21:30:00.327496
BYL,42.62,42.61,42.63,50000000.0,50000000.0,0,0,0,0,0,0,94,2026-02-04 21:30:00.327496
CLD,77.81,77.8,77.82,50000000.0,50000000.0,0,0,0,0,0,0,94,2026-02-04 21:30:00.327496
GGD,31.38,31.37,31.39,50000000.0,50000000.0,0,0,0,0,0,0,94,2026-02-04 21:30:00.327496
PNR,59.49,59.48,59.5,50000000.0,50000000.0,0,0,0,0,0,0,94,2026-02-04 21:30:00.327496
FSR,29.2,29.19,29.21,50000000.0,50000000.0,0,0,0,0,0,0,94,2026-02-04 21:30:00.327496
ATB,59.4,59.39,59.41,50000000.0,50000000.0,0,0,0,0,0,0,94,2026-02-04 21:30:00.327496
SPK,52.65,52.64,52.66,50000000.0,50000000.0,0,0,0,0,0,0,94,2026-02-04 21:30:00.327496
EEC,47.19,47.18,47.2,50000000.0,50000000.0,0,0,0,0,0,0,94,2026-02-04 21:30:00.327496
TGX,42.99,42.98,43.0,50000000.0,50000000.0,0,0,0,0,0,0,95,2026-02-04 21:30:01.458271
PHR,47.38,47.37,47.39,50000000.0,50000000.0,0,0,0,0,0,0,95,2026-02-04 21:30:01.458271
BYL,42.76,42.75,42.77,50000000.0,50000000.0,0,0,0,0,0,0,95,2026-02-04 21:30:01.458271
CLD,78.04,78.03,78.05,50000000.0,50000000.0,0,0,0,0,0,0,95,2026-02-04 21:30:01.458271
GGD,31.47,31.46,31.48,50000000.0,50000000.0,0,0,0,0,0,0,95,2026-02-04 21:30:01.458271
PNR,59.87,59.86,59.88,50000000.0,50000000.0,0,0,0,0,0,0,95,2026-02-04 21:30:01.458271
FSR,29.14,29.13,29.15,50000000.0,50000000.0,0,0,0,0,0,0,95,2026-02-04 21:30:01.458271
ATB,59.08,59.07,59.09,50000000.0,50000000.0,0,0,0,0,0,0,95,2026-02-04 21:30:01.458271
SPK,52.71,52.7,52.72,50000000.0,50000000.0,0,0,0,0,0,0,95,2026-02-04 21:30:01.458271
EEC,47.1,47.09,47.11,50000000.0,50000000.0,0,0,0,0,0,0,95,2026-02-04 21:30:01.458271
TGX,43.01,43.0,43.02,50000000.0,50000000.0,0,0,0,0,0,0,96,2026-02-04 21:30:02.520131
PHR,47.45,47.44,47.46,50000000.0,50000000.0,0,0,0,0,0,0,96,2026-02-04 21:30:02.520131
BYL,43.19,43.18,43.2,50000000.0,50000000.0,0,0,0,0,0,0,96,2026-02-04 21:30:02.520131
CLD,79.09,79.08,79.1,50000000.0,50000000.0,0,0,0,0,0,0,96,2026-02-04 21:30:02.520131
GGD,31.43,31.42,31.44,50000000.0,50000000.0,0,0,0,0,0,0,96,2026-02-04 21:30:02.520131
PNR,59.55,59.54,59.56,50000000.0,50000000.0,0,0,0,0,0,0,96,2026-02-04 21:30:02.520131
FSR,29.07,29.06,29.08,50000000.0,50000000.0,0,0,0,0,0,0,96,2026-02-04 21:30:02.520131
ATB,58.84,58.83,58.85,50000000.0,50000000.0,0,0,0,0,0,0,96,2026-02-04 21:30:02.520131
SPK,52.69,52.68,52.7,50000000.0,50000000.0,0,0,0,0,0,0,96,2026-02-04 21:30:02.520131
EEC,47.09,47.08,47.1,50000000.0,50000000.0,0,0,0,0,0,0,96,2026-02-04 21:30:02.520131
TGX,43.04,43.03,43.05,50000000.0,50000000.0,0,0,0,0,0,0,97,2026-02-04 21:30:03.146109
PHR,47.21,47.2,47.22,50000000.0,50000000.0,0,0,0,0,0,0,97,2026-02-04 21:30:03.146109
BYL,43.13,43.12,43.14,50000000.0,50000000.0,0,0,0,0,0,0,97,2026-02-04 21:30:03.146109
CLD,78.81,78.8,78.82,50000000.0,50000000.0,0,0,0,0,0,0,97,2026-02-04 21:30:03.146109
GGD,31.41,31.4,31.42,50000000.0,50000000.0,0,0,0,0,0,0,97,2026-02-04 21:30:03.146109
PNR,59.79,59.78,59.8,50000000.0,50000000.0,0,0,0,0,0,0,97,2026-02-04 21:30:03.146109
FSR,29.13,29.12,29.14,50000000.0,50000000.0,0,0,0,0,0,0,97,2026-02-04 21:30:03.146109
ATB,58.73,58.72,58.74,50000000.0,50000000.0,0,0,0,0,0,0,97,2026-02-04 21:30:03.146109
SPK,52.71,52.7,52.72,50000000.0,50000000.0,0,0,0,0,0,0,97,2026-02-04 21:30:03.146109
EEC,47.18,47.17,47.19,50000000.0,50000000.0,0,0,0,0,0,0,97,2026-02-04 21:30:03.146109
TGX,43.08,43.07,43.09,50000000.0,50000000.0,0,0,0,0,0,0,98,2026-02-04 21:30:04.191869,13.0,1.0,97.0,D3-GGD/PNR,All Financing Conditions Met,PetroNorth confirms all debt and equity financing conditions precedent have been satisfied.
PHR,47.45,47.44,47.46,50000000.0,50000000.0,0,0,0,0,0,0,98,2026-02-04 21:30:04.191869,,,,,,
BYL,43.2,43.19,43.21,50000000.0,50000000.0,0,0,0,0,0,0,98,2026-02-04 21:30:04.191869,,,,,,
CLD,78.95,78.94,78.96,50000000.0,50000000.0,0,0,0,0,0,0,98,2026-02-04 21:30:04.191869,,,,,,
GGD,31.43,31.42,31.44,50000000.0,50000000.0,0,0,0,0,0,0,98,2026-02-04 21:30:04.191869,,,,,,
PNR,59.63,59.62,59.64,50000000.0,50000000.0,0,0,0,0,0,0,98,2026-02-04 21:30:04.191869,,,,,,
FSR,29.09,29.08,29.1,50000000.0,50000000.0,0,0,0,0,0,0,98,2026-02-04 21:30:04.191869,,,,,,
ATB,58.72,58.71,58.73,50000000.0,50000000.0,0,0,0,0,0,0,98,2026-02-04 21:30:04.191869,,,,,,
SPK,52.49,52.48,52.5,50000000.0,50000000.0,0,0,0,0,0,0,98,2026-02-04 21:30:04.191869,,,,,,
EEC,46.88,46.87,46.89,50000000.0,50000000.0,0,0,0,0,0,0,98,2026-02-04 21:30:04.191869,,,,,,
TGX,43.1,43.09,43.11,50000000.0,50000000.0,0,0,0,0,0,0,99,2026-02-04 21:30:05.235517
PHR,47.5,47.49,47.51,50000000.0,50000000.0,0,0,0,0,0,0,99,2026-02-04 21:30:05.235517
BYL,43.15,43.14,43.16,50000000.0,50000000.0,0,0,0,0,0,0,99,2026-02-04 21:30:05.235517
CLD,78.79,78.78,78.8,50000000.0,50000000.0,0,0,0,0,0,0,99,2026-02-04 21:30:05.235517
GGD,31.41,31.4,31.42,50000000.0,50000000.0,0,0,0,0,0,0,99,2026-02-04 21:30:05.235517
PNR,59.43,59.42,59.44,50000000.0,50000000.0,0,0,0,0,0,0,99,2026-02-04 21:30:05.235517
FSR,29.2,29.19,29.21,50000000.0,50000000.0,0,0,0,0,0,0,99,2026-02-04 21:30:05.235517
ATB,58.69,58.68,58.7,50000000.0,50000000.0,0,0,0,0,0,0,99,2026-02-04 21:30:05.235517
SPK,52.51,52.5,52.52,50000000.0,50000000.0,0,0,0,0,0,0,99,2026-02-04 21:30:05.235517
EEC,46.97,46.96,46.98,50000000.0,50000000.0,0,0,0,0,0,0,99,2026-02-04 21:30:05.235517
TGX,43.08,43.07,43.09,50000000.0,50000000.0,0,0,0,0,0,0,100,2026-02-04 21:30:06.323001
PHR,47.34,47.33,47.35,50000000.0,50000000.0,0,0,0,0,0,0,100,2026-02-04 21:30:06.323001
BYL,42.86,42.85,42.87,50000000.0,50000000.0,0,0,0,0,0,0,100,2026-02-04 21:30:06.323001
CLD,78.06,78.05,78.07,50000000.0,50000000.0,0,0,0,0,0,0,100,2026-02-04 21:30:06.323001
GGD,31.46,31.45,31.47,50000000.0,50000000.0,0,0,0,0,0,0,100,2026-02-04 21:30:06.323001
PNR,59.24,59.23,59.25,50000000.0,50000000.0,0,0,0,0,0,0,100,2026-02-04 21:30:06.323001
FSR,29.18,29.17,29.19,50000000.0,50000000.0,0,0,0,0,0,0,100,2026-02-04 21:30:06.323001
ATB,58.56,58.55,58.57,50000000.0,50000000.0,0,0,0,0,0,0,100,2026-02-04 21:30:06.323001
SPK,52.43,52.42,52.44,50000000.0,50000000.0,0,0,0,0,0,0,100,2026-02-04 21:30:06.323001
EEC,46.82,46.81,46.83,50000000.0,50000000.0,0,0,0,0,0,0,100,2026-02-04 21:30:06.323001
TGX,43.1,43.09,43.11,50000000.0,50000000.0,0,0,0,0,0,0,101,2026-02-04 21:30:07.464491,14.0,1.0,100.0,ALL,Quarterly Institutional Portfolio Rebalancing Underway,"Major institutional investors are executing their quarterly portfolio rebalancing, generating significant order flow across merger arbitrage positions. The rebalancing activity has created temporary dislocations in deal spreads that may not reflect fundamental changes in deal completion probabilities. Prime brokerage data indicates both additions to and reductions of arbitrage positions, with the net directional impact unclear. Experienced merger arbitrageurs note that such flow-driven movements typically normalize within several trading sessions as fundamental-driven positioning reasserts itself."
PHR,47.54,47.53,47.55,50000000.0,50000000.0,0,0,0,0,0,0,101,2026-02-04 21:30:07.464491,,,,,,
BYL,42.87,42.86,42.88,50000000.0,50000000.0,0,0,0,0,0,0,101,2026-02-04 21:30:07.464491,,,,,,
CLD,78.0,77.99,78.01,50000000.0,50000000.0,0,0,0,0,0,0,101,2026-02-04 21:30:07.464491,,,,,,
GGD,31.56,31.55,31.57,50000000.0,50000000.0,0,0,0,0,0,0,101,2026-02-04 21:30:07.464491,,,,,,
PNR,59.5,59.49,59.51,50000000.0,50000000.0,0,0,0,0,0,0,101,2026-02-04 21:30:07.464491,,,,,,
FSR,29.23,29.22,29.24,50000000.0,50000000.0,0,0,0,0,0,0,101,2026-02-04 21:30:07.464491,,,,,,
ATB,58.67,58.66,58.68,50000000.0,50000000.0,0,0,0,0,0,0,101,2026-02-04 21:30:07.464491,,,,,,
SPK,52.44,52.43,52.45,50000000.0,50000000.0,0,0,0,0,0,0,101,2026-02-04 21:30:07.464491,,,,,,
EEC,46.92,46.91,46.93,50000000.0,50000000.0,0,0,0,0,0,0,101,2026-02-04 21:30:07.464491,,,,,,
TGX,43.12,43.11,43.13,50000000.0,50000000.0,0,0,0,0,0,0,102,2026-02-04 21:30:08.540943
PHR,47.48,47.47,47.49,50000000.0,50000000.0,0,0,0,0,0,0,102,2026-02-04 21:30:08.540943
BYL,43.02,43.01,43.03,50000000.0,50000000.0,0,0,0,0,0,0,102,2026-02-04 21:30:08.540943
CLD,78.32,78.31,78.33,50000000.0,50000000.0,0,0,0,0,0,0,102,2026-02-04 21:30:08.540943
GGD,31.7,31.69,31.71,50000000.0,50000000.0,0,0,0,0,0,0,102,2026-02-04 21:30:08.540943
PNR,59.78,59.77,59.79,50000000.0,50000000.0,0,0,0,0,0,0,102,2026-02-04 21:30:08.540943
FSR,29.23,29.22,29.24,50000000.0,50000000.0,0,0,0,0,0,0,102,2026-02-04 21:30:08.540943
ATB,58.53,58.52,58.54,50000000.0,50000000.0,0,0,0,0,0,0,102,2026-02-04 21:30:08.540943
SPK,52.35,52.34,52.36,50000000.0,50000000.0,0,0,0,0,0,0,102,2026-02-04 21:30:08.540943
EEC,46.91,46.9,46.92,50000000.0,50000000.0,0,0,0,0,0,0,102,2026-02-04 21:30:08.540943
TGX,43.12,43.11,43.13,50000000.0,50000000.0,0,0,0,0,0,0,103,2026-02-04 21:30:09.605163
PHR,47.22,47.21,47.23,50000000.0,50000000.0,0,0,0,0,0,0,103,2026-02-04 21:30:09.605163
BYL,43.16,43.15,43.17,50000000.0,50000000.0,0,0,0,0,0,0,103,2026-02-04 21:30:09.605163
CLD,78.72,78.71,78.73,50000000.0,50000000.0,0,0,0,0,0,0,103,2026-02-04 21:30:09.605163
GGD,31.67,31.66,31.68,50000000.0,50000000.0,0,0,0,0,0,0,103,2026-02-04 21:30:09.605163
PNR,59.64,59.63,59.65,50000000.0,50000000.0,0,0,0,0,0,0,103,2026-02-04 21:30:09.605163
FSR,29.3,29.29,29.31,50000000.0,50000000.0,0,0,0,0,0,0,103,2026-02-04 21:30:09.605163
ATB,58.24,58.23,58.25,50000000.0,50000000.0,0,0,0,0,0,0,103,2026-02-04 21:30:09.605163
SPK,52.45,52.44,52.46,50000000.0,50000000.0,0,0,0,0,0,0,103,2026-02-04 21:30:09.605163
EEC,47.05,47.04,47.06,50000000.0,50000000.0,0,0,0,0,0,0,103,2026-02-04 21:30:09.605163
TGX,43.08,43.07,43.09,50000000.0,50000000.0,0,0,0,0,0,0,104,2026-02-04 21:30:10.165646
PHR,47.07,47.06,47.08,50000000.0,50000000.0,0,0,0,0,0,0,104,2026-02-04 21:30:10.165646
BYL,43.32,43.31,43.33,50000000.0,50000000.0,0,0,0,0,0,0,104,2026-02-04 21:30:10.165646
CLD,79.09,79.08,79.1,50000000.0,50000000.0,0,0,0,0,0,0,104,2026-02-04 21:30:10.165646
GGD,31.71,31.7,31.72,50000000.0,50000000.0,0,0,0,0,0,0,104,2026-02-04 21:30:10.165646
PNR,60.04,60.03,60.05,50000000.0,50000000.0,0,0,0,0,0,0,104,2026-02-04 21:30:10.165646
FSR,29.27,29.26,29.28,50000000.0,50000000.0,0,0,0,0,0,0,104,2026-02-04 21:30:10.165646
ATB,58.13,58.12,58.14,50000000.0,50000000.0,0,0,0,0,0,0,104,2026-02-04 21:30:10.165646
SPK,52.34,52.33,52.35,50000000.0,50000000.0,0,0,0,0,0,0,104,2026-02-04 21:30:10.165646
EEC,46.95,46.94,46.96,50000000.0,50000000.0,0,0,0,0,0,0,104,2026-02-04 21:30:10.165646
TGX,43.02,43.01,43.03,50000000.0,50000000.0,0,0,0,0,0,0,105,2026-02-04 21:30:11.216595
PHR,47.29,47.28,47.3,50000000.0,50000000.0,0,0,0,0,0,0,105,2026-02-04 21:30:11.216595
BYL,43.33,43.32,43.34,50000000.0,50000000.0,0,0,0,0,0,0,105,2026-02-04 21:30:11.216595
CLD,79.2,79.19,79.21,50000000.0,50000000.0,0,0,0,0,0,0,105,2026-02-04 21:30:11.216595
GGD,31.77,31.76,31.78,50000000.0,50000000.0,0,0,0,0,0,0,105,2026-02-04 21:30:11.216595
PNR,60.43,60.42,60.44,50000000.0,50000000.0,0,0,0,0,0,0,105,2026-02-04 21:30:11.216595
FSR,29.26,29.25,29.27,50000000.0,50000000.0,0,0,0,0,0,0,105,2026-02-04 21:30:11.216595
ATB,57.89,57.88,57.9,50000000.0,50000000.0,0,0,0,0,0,0,105,2026-02-04 21:30:11.216595
SPK,52.31,52.3,52.32,50000000.0,50000000.0,0,0,0,0,0,0,105,2026-02-04 21:30:11.216595
EEC,46.93,46.92,46.94,50000000.0,50000000.0,0,0,0,0,0,0,105,2026-02-04 21:30:11.216595
TGX,42.98,42.97,42.99,50000000.0,50000000.0,0,0,0,0,0,0,106,2026-02-04 21:30:12.266448
PHR,47.24,47.23,47.25,50000000.0,50000000.0,0,0,0,0,0,0,106,2026-02-04 21:30:12.266448
BYL,43.07,43.06,43.08,50000000.0,50000000.0,0,0,0,0,0,0,106,2026-02-04 21:30:12.266448
CLD,78.59,78.58,78.6,50000000.0,50000000.0,0,0,0,0,0,0,106,2026-02-04 21:30:12.266448
GGD,31.68,31.67,31.69,50000000.0,50000000.0,0,0,0,0,0,0,106,2026-02-04 21:30:12.266448
PNR,59.88,59.87,59.89,50000000.0,50000000.0,0,0,0,0,0,0,106,2026-02-04 21:30:12.266448
FSR,29.21,29.2,29.22,50000000.0,50000000.0,0,0,0,0,0,0,106,2026-02-04 21:30:12.266448
ATB,57.64,57.63,57.65,50000000.0,50000000.0,0,0,0,0,0,0,106,2026-02-04 21:30:12.266448
SPK,52.28,52.27,52.29,50000000.0,50000000.0,0,0,0,0,0,0,106,2026-02-04 21:30:12.266448
EEC,46.85,46.84,46.86,50000000.0,50000000.0,0,0,0,0,0,0,106,2026-02-04 21:30:12.266448
TGX,42.99,42.98,43.0,50000000.0,50000000.0,0,0,0,0,0,0,107,2026-02-04 21:30:13.471048
PHR,47.49,47.48,47.5,50000000.0,50000000.0,0,0,0,0,0,0,107,2026-02-04 21:30:13.471048
BYL,42.89,42.88,42.9,50000000.0,50000000.0,0,0,0,0,0,0,107,2026-02-04 21:30:13.471048
CLD,78.06,78.05,78.07,50000000.0,50000000.0,0,0,0,0,0,0,107,2026-02-04 21:30:13.471048
GGD,31.6,31.59,31.61,50000000.0,50000000.0,0,0,0,0,0,0,107,2026-02-04 21:30:13.471048
PNR,59.53,59.52,59.54,50000000.0,50000000.0,0,0,0,0,0,0,107,2026-02-04 21:30:13.471048
FSR,29.27,29.26,29.28,50000000.0,50000000.0,0,0,0,0,0,0,107,2026-02-04 21:30:13.471048
ATB,57.8,57.79,57.81,50000000.0,50000000.0,0,0,0,0,0,0,107,2026-02-04 21:30:13.471048
SPK,52.13,52.12,52.14,50000000.0,50000000.0,0,0,0,0,0,0,107,2026-02-04 21:30:13.471048
EEC,46.66,46.65,46.67,50000000.0,50000000.0,0,0,0,0,0,0,107,2026-02-04 21:30:13.471048
TGX,43.01,43.0,43.02,50000000.0,50000000.0,0,0,0,0,0,0,108,2026-02-04 21:30:14.574220
PHR,47.14,47.13,47.15,50000000.0,50000000.0,0,0,0,0,0,0,108,2026-02-04 21:30:14.574220
BYL,43.01,43.0,43.02,50000000.0,50000000.0,0,0,0,0,0,0,108,2026-02-04 21:30:14.574220
CLD,78.49,78.48,78.5,50000000.0,50000000.0,0,0,0,0,0,0,108,2026-02-04 21:30:14.574220
GGD,31.58,31.57,31.59,50000000.0,50000000.0,0,0,0,0,0,0,108,2026-02-04 21:30:14.574220
PNR,59.01,59.0,59.02,50000000.0,50000000.0,0,0,0,0,0,0,108,2026-02-04 21:30:14.574220
FSR,29.36,29.35,29.37,50000000.0,50000000.0,0,0,0,0,0,0,108,2026-02-04 21:30:14.574220
ATB,57.67,57.66,57.68,50000000.0,50000000.0,0,0,0,0,0,0,108,2026-02-04 21:30:14.574220
SPK,52.19,52.18,52.2,50000000.0,50000000.0,0,0,0,0,0,0,108,2026-02-04 21:30:14.574220
EEC,46.64,46.63,46.65,50000000.0,50000000.0,0,0,0,0,0,0,108,2026-02-04 21:30:14.574220
TGX,43.02,43.01,43.03,50000000.0,50000000.0,0,0,0,0,0,0,109,2026-02-04 21:30:15.665348
PHR,47.13,47.12,47.14,50000000.0,50000000.0,0,0,0,0,0,0,109,2026-02-04 21:30:15.665348
BYL,43.19,43.18,43.2,50000000.0,50000000.0,0,0,0,0,0,0,109,2026-02-04 21:30:15.665348
CLD,78.93,78.92,78.94,50000000.0,50000000.0,0,0,0,0,0,0,109,2026-02-04 21:30:15.665348
GGD,31.6,31.59,31.61,50000000.0,50000000.0,0,0,0,0,0,0,109,2026-02-04 21:30:15.665348
PNR,58.87,58.86,58.88,50000000.0,50000000.0,0,0,0,0,0,0,109,2026-02-04 21:30:15.665348
FSR,29.29,29.28,29.3,50000000.0,50000000.0,0,0,0,0,0,0,109,2026-02-04 21:30:15.665348
ATB,57.77,57.76,57.78,50000000.0,50000000.0,0,0,0,0,0,0,109,2026-02-04 21:30:15.665348
SPK,51.98,51.97,51.99,50000000.0,50000000.0,0,0,0,0,0,0,109,2026-02-04 21:30:15.665348
EEC,46.38,46.37,46.39,50000000.0,50000000.0,0,0,0,0,0,0,109,2026-02-04 21:30:15.665348
TGX,43.03,43.02,43.04,50000000.0,50000000.0,0,0,0,0,0,0,110,2026-02-04 21:30:16.269358
PHR,47.42,47.41,47.43,50000000.0,50000000.0,0,0,0,0,0,0,110,2026-02-04 21:30:16.269358
BYL,43.57,43.56,43.58,50000000.0,50000000.0,0,0,0,0,0,0,110,2026-02-04 21:30:16.269358
CLD,79.8,79.79,79.81,50000000.0,50000000.0,0,0,0,0,0,0,110,2026-02-04 21:30:16.269358
GGD,31.54,31.53,31.55,50000000.0,50000000.0,0,0,0,0,0,0,110,2026-02-04 21:30:16.269358
PNR,58.86,58.85,58.87,50000000.0,50000000.0,0,0,0,0,0,0,110,2026-02-04 21:30:16.269358
FSR,29.32,29.31,29.33,50000000.0,50000000.0,0,0,0,0,0,0,110,2026-02-04 21:30:16.269358
ATB,57.99,57.98,58.0,50000000.0,50000000.0,0,0,0,0,0,0,110,2026-02-04 21:30:16.269358
SPK,51.84,51.83,51.85,50000000.0,50000000.0,0,0,0,0,0,0,110,2026-02-04 21:30:16.269358
EEC,46.15,46.14,46.16,50000000.0,50000000.0,0,0,0,0,0,0,110,2026-02-04 21:30:16.269358
TGX,43.02,43.01,43.03,50000000.0,50000000.0,0,0,0,0,0,0,111,2026-02-04 21:30:17.326547
PHR,47.12,47.11,47.13,50000000.0,50000000.0,0,0,0,0,0,0,111,2026-02-04 21:30:17.326547
BYL,43.51,43.5,43.52,50000000.0,50000000.0,0,0,0,0,0,0,111,2026-02-04 21:30:17.326547
CLD,79.66,79.65,79.67,50000000.0,50000000.0,0,0,0,0,0,0,111,2026-02-04 21:30:17.326547
GGD,31.56,31.55,31.57,50000000.0,50000000.0,0,0,0,0,0,0,111,2026-02-04 21:30:17.326547
PNR,59.08,59.07,59.09,50000000.0,50000000.0,0,0,0,0,0,0,111,2026-02-04 21:30:17.326547
FSR,29.28,29.27,29.29,50000000.0,50000000.0,0,0,0,0,0,0,111,2026-02-04 21:30:17.326547
ATB,58.15,58.14,58.16,50000000.0,50000000.0,0,0,0,0,0,0,111,2026-02-04 21:30:17.326547
SPK,51.89,51.88,51.9,50000000.0,50000000.0,0,0,0,0,0,0,111,2026-02-04 21:30:17.326547
EEC,46.18,46.17,46.19,50000000.0,50000000.0,0,0,0,0,0,0,111,2026-02-04 21:30:17.326547
TGX,43.03,43.02,43.04,50000000.0,50000000.0,0,0,0,0,0,0,112,2026-02-04 21:30:18.515538
PHR,47.19,47.18,47.2,50000000.0,50000000.0,0,0,0,0,0,0,112,2026-02-04 21:30:18.515538
BYL,43.78,43.77,43.79,50000000.0,50000000.0,0,0,0,0,0,0,112,2026-02-04 21:30:18.515538
CLD,80.16,80.15,80.17,50000000.0,50000000.0,0,0,0,0,0,0,112,2026-02-04 21:30:18.515538
GGD,31.62,31.61,31.63,50000000.0,50000000.0,0,0,0,0,0,0,112,2026-02-04 21:30:18.515538
PNR,59.28,59.27,59.29,50000000.0,50000000.0,0,0,0,0,0,0,112,2026-02-04 21:30:18.515538
FSR,29.27,29.26,29.28,50000000.0,50000000.0,0,0,0,0,0,0,112,2026-02-04 21:30:18.515538
ATB,58.27,58.26,58.28,50000000.0,50000000.0,0,0,0,0,0,0,112,2026-02-04 21:30:18.515538
SPK,51.84,51.83,51.85,50000000.0,50000000.0,0,0,0,0,0,0,112,2026-02-04 21:30:18.515538
EEC,46.08,46.07,46.09,50000000.0,50000000.0,0,0,0,0,0,0,112,2026-02-04 21:30:18.515538
TGX,43.01,43.0,43.02,50000000.0,50000000.0,0,0,0,0,0,0,113,2026-02-04 21:30:19.704800
PHR,47.36,47.35,47.37,50000000.0,50000000.0,0,0,0,0,0,0,113,2026-02-04 21:30:19.704800
BYL,43.79,43.78,43.8,50000000.0,50000000.0,0,0,0,0,0,0,113,2026-02-04 21:30:19.704800
CLD,80.14,80.13,80.15,50000000.0,50000000.0,0,0,0,0,0,0,113,2026-02-04 21:30:19.704800
GGD,33.74,33.73,33.75,50000000.0,50000000.0,0,0,0,0,0,0,113,2026-02-04 21:30:19.704800
PNR,59.6,59.59,59.61,50000000.0,50000000.0,0,0,0,0,0,0,113,2026-02-04 21:30:19.704800
FSR,29.2,29.19,29.21,50000000.0,50000000.0,0,0,0,0,0,0,113,2026-02-04 21:30:19.704800
ATB,58.25,58.24,58.26,50000000.0,50000000.0,0,0,0,0,0,0,113,2026-02-04 21:30:19.704800
SPK,51.76,51.75,51.77,50000000.0,50000000.0,0,0,0,0,0,0,113,2026-02-04 21:30:19.704800
EEC,45.87,45.86,45.88,50000000.0,50000000.0,0,0,0,0,0,0,113,2026-02-04 21:30:19.704800
TGX,42.96,42.95,42.97,50000000.0,50000000.0,0,0,0,0,0,0,114,2026-02-04 21:30:20.259843
PHR,47.34,47.33,47.35,50000000.0,50000000.0,0,0,0,0,0,0,114,2026-02-04 21:30:20.259843
BYL,44.08,44.07,44.09,50000000.0,50000000.0,0,0,0,0,0,0,114,2026-02-04 21:30:20.259843
CLD,80.8,80.79,80.81,50000000.0,50000000.0,0,0,0,0,0,0,114,2026-02-04 21:30:20.259843
GGD,35.77,35.76,35.78,50000000.0,50000000.0,0,0,0,0,0,0,114,2026-02-04 21:30:20.259843
PNR,59.53,59.52,59.54,50000000.0,50000000.0,0,0,0,0,0,0,114,2026-02-04 21:30:20.259843
FSR,29.18,29.17,29.19,50000000.0,50000000.0,0,0,0,0,0,0,114,2026-02-04 21:30:20.259843
ATB,58.11,58.1,58.12,50000000.0,50000000.0,0,0,0,0,0,0,114,2026-02-04 21:30:20.259843
SPK,51.68,51.67,51.69,50000000.0,50000000.0,0,0,0,0,0,0,114,2026-02-04 21:30:20.259843
EEC,45.7,45.69,45.71,50000000.0,50000000.0,0,0,0,0,0,0,114,2026-02-04 21:30:20.259843
TGX,42.9,42.89,42.91,50000000.0,50000000.0,0,0,0,0,0,0,115,2026-02-04 21:30:21.304514
PHR,46.92,46.91,46.93,50000000.0,50000000.0,0,0,0,0,0,0,115,2026-02-04 21:30:21.304514
BYL,44.11,44.1,44.12,50000000.0,50000000.0,0,0,0,0,0,0,115,2026-02-04 21:30:21.304514
CLD,80.85,80.84,80.86,50000000.0,50000000.0,0,0,0,0,0,0,115,2026-02-04 21:30:21.304514
GGD,35.68,35.67,35.69,50000000.0,50000000.0,0,0,0,0,0,0,115,2026-02-04 21:30:21.304514
PNR,59.21,59.2,59.22,50000000.0,50000000.0,0,0,0,0,0,0,115,2026-02-04 21:30:21.304514
FSR,29.19,29.18,29.2,50000000.0,50000000.0,0,0,0,0,0,0,115,2026-02-04 21:30:21.304514
ATB,58.12,58.11,58.13,50000000.0,50000000.0,0,0,0,0,0,0,115,2026-02-04 21:30:21.304514
SPK,51.69,51.68,51.7,50000000.0,50000000.0,0,0,0,0,0,0,115,2026-02-04 21:30:21.304514
EEC,45.66,45.65,45.67,50000000.0,50000000.0,0,0,0,0,0,0,115,2026-02-04 21:30:21.304514
TGX,42.89,42.88,42.9,50000000.0,50000000.0,0,0,0,0,0,0,116,2026-02-04 21:30:22.412448
PHR,47.24,47.23,47.25,50000000.0,50000000.0,0,0,0,0,0,0,116,2026-02-04 21:30:22.412448
BYL,44.35,44.34,44.36,50000000.0,50000000.0,0,0,0,0,0,0,116,2026-02-04 21:30:22.412448
CLD,81.4,81.39,81.41,50000000.0,50000000.0,0,0,0,0,0,0,116,2026-02-04 21:30:22.412448
GGD,35.77,35.76,35.78,50000000.0,50000000.0,0,0,0,0,0,0,116,2026-02-04 21:30:22.412448
PNR,59.5,59.49,59.51,50000000.0,50000000.0,0,0,0,0,0,0,116,2026-02-04 21:30:22.412448
FSR,29.06,29.05,29.07,50000000.0,50000000.0,0,0,0,0,0,0,116,2026-02-04 21:30:22.412448
ATB,57.94,57.93,57.95,50000000.0,50000000.0,0,0,0,0,0,0,116,2026-02-04 21:30:22.412448
SPK,51.67,51.66,51.68,50000000.0,50000000.0,0,0,0,0,0,0,116,2026-02-04 21:30:22.412448
EEC,45.55,45.54,45.56,50000000.0,50000000.0,0,0,0,0,0,0,116,2026-02-04 21:30:22.412448
TGX,42.95,42.94,42.96,50000000.0,50000000.0,0,0,0,0,0,0,117,2026-02-04 21:30:23.573950
PHR,47.7,47.69,47.71,50000000.0,50000000.0,0,0,0,0,0,0,117,2026-02-04 21:30:23.573950
BYL,44.66,44.65,44.67,50000000.0,50000000.0,0,0,0,0,0,0,117,2026-02-04 21:30:23.573950
CLD,82.02,82.01,82.03,50000000.0,50000000.0,0,0,0,0,0,0,117,2026-02-04 21:30:23.573950
GGD,35.69,35.68,35.7,50000000.0,50000000.0,0,0,0,0,0,0,117,2026-02-04 21:30:23.573950
PNR,59.53,59.52,59.54,50000000.0,50000000.0,0,0,0,0,0,0,117,2026-02-04 21:30:23.573950
FSR,29.16,29.15,29.17,50000000.0,50000000.0,0,0,0,0,0,0,117,2026-02-04 21:30:23.573950
ATB,58.36,58.35,58.37,50000000.0,50000000.0,0,0,0,0,0,0,117,2026-02-04 21:30:23.573950
SPK,51.7,51.69,51.71,50000000.0,50000000.0,0,0,0,0,0,0,117,2026-02-04 21:30:23.573950
EEC,45.59,45.58,45.6,50000000.0,50000000.0,0,0,0,0,0,0,117,2026-02-04 21:30:23.573950
TGX,42.92,42.91,42.93,50000000.0,50000000.0,0,0,0,0,0,0,118,2026-02-04 21:30:24.655380
PHR,47.87,47.86,47.88,50000000.0,50000000.0,0,0,0,0,0,0,118,2026-02-04 21:30:24.655380
BYL,44.9,44.89,44.91,50000000.0,50000000.0,0,0,0,0,0,0,118,2026-02-04 21:30:24.655380
CLD,82.59,82.58,82.6,50000000.0,50000000.0,0,0,0,0,0,0,118,2026-02-04 21:30:24.655380
GGD,37.71,37.7,37.72,50000000.0,50000000.0,0,0,0,0,0,0,118,2026-02-04 21:30:24.655380
PNR,59.69,59.68,59.7,50000000.0,50000000.0,0,0,0,0,0,0,118,2026-02-04 21:30:24.655380
FSR,29.13,29.12,29.14,50000000.0,50000000.0,0,0,0,0,0,0,118,2026-02-04 21:30:24.655380
ATB,58.51,58.5,58.52,50000000.0,50000000.0,0,0,0,0,0,0,118,2026-02-04 21:30:24.655380
SPK,51.72,51.71,51.73,50000000.0,50000000.0,0,0,0,0,0,0,118,2026-02-04 21:30:24.655380
EEC,45.67,45.66,45.68,50000000.0,50000000.0,0,0,0,0,0,0,118,2026-02-04 21:30:24.655380
TGX,43.09,43.08,43.1,50000000.0,50000000.0,0,0,0,0,0,0,119,2026-02-04 21:30:25.701713
PHR,48.33,48.32,48.34,50000000.0,50000000.0,0,0,0,0,0,0,119,2026-02-04 21:30:25.701713
BYL,44.75,44.74,44.76,50000000.0,50000000.0,0,0,0,0,0,0,119,2026-02-04 21:30:25.701713
CLD,82.31,82.3,82.32,50000000.0,50000000.0,0,0,0,0,0,0,119,2026-02-04 21:30:25.701713
GGD,37.81,37.8,37.82,50000000.0,50000000.0,0,0,0,0,0,0,119,2026-02-04 21:30:25.701713
PNR,59.93,59.92,59.94,50000000.0,50000000.0,0,0,0,0,0,0,119,2026-02-04 21:30:25.701713
FSR,29.2,29.19,29.21,50000000.0,50000000.0,0,0,0,0,0,0,119,2026-02-04 21:30:25.701713
ATB,58.63,58.62,58.64,50000000.0,50000000.0,0,0,0,0,0,0,119,2026-02-04 21:30:25.701713
SPK,51.66,51.65,51.67,50000000.0,50000000.0,0,0,0,0,0,0,119,2026-02-04 21:30:25.701713
EEC,45.53,45.52,45.54,50000000.0,50000000.0,0,0,0,0,0,0,119,2026-02-04 21:30:25.701713
TGX,43.03,43.02,43.04,50000000.0,50000000.0,0,0,0,0,0,0,120,2026-02-04 21:30:26.249189
PHR,48.39,48.38,48.4,50000000.0,50000000.0,0,0,0,0,0,0,120,2026-02-04 21:30:26.249189
BYL,44.54,44.53,44.55,50000000.0,50000000.0,0,0,0,0,0,0,120,2026-02-04 21:30:26.249189
CLD,81.82,81.81,81.83,50000000.0,50000000.0,0,0,0,0,0,0,120,2026-02-04 21:30:26.249189
GGD,37.8,37.79,37.81,50000000.0,50000000.0,0,0,0,0,0,0,120,2026-02-04 21:30:26.249189
PNR,59.71,59.7,59.72,50000000.0,50000000.0,0,0,0,0,0,0,120,2026-02-04 21:30:26.249189
FSR,29.16,29.15,29.17,50000000.0,50000000.0,0,0,0,0,0,0,120,2026-02-04 21:30:26.249189
ATB,58.8,58.79,58.81,50000000.0,50000000.0,0,0,0,0,0,0,120,2026-02-04 21:30:26.249189
SPK,51.69,51.68,51.7,50000000.0,50000000.0,0,0,0,0,0,0,120,2026-02-04 21:30:26.249189
EEC,45.63,45.62,45.64,50000000.0,50000000.0,0,0,0,0,0,0,120,2026-02-04 21:30:26.249189
TGX,43.06,43.05,43.07,50000000.0,50000000.0,0,0,0,0,0,0,121,2026-02-04 21:30:27.297268
PHR,48.62,48.61,48.63,50000000.0,50000000.0,0,0,0,0,0,0,121,2026-02-04 21:30:27.297268
BYL,44.62,44.61,44.63,50000000.0,50000000.0,0,0,0,0,0,0,121,2026-02-04 21:30:27.297268
CLD,81.91,81.9,81.92,50000000.0,50000000.0,0,0,0,0,0,0,121,2026-02-04 21:30:27.297268
GGD,37.75,37.74,37.76,50000000.0,50000000.0,0,0,0,0,0,0,121,2026-02-04 21:30:27.297268
PNR,59.76,59.75,59.77,50000000.0,50000000.0,0,0,0,0,0,0,121,2026-02-04 21:30:27.297268
FSR,29.16,29.15,29.17,50000000.0,50000000.0,0,0,0,0,0,0,121,2026-02-04 21:30:27.297268
ATB,58.9,58.89,58.91,50000000.0,50000000.0,0,0,0,0,0,0,121,2026-02-04 21:30:27.297268
SPK,51.86,51.85,51.87,50000000.0,50000000.0,0,0,0,0,0,0,121,2026-02-04 21:30:27.297268
EEC,45.99,45.98,46.0,50000000.0,50000000.0,0,0,0,0,0,0,121,2026-02-04 21:30:27.297268
TGX,43.05,43.04,43.06,50000000.0,50000000.0,0,0,0,0,0,0,122,2026-02-04 21:30:28.374787
PHR,48.82,48.81,48.83,50000000.0,50000000.0,0,0,0,0,0,0,122,2026-02-04 21:30:28.374787
BYL,44.4,44.39,44.41,50000000.0,50000000.0,0,0,0,0,0,0,122,2026-02-04 21:30:28.374787
CLD,81.52,81.51,81.53,50000000.0,50000000.0,0,0,0,0,0,0,122,2026-02-04 21:30:28.374787
GGD,37.82,37.81,37.83,50000000.0,50000000.0,0,0,0,0,0,0,122,2026-02-04 21:30:28.374787
PNR,60.04,60.03,60.05,50000000.0,50000000.0,0,0,0,0,0,0,122,2026-02-04 21:30:28.374787
FSR,29.08,29.07,29.09,50000000.0,50000000.0,0,0,0,0,0,0,122,2026-02-04 21:30:28.374787
ATB,59.13,59.12,59.14,50000000.0,50000000.0,0,0,0,0,0,0,122,2026-02-04 21:30:28.374787
SPK,51.81,51.8,51.82,50000000.0,50000000.0,0,0,0,0,0,0,122,2026-02-04 21:30:28.374787
EEC,45.88,45.87,45.89,50000000.0,50000000.0,0,0,0,0,0,0,122,2026-02-04 21:30:28.374787
TGX,42.99,42.98,43.0,50000000.0,50000000.0,0,0,0,0,0,0,123,2026-02-04 21:30:29.521695
PHR,48.83,48.82,48.84,50000000.0,50000000.0,0,0,0,0,0,0,123,2026-02-04 21:30:29.521695
BYL,44.3,44.29,44.31,50000000.0,50000000.0,0,0,0,0,0,0,123,2026-02-04 21:30:29.521695
CLD,81.41,81.4,81.42,50000000.0,50000000.0,0,0,0,0,0,0,123,2026-02-04 21:30:29.521695
GGD,37.73,37.72,37.74,50000000.0,50000000.0,0,0,0,0,0,0,123,2026-02-04 21:30:29.521695
PNR,59.77,59.76,59.78,50000000.0,50000000.0,0,0,0,0,0,0,123,2026-02-04 21:30:29.521695
FSR,29.13,29.12,29.14,50000000.0,50000000.0,0,0,0,0,0,0,123,2026-02-04 21:30:29.521695
ATB,59.15,59.14,59.16,50000000.0,50000000.0,0,0,0,0,0,0,123,2026-02-04 21:30:29.521695
SPK,51.71,51.7,51.72,50000000.0,50000000.0,0,0,0,0,0,0,123,2026-02-04 21:30:29.521695
EEC,45.69,45.68,45.7,50000000.0,50000000.0,0,0,0,0,0,0,123,2026-02-04 21:30:29.521695
TGX,42.95,42.94,42.96,50000000.0,50000000.0,0,0,0,0,0,0,124,2026-02-04 21:30:30.643709
PHR,48.93,48.92,48.94,50000000.0,50000000.0,0,0,0,0,0,0,124,2026-02-04 21:30:30.643709
BYL,44.41,44.4,44.42,50000000.0,50000000.0,0,0,0,0,0,0,124,2026-02-04 21:30:30.643709
CLD,81.66,81.65,81.67,50000000.0,50000000.0,0,0,0,0,0,0,124,2026-02-04 21:30:30.643709
GGD,37.78,37.77,37.79,50000000.0,50000000.0,0,0,0,0,0,0,124,2026-02-04 21:30:30.643709
PNR,59.93,59.92,59.94,50000000.0,50000000.0,0,0,0,0,0,0,124,2026-02-04 21:30:30.643709
FSR,29.13,29.12,29.14,50000000.0,50000000.0,0,0,0,0,0,0,124,2026-02-04 21:30:30.643709
ATB,58.93,58.92,58.94,50000000.0,50000000.0,0,0,0,0,0,0,124,2026-02-04 21:30:30.643709
SPK,51.5,51.49,51.51,50000000.0,50000000.0,0,0,0,0,0,0,124,2026-02-04 21:30:30.643709
EEC,45.67,45.66,45.68,50000000.0,50000000.0,0,0,0,0,0,0,124,2026-02-04 21:30:30.643709
TGX,43.01,43.0,43.02,50000000.0,50000000.0,0,0,0,0,0,0,125,2026-02-04 21:30:31.691554
PHR,48.39,48.38,48.4,50000000.0,50000000.0,0,0,0,0,0,0,125,2026-02-04 21:30:31.691554
BYL,44.29,44.28,44.3,50000000.0,50000000.0,0,0,0,0,0,0,125,2026-02-04 21:30:31.691554
CLD,81.5,81.49,81.51,50000000.0,50000000.0,0,0,0,0,0,0,125,2026-02-04 21:30:31.691554
GGD,37.74,37.73,37.75,50000000.0,50000000.0,0,0,0,0,0,0,125,2026-02-04 21:30:31.691554
PNR,59.87,59.86,59.88,50000000.0,50000000.0,0,0,0,0,0,0,125,2026-02-04 21:30:31.691554
FSR,29.16,29.15,29.17,50000000.0,50000000.0,0,0,0,0,0,0,125,2026-02-04 21:30:31.691554
ATB,59.2,59.19,59.21,50000000.0,50000000.0,0,0,0,0,0,0,125,2026-02-04 21:30:31.691554
SPK,51.53,51.52,51.54,50000000.0,50000000.0,0,0,0,0,0,0,125,2026-02-04 21:30:31.691554
EEC,45.79,45.78,45.8,50000000.0,50000000.0,0,0,0,0,0,0,125,2026-02-04 21:30:31.691554
TGX,43.17,43.16,43.18,50000000.0,50000000.0,0,0,0,0,0,0,126,2026-02-04 21:30:32.745985
PHR,48.4,48.39,48.41,50000000.0,50000000.0,0,0,0,0,0,0,126,2026-02-04 21:30:32.745985
BYL,44.57,44.56,44.58,50000000.0,50000000.0,0,0,0,0,0,0,126,2026-02-04 21:30:32.745985
CLD,82.14,82.13,82.15,50000000.0,50000000.0,0,0,0,0,0,0,126,2026-02-04 21:30:32.745985
GGD,37.78,37.77,37.79,50000000.0,50000000.0,0,0,0,0,0,0,126,2026-02-04 21:30:32.745985
PNR,59.78,59.77,59.79,50000000.0,50000000.0,0,0,0,0,0,0,126,2026-02-04 21:30:32.745985
FSR,29.17,29.16,29.18,50000000.0,50000000.0,0,0,0,0,0,0,126,2026-02-04 21:30:32.745985
ATB,59.01,59.0,59.02,50000000.0,50000000.0,0,0,0,0,0,0,126,2026-02-04 21:30:32.745985
SPK,51.5,51.48,51.5,50000000.0,50000000.0,0,0,0,0,0,0,126,2026-02-04 21:30:32.745985
EEC,45.75,45.74,45.76,50000000.0,50000000.0,0,0,0,0,0,0,126,2026-02-04 21:30:32.745985
TGX,43.17,43.16,43.18,50000000.0,50000000.0,0,0,0,0,0,0,127,2026-02-04 21:30:33.301174
PHR,48.67,48.66,48.68,50000000.0,50000000.0,0,0,0,0,0,0,127,2026-02-04 21:30:33.301174
BYL,44.64,44.63,44.65,50000000.0,50000000.0,0,0,0,0,0,0,127,2026-02-04 21:30:33.301174
CLD,82.27,82.26,82.28,50000000.0,50000000.0,0,0,0,0,0,0,127,2026-02-04 21:30:33.301174
GGD,37.86,37.85,37.87,50000000.0,50000000.0,0,0,0,0,0,0,127,2026-02-04 21:30:33.301174
PNR,59.71,59.7,59.72,50000000.0,50000000.0,0,0,0,0,0,0,127,2026-02-04 21:30:33.301174
FSR,29.15,29.14,29.16,50000000.0,50000000.0,0,0,0,0,0,0,127,2026-02-04 21:30:33.301174
ATB,58.66,58.65,58.67,50000000.0,50000000.0,0,0,0,0,0,0,127,2026-02-04 21:30:33.301174
SPK,51.37,51.36,51.38,50000000.0,50000000.0,0,0,0,0,0,0,127,2026-02-04 21:30:33.301174
EEC,45.51,45.5,45.52,50000000.0,50000000.0,0,0,0,0,0,0,127,2026-02-04 21:30:33.301174
TGX,43.18,43.17,43.19,50000000.0,50000000.0,0,0,0,0,0,0,128,2026-02-04 21:30:34.344898
PHR,48.63,48.62,48.64,50000000.0,50000000.0,0,0,0,0,0,0,128,2026-02-04 21:30:34.344898
BYL,44.82,44.81,44.83,50000000.0,50000000.0,0,0,0,0,0,0,128,2026-02-04 21:30:34.344898
CLD,82.71,82.7,82.72,50000000.0,50000000.0,0,0,0,0,0,0,128,2026-02-04 21:30:34.344898
GGD,37.96,37.95,37.97,50000000.0,50000000.0,0,0,0,0,0,0,128,2026-02-04 21:30:34.344898
PNR,60.08,60.07,60.09,50000000.0,50000000.0,0,0,0,0,0,0,128,2026-02-04 21:30:34.344898
FSR,29.16,29.15,29.17,50000000.0,50000000.0,0,0,0,0,0,0,128,2026-02-04 21:30:34.344898
ATB,58.82,58.81,58.83,50000000.0,50000000.0,0,0,0,0,0,0,128,2026-02-04 21:30:34.344898
SPK,51.32,51.31,51.33,50000000.0,50000000.0,0,0,0,0,0,0,128,2026-02-04 21:30:34.344898
EEC,45.41,45.4,45.42,50000000.0,50000000.0,0,0,0,0,0,0,128,2026-02-04 21:30:34.344898
TGX,43.13,43.12,43.14,50000000.0,50000000.0,0,0,0,0,0,0,129,2026-02-04 21:30:35.391800
PHR,49.08,49.07,49.09,50000000.0,50000000.0,0,0,0,0,0,0,129,2026-02-04 21:30:35.391800
BYL,44.82,44.81,44.83,50000000.0,50000000.0,0,0,0,0,0,0,129,2026-02-04 21:30:35.391800
CLD,82.7,82.69,82.71,50000000.0,50000000.0,0,0,0,0,0,0,129,2026-02-04 21:30:35.391800
GGD,37.91,37.9,37.92,50000000.0,50000000.0,0,0,0,0,0,0,129,2026-02-04 21:30:35.391800
PNR,60.06,60.05,60.07,50000000.0,50000000.0,0,0,0,0,0,0,129,2026-02-04 21:30:35.391800
FSR,29.21,29.2,29.22,50000000.0,50000000.0,0,0,0,0,0,0,129,2026-02-04 21:30:35.391800
ATB,58.81,58.8,58.82,50000000.0,50000000.0,0,0,0,0,0,0,129,2026-02-04 21:30:35.391800
SPK,51.31,51.3,51.32,50000000.0,50000000.0,0,0,0,0,0,0,129,2026-02-04 21:30:35.391800
EEC,45.41,45.4,45.42,50000000.0,50000000.0,0,0,0,0,0,0,129,2026-02-04 21:30:35.391800
TGX,43.1,43.09,43.11,50000000.0,50000000.0,0,0,0,0,0,0,130,2026-02-04 21:30:36.458489
PHR,49.26,49.25,49.27,50000000.0,50000000.0,0,0,0,0,0,0,130,2026-02-04 21:30:36.458489
BYL,44.59,44.58,44.6,50000000.0,50000000.0,0,0,0,0,0,0,130,2026-02-04 21:30:36.458489
CLD,82.17,82.16,82.18,50000000.0,50000000.0,0,0,0,0,0,0,130,2026-02-04 21:30:36.458489
GGD,38.01,38.0,38.02,50000000.0,50000000.0,0,0,0,0,0,0,130,2026-02-04 21:30:36.458489
PNR,60.48,60.47,60.49,50000000.0,50000000.0,0,0,0,0,0,0,130,2026-02-04 21:30:36.458489
FSR,29.15,29.14,29.16,50000000.0,50000000.0,0,0,0,0,0,0,130,2026-02-04 21:30:36.458489
ATB,58.98,58.97,58.99,50000000.0,50000000.0,0,0,0,0,0,0,130,2026-02-04 21:30:36.458489
SPK,51.2,51.19,51.21,50000000.0,50000000.0,0,0,0,0,0,0,130,2026-02-04 21:30:36.458489
EEC,45.32,45.31,45.33,50000000.0,50000000.0,0,0,0,0,0,0,130,2026-02-04 21:30:36.458489
TGX,43.11,43.1,43.12,50000000.0,50000000.0,0,0,0,0,0,0,131,2026-02-04 21:30:37.584944,15.0,1.0,130.0,D1-TGX/PHR,Integration Planning Underway,"Companies announce formation of joint integration management office and steering committees, demonstrating operational progress toward closing."
PHR,49.43,49.42,49.44,50000000.0,50000000.0,0,0,0,0,0,0,131,2026-02-04 21:30:37.584944,,,,,,
BYL,44.64,44.63,44.65,50000000.0,50000000.0,0,0,0,0,0,0,131,2026-02-04 21:30:37.584944,,,,,,
CLD,82.22,82.21,82.23,50000000.0,50000000.0,0,0,0,0,0,0,131,2026-02-04 21:30:37.584944,,,,,,
GGD,37.93,37.92,37.94,50000000.0,50000000.0,0,0,0,0,0,0,131,2026-02-04 21:30:37.584944,,,,,,
PNR,60.21,60.2,60.22,50000000.0,50000000.0,0,0,0,0,0,0,131,2026-02-04 21:30:37.584944,,,,,,
FSR,29.17,29.16,29.18,50000000.0,50000000.0,0,0,0,0,0,0,131,2026-02-04 21:30:37.584944,,,,,,
ATB,58.78,58.77,58.79,50000000.0,50000000.0,0,0,0,0,0,0,131,2026-02-04 21:30:37.584944,,,,,,
SPK,51.23,51.21,51.23,50000000.0,50000000.0,0,0,0,0,0,0,131,2026-02-04 21:30:37.584944,,,,,,
EEC,45.34,45.33,45.35,50000000.0,50000000.0,0,0,0,0,0,0,131,2026-02-04 21:30:37.584944,,,,,,
TGX,43.12,43.11,43.13,50000000.0,50000000.0,0,0,0,0,0,0,132,2026-02-04 21:30:38.658908
PHR,49.48,49.47,49.49,50000000.0,50000000.0,0,0,0,0,0,0,132,2026-02-04 21:30:38.658908
BYL,44.36,44.35,44.37,50000000.0,50000000.0,0,0,0,0,0,0,132,2026-02-04 21:30:38.658908
CLD,81.65,81.64,81.66,50000000.0,50000000.0,0,0,0,0,0,0,132,2026-02-04 21:30:38.658908
GGD,37.88,37.87,37.89,50000000.0,50000000.0,0,0,0,0,0,0,132,2026-02-04 21:30:38.658908
PNR,60.26,60.25,60.27,50000000.0,50000000.0,0,0,0,0,0,0,132,2026-02-04 21:30:38.658908
FSR,29.09,29.08,29.1,50000000.0,50000000.0,0,0,0,0,0,0,132,2026-02-04 21:30:38.658908
ATB,59.07,59.06,59.08,50000000.0,50000000.0,0,0,0,0,0,0,132,2026-02-04 21:30:38.658908
SPK,51.31,51.3,51.32,50000000.0,50000000.0,0,0,0,0,0,0,132,2026-02-04 21:30:38.658908
EEC,45.37,45.36,45.38,50000000.0,50000000.0,0,0,0,0,0,0,132,2026-02-04 21:30:38.658908
TGX,43.11,43.1,43.12,50000000.0,50000000.0,0,0,0,0,0,0,133,2026-02-04 21:30:39.707819
PHR,49.33,49.32,49.34,50000000.0,50000000.0,0,0,0,0,0,0,133,2026-02-04 21:30:39.707819
BYL,43.85,43.84,43.86,50000000.0,50000000.0,0,0,0,0,0,0,133,2026-02-04 21:30:39.707819
CLD,80.42,80.41,80.43,50000000.0,50000000.0,0,0,0,0,0,0,133,2026-02-04 21:30:39.707819
GGD,37.93,37.92,37.94,50000000.0,50000000.0,0,0,0,0,0,0,133,2026-02-04 21:30:39.707819
PNR,60.05,60.04,60.06,50000000.0,50000000.0,0,0,0,0,0,0,133,2026-02-04 21:30:39.707819
FSR,29.07,29.06,29.08,50000000.0,50000000.0,0,0,0,0,0,0,133,2026-02-04 21:30:39.707819
ATB,59.37,59.36,59.38,50000000.0,50000000.0,0,0,0,0,0,0,133,2026-02-04 21:30:39.707819
SPK,51.25,51.24,51.26,50000000.0,50000000.0,0,0,0,0,0,0,133,2026-02-04 21:30:39.707819
EEC,45.3,45.29,45.31,50000000.0,50000000.0,0,0,0,0,0,0,133,2026-02-04 21:30:39.707819
TGX,43.08,43.07,43.09,50000000.0,50000000.0,0,0,0,0,0,0,134,2026-02-04 21:30:40.777496
PHR,49.34,49.33,49.35,50000000.0,50000000.0,0,0,0,0,0,0,134,2026-02-04 21:30:40.777496
BYL,43.65,43.64,43.66,50000000.0,50000000.0,0,0,0,0,0,0,134,2026-02-04 21:30:40.777496
CLD,79.95,79.94,79.96,50000000.0,50000000.0,0,0,0,0,0,0,134,2026-02-04 21:30:40.777496
GGD,37.88,37.87,37.89,50000000.0,50000000.0,0,0,0,0,0,0,134,2026-02-04 21:30:40.777496
PNR,59.95,59.94,59.96,50000000.0,50000000.0,0,0,0,0,0,0,134,2026-02-04 21:30:40.777496
FSR,29.05,29.04,29.06,50000000.0,50000000.0,0,0,0,0,0,0,134,2026-02-04 21:30:40.777496
ATB,59.54,59.53,59.55,50000000.0,50000000.0,0,0,0,0,0,0,134,2026-02-04 21:30:40.777496
SPK,51.25,51.24,51.26,50000000.0,50000000.0,0,0,0,0,0,0,134,2026-02-04 21:30:40.777496
EEC,45.31,45.3,45.32,50000000.0,50000000.0,0,0,0,0,0,0,134,2026-02-04 21:30:40.777496
TGX,43.08,43.07,43.09,50000000.0,50000000.0,0,0,0,0,0,0,135,2026-02-04 21:30:41.832563
PHR,49.57,49.56,49.58,50000000.0,50000000.0,0,0,0,0,0,0,135,2026-02-04 21:30:41.832563
BYL,43.54,43.53,43.55,50000000.0,50000000.0,0,0,0,0,0,0,135,2026-02-04 21:30:41.832563
CLD,79.67,79.66,79.68,50000000.0,50000000.0,0,0,0,0,0,0,135,2026-02-04 21:30:41.832563
GGD,37.89,37.88,37.9,50000000.0,50000000.0,0,0,0,0,0,0,135,2026-02-04 21:30:41.832563
PNR,59.77,59.76,59.78,50000000.0,50000000.0,0,0,0,0,0,0,135,2026-02-04 21:30:41.832563
FSR,28.99,28.98,29.0,50000000.0,50000000.0,0,0,0,0,0,0,135,2026-02-04 21:30:41.832563
ATB,59.6,59.59,59.61,50000000.0,50000000.0,0,0,0,0,0,0,135,2026-02-04 21:30:41.832563
SPK,51.21,51.2,51.22,50000000.0,50000000.0,0,0,0,0,0,0,135,2026-02-04 21:30:41.832563
EEC,45.22,45.21,45.23,50000000.0,50000000.0,0,0,0,0,0,0,135,2026-02-04 21:30:41.832563
TGX,43.08,43.07,43.09,50000000.0,50000000.0,0,0,0,0,0,0,136,2026-02-04 21:30:42.405167
PHR,49.68,49.67,49.69,50000000.0,50000000.0,0,0,0,0,0,0,136,2026-02-04 21:30:42.405167
BYL,43.86,43.85,43.87,50000000.0,50000000.0,0,0,0,0,0,0,136,2026-02-04 21:30:42.405167
CLD,80.44,80.43,80.45,50000000.0,50000000.0,0,0,0,0,0,0,136,2026-02-04 21:30:42.405167
GGD,37.89,37.88,37.9,50000000.0,50000000.0,0,0,0,0,0,0,136,2026-02-04 21:30:42.405167
PNR,60.0,59.99,60.01,50000000.0,50000000.0,0,0,0,0,0,0,136,2026-02-04 21:30:42.405167
FSR,29.02,29.01,29.03,50000000.0,50000000.0,0,0,0,0,0,0,136,2026-02-04 21:30:42.405167
ATB,59.45,59.44,59.46,50000000.0,50000000.0,0,0,0,0,0,0,136,2026-02-04 21:30:42.405167
SPK,51.27,51.26,51.28,50000000.0,50000000.0,0,0,0,0,0,0,136,2026-02-04 21:30:42.405167
EEC,45.34,45.33,45.35,50000000.0,50000000.0,0,0,0,0,0,0,136,2026-02-04 21:30:42.405167
TGX,43.08,43.07,43.09,50000000.0,50000000.0,0,0,0,0,0,0,137,2026-02-04 21:30:43.455956
PHR,49.69,49.68,49.7,50000000.0,50000000.0,0,0,0,0,0,0,137,2026-02-04 21:30:43.455956
BYL,43.87,43.86,43.88,50000000.0,50000000.0,0,0,0,0,0,0,137,2026-02-04 21:30:43.455956
CLD,80.42,80.41,80.43,50000000.0,50000000.0,0,0,0,0,0,0,137,2026-02-04 21:30:43.455956
GGD,37.9,37.89,37.91,50000000.0,50000000.0,0,0,0,0,0,0,137,2026-02-04 21:30:43.455956
PNR,60.23,60.22,60.24,50000000.0,50000000.0,0,0,0,0,0,0,137,2026-02-04 21:30:43.455956
FSR,29.0,28.99,29.01,50000000.0,50000000.0,0,0,0,0,0,0,137,2026-02-04 21:30:43.455956
ATB,59.47,59.46,59.48,50000000.0,50000000.0,0,0,0,0,0,0,137,2026-02-04 21:30:43.455956
SPK,51.36,51.35,51.37,50000000.0,50000000.0,0,0,0,0,0,0,137,2026-02-04 21:30:43.455956
EEC,45.52,45.51,45.53,50000000.0,50000000.0,0,0,0,0,0,0,137,2026-02-04 21:30:43.455956
TGX,43.05,43.04,43.06,50000000.0,50000000.0,0,0,0,0,0,0,138,2026-02-04 21:30:44.558804,16.0,1.0,137.0,D3-GGD/PNR,Bridge Financing Commitment Signed,PetroNorth secures $3.5B bridge facility from major banks to fund cash component of mixed consideration.
PHR,49.74,49.73,49.75,50000000.0,50000000.0,0,0,0,0,0,0,138,2026-02-04 21:30:44.558804,,,,,,
BYL,43.83,43.82,43.84,50000000.0,50000000.0,0,0,0,0,0,0,138,2026-02-04 21:30:44.558804,,,,,,
CLD,80.31,80.3,80.32,50000000.0,50000000.0,0,0,0,0,0,0,138,2026-02-04 21:30:44.558804,,,,,,
GGD,37.82,37.81,37.83,50000000.0,50000000.0,0,0,0,0,0,0,138,2026-02-04 21:30:44.558804,,,,,,
PNR,60.41,60.4,60.42,50000000.0,50000000.0,0,0,0,0,0,0,138,2026-02-04 21:30:44.558804,,,,,,
FSR,29.03,29.02,29.04,50000000.0,50000000.0,0,0,0,0,0,0,138,2026-02-04 21:30:44.558804,,,,,,
ATB,59.5,59.49,59.51,50000000.0,50000000.0,0,0,0,0,0,0,138,2026-02-04 21:30:44.558804,,,,,,
SPK,51.22,51.21,51.23,50000000.0,50000000.0,0,0,0,0,0,0,138,2026-02-04 21:30:44.558804,,,,,,
EEC,45.38,45.37,45.39,50000000.0,50000000.0,0,0,0,0,0,0,138,2026-02-04 21:30:44.558804,,,,,,
TGX,43.09,43.08,43.1,50000000.0,50000000.0,0,0,0,0,0,0,139,2026-02-04 21:30:45.646447
PHR,49.43,49.42,49.44,50000000.0,50000000.0,0,0,0,0,0,0,139,2026-02-04 21:30:45.646447
BYL,43.5,43.49,43.51,50000000.0,50000000.0,0,0,0,0,0,0,139,2026-02-04 21:30:45.646447
CLD,79.66,79.65,79.67,50000000.0,50000000.0,0,0,0,0,0,0,139,2026-02-04 21:30:45.646447
GGD,37.74,37.73,37.75,50000000.0,50000000.0,0,0,0,0,0,0,139,2026-02-04 21:30:45.646447
PNR,60.01,60.0,60.02,50000000.0,50000000.0,0,0,0,0,0,0,139,2026-02-04 21:30:45.646447
FSR,29.08,29.07,29.09,50000000.0,50000000.0,0,0,0,0,0,0,139,2026-02-04 21:30:45.646447
ATB,59.71,59.7,59.72,50000000.0,50000000.0,0,0,0,0,0,0,139,2026-02-04 21:30:45.646447
SPK,51.35,51.34,51.36,50000000.0,50000000.0,0,0,0,0,0,0,139,2026-02-04 21:30:45.646447
EEC,45.6,45.59,45.61,50000000.0,50000000.0,0,0,0,0,0,0,139,2026-02-04 21:30:45.646447
TGX,43.07,43.06,43.08,50000000.0,50000000.0,0,0,0,0,0,0,140,2026-02-04 21:30:46.747734
PHR,49.29,49.28,49.3,50000000.0,50000000.0,0,0,0,0,0,0,140,2026-02-04 21:30:46.747734
BYL,43.5,43.49,43.51,50000000.0,50000000.0,0,0,0,0,0,0,140,2026-02-04 21:30:46.747734
CLD,79.68,79.67,79.69,50000000.0,50000000.0,0,0,0,0,0,0,140,2026-02-04 21:30:46.747734
GGD,37.7,37.69,37.71,50000000.0,50000000.0,0,0,0,0,0,0,140,2026-02-04 21:30:46.747734
PNR,59.94,59.93,59.95,50000000.0,50000000.0,0,0,0,0,0,0,140,2026-02-04 21:30:46.747734
FSR,29.09,29.08,29.1,50000000.0,50000000.0,0,0,0,0,0,0,140,2026-02-04 21:30:46.747734
ATB,60.06,60.05,60.07,50000000.0,50000000.0,0,0,0,0,0,0,140,2026-02-04 21:30:46.747734
SPK,51.45,51.44,51.46,50000000.0,50000000.0,0,0,0,0,0,0,140,2026-02-04 21:30:46.747734
EEC,45.67,45.66,45.68,50000000.0,50000000.0,0,0,0,0,0,0,140,2026-02-04 21:30:46.747734
TGX,43.09,43.08,43.1,50000000.0,50000000.0,0,0,0,0,0,0,141,2026-02-04 21:30:47.800756
PHR,49.01,49.0,49.02,50000000.0,50000000.0,0,0,0,0,0,0,141,2026-02-04 21:30:47.800756
BYL,43.45,43.44,43.46,50000000.0,50000000.0,0,0,0,0,0,0,141,2026-02-04 21:30:47.800756
CLD,79.71,79.7,79.72,50000000.0,50000000.0,0,0,0,0,0,0,141,2026-02-04 21:30:47.800756
GGD,37.79,37.78,37.8,50000000.0,50000000.0,0,0,0,0,0,0,141,2026-02-04 21:30:47.800756
PNR,59.88,59.87,59.89,50000000.0,50000000.0,0,0,0,0,0,0,141,2026-02-04 21:30:47.800756
FSR,29.08,29.07,29.09,50000000.0,50000000.0,0,0,0,0,0,0,141,2026-02-04 21:30:47.800756
ATB,60.1,60.09,60.11,50000000.0,50000000.0,0,0,0,0,0,0,141,2026-02-04 21:30:47.800756
SPK,51.37,51.36,51.38,50000000.0,50000000.0,0,0,0,0,0,0,141,2026-02-04 21:30:47.800756
EEC,45.55,45.54,45.56,50000000.0,50000000.0,0,0,0,0,0,0,141,2026-02-04 21:30:47.800756
TGX,43.12,43.11,43.13,50000000.0,50000000.0,0,0,0,0,0,0,142,2026-02-04 21:30:48.862514
PHR,48.75,48.74,48.76,50000000.0,50000000.0,0,0,0,0,0,0,142,2026-02-04 21:30:48.862514
BYL,43.26,43.25,43.27,50000000.0,50000000.0,0,0,0,0,0,0,142,2026-02-04 21:30:48.862514
CLD,79.29,79.28,79.3,50000000.0,50000000.0,0,0,0,0,0,0,142,2026-02-04 21:30:48.862514
GGD,37.81,37.8,37.82,50000000.0,50000000.0,0,0,0,0,0,0,142,2026-02-04 21:30:48.862514
PNR,60.07,60.06,60.08,50000000.0,50000000.0,0,0,0,0,0,0,142,2026-02-04 21:30:48.862514
FSR,29.06,29.05,29.07,50000000.0,50000000.0,0,0,0,0,0,0,142,2026-02-04 21:30:48.862514
ATB,59.9,59.89,59.91,50000000.0,50000000.0,0,0,0,0,0,0,142,2026-02-04 21:30:48.862514
SPK,51.21,51.2,51.22,50000000.0,50000000.0,0,0,0,0,0,0,142,2026-02-04 21:30:48.862514
EEC,45.26,45.25,45.27,50000000.0,50000000.0,0,0,0,0,0,0,142,2026-02-04 21:30:48.862514
TGX,43.15,43.14,43.16,50000000.0,50000000.0,0,0,0,0,0,0,143,2026-02-04 21:30:49.445096,17.0,1.0,142.0,D2-BYL/CLD,Congressional Tech Oversight Hearing,Senate Commerce Committee announces hearing on cloud market consolidation featuring this transaction as case study.
PHR,48.37,48.36,48.38,50000000.0,50000000.0,0,0,0,0,0,0,143,2026-02-04 21:30:49.445096,,,,,,
BYL,43.41,43.4,43.42,50000000.0,50000000.0,0,0,0,0,0,0,143,2026-02-04 21:30:49.445096,,,,,,
CLD,79.68,79.67,79.69,50000000.0,50000000.0,0,0,0,0,0,0,143,2026-02-04 21:30:49.445096,,,,,,
GGD,37.82,37.81,37.83,50000000.0,50000000.0,0,0,0,0,0,0,143,2026-02-04 21:30:49.445096,,,,,,
PNR,60.19,60.18,60.2,50000000.0,50000000.0,0,0,0,0,0,0,143,2026-02-04 21:30:49.445096,,,,,,
FSR,29.11,29.1,29.12,50000000.0,50000000.0,0,0,0,0,0,0,143,2026-02-04 21:30:49.445096,,,,,,
ATB,60.48,60.47,60.49,50000000.0,50000000.0,0,0,0,0,0,0,143,2026-02-04 21:30:49.445096,,,,,,
SPK,51.32,51.31,51.33,50000000.0,50000000.0,0,0,0,0,0,0,143,2026-02-04 21:30:49.445096,,,,,,
EEC,45.43,45.42,45.44,50000000.0,50000000.0,0,0,0,0,0,0,143,2026-02-04 21:30:49.445096,,,,,,
TGX,43.23,43.22,43.24,50000000.0,50000000.0,0,0,0,0,0,0,144,2026-02-04 21:30:50.566087
PHR,48.38,48.37,48.39,50000000.0,50000000.0,0,0,0,0,0,0,144,2026-02-04 21:30:50.566087
BYL,43.37,43.36,43.38,50000000.0,50000000.0,0,0,0,0,0,0,144,2026-02-04 21:30:50.566087
CLD,79.6,79.59,79.61,50000000.0,50000000.0,0,0,0,0,0,0,144,2026-02-04 21:30:50.566087
GGD,37.91,37.9,37.92,50000000.0,50000000.0,0,0,0,0,0,0,144,2026-02-04 21:30:50.566087
PNR,60.57,60.56,60.58,50000000.0,50000000.0,0,0,0,0,0,0,144,2026-02-04 21:30:50.566087
FSR,29.05,29.04,29.06,50000000.0,50000000.0,0,0,0,0,0,0,144,2026-02-04 21:30:50.566087
ATB,60.2,60.19,60.21,50000000.0,50000000.0,0,0,0,0,0,0,144,2026-02-04 21:30:50.566087
SPK,51.1,51.09,51.11,50000000.0,50000000.0,0,0,0,0,0,0,144,2026-02-04 21:30:50.566087
EEC,45.07,45.06,45.08,50000000.0,50000000.0,0,0,0,0,0,0,144,2026-02-04 21:30:50.566087
TGX,43.26,43.25,43.27,50000000.0,50000000.0,0,0,0,0,0,0,145,2026-02-04 21:30:51.668651
PHR,48.21,48.2,48.22,50000000.0,50000000.0,0,0,0,0,0,0,145,2026-02-04 21:30:51.668651
BYL,43.21,43.2,43.22,50000000.0,50000000.0,0,0,0,0,0,0,145,2026-02-04 21:30:51.668651
CLD,79.24,79.23,79.25,50000000.0,50000000.0,0,0,0,0,0,0,145,2026-02-04 21:30:51.668651
GGD,37.94,37.93,37.95,50000000.0,50000000.0,0,0,0,0,0,0,145,2026-02-04 21:30:51.668651
PNR,60.91,60.9,60.92,50000000.0,50000000.0,0,0,0,0,0,0,145,2026-02-04 21:30:51.668651
FSR,29.01,29.0,29.02,50000000.0,50000000.0,0,0,0,0,0,0,145,2026-02-04 21:30:51.668651
ATB,60.23,60.22,60.24,50000000.0,50000000.0,0,0,0,0,0,0,145,2026-02-04 21:30:51.668651
SPK,51.22,51.21,51.23,50000000.0,50000000.0,0,0,0,0,0,0,145,2026-02-04 21:30:51.668651
EEC,45.29,45.28,45.3,50000000.0,50000000.0,0,0,0,0,0,0,145,2026-02-04 21:30:51.668651
TGX,43.28,43.27,43.29,50000000.0,50000000.0,0,0,0,0,0,0,146,2026-02-04 21:30:52.730388
PHR,48.17,48.16,48.18,50000000.0,50000000.0,0,0,0,0,0,0,146,2026-02-04 21:30:52.730388
BYL,43.29,43.28,43.3,50000000.0,50000000.0,0,0,0,0,0,0,146,2026-02-04 21:30:52.730388
CLD,79.38,79.37,79.39,50000000.0,50000000.0,0,0,0,0,0,0,146,2026-02-04 21:30:52.730388
GGD,37.86,37.85,37.87,50000000.0,50000000.0,0,0,0,0,0,0,146,2026-02-04 21:30:52.730388
PNR,60.62,60.61,60.63,50000000.0,50000000.0,0,0,0,0,0,0,146,2026-02-04 21:30:52.730388
FSR,29.01,29.0,29.02,50000000.0,50000000.0,0,0,0,0,0,0,146,2026-02-04 21:30:52.730388
ATB,59.92,59.91,59.93,50000000.0,50000000.0,0,0,0,0,0,0,146,2026-02-04 21:30:52.730388
SPK,51.17,51.16,51.18,50000000.0,50000000.0,0,0,0,0,0,0,146,2026-02-04 21:30:52.730388
EEC,45.34,45.33,45.35,50000000.0,50000000.0,0,0,0,0,0,0,146,2026-02-04 21:30:52.730388
TGX,43.35,43.34,43.36,50000000.0,50000000.0,0,0,0,0,0,0,147,2026-02-04 21:30:53.829384
PHR,48.47,48.46,48.48,50000000.0,50000000.0,0,0,0,0,0,0,147,2026-02-04 21:30:53.829384
BYL,43.22,43.21,43.23,50000000.0,50000000.0,0,0,0,0,0,0,147,2026-02-04 21:30:53.829384
CLD,79.15,79.14,79.16,50000000.0,50000000.0,0,0,0,0,0,0,147,2026-02-04 21:30:53.829384
GGD,37.83,37.82,37.84,50000000.0,50000000.0,0,0,0,0,0,0,147,2026-02-04 21:30:53.829384
PNR,60.33,60.32,60.34,50000000.0,50000000.0,0,0,0,0,0,0,147,2026-02-04 21:30:53.829384
FSR,29.06,29.05,29.07,50000000.0,50000000.0,0,0,0,0,0,0,147,2026-02-04 21:30:53.829384
ATB,60.1,60.09,60.11,50000000.0,50000000.0,0,0,0,0,0,0,147,2026-02-04 21:30:53.829384
SPK,51.09,51.08,51.1,50000000.0,50000000.0,0,0,0,0,0,0,147,2026-02-04 21:30:53.829384
EEC,45.21,45.2,45.22,50000000.0,50000000.0,0,0,0,0,0,0,147,2026-02-04 21:30:53.829384
TGX,43.39,43.38,43.4,50000000.0,50000000.0,0,0,0,0,0,0,148,2026-02-04 21:30:54.891501
PHR,48.18,48.17,48.19,50000000.0,50000000.0,0,0,0,0,0,0,148,2026-02-04 21:30:54.891501
BYL,43.22,43.21,43.23,50000000.0,50000000.0,0,0,0,0,0,0,148,2026-02-04 21:30:54.891501
CLD,79.1,79.09,79.11,50000000.0,50000000.0,0,0,0,0,0,0,148,2026-02-04 21:30:54.891501
GGD,37.76,37.75,37.77,50000000.0,50000000.0,0,0,0,0,0,0,148,2026-02-04 21:30:54.891501
PNR,60.29,60.28,60.3,50000000.0,50000000.0,0,0,0,0,0,0,148,2026-02-04 21:30:54.891501
FSR,29.1,29.09,29.11,50000000.0,50000000.0,0,0,0,0,0,0,148,2026-02-04 21:30:54.891501
ATB,60.08,60.07,60.09,50000000.0,50000000.0,0,0,0,0,0,0,148,2026-02-04 21:30:54.891501
SPK,50.88,50.87,50.89,50000000.0,50000000.0,0,0,0,0,0,0,148,2026-02-04 21:30:54.891501
EEC,44.93,44.92,44.94,50000000.0,50000000.0,0,0,0,0,0,0,148,2026-02-04 21:30:54.891501
TGX,43.81,43.8,43.82,50000000.0,50000000.0,0,0,0,0,0,0,149,2026-02-04 21:30:55.447332
PHR,48.44,48.43,48.45,50000000.0,50000000.0,0,0,0,0,0,0,149,2026-02-04 21:30:55.447332
BYL,43.47,43.46,43.48,50000000.0,50000000.0,0,0,0,0,0,0,149,2026-02-04 21:30:55.447332
CLD,79.8,79.79,79.81,50000000.0,50000000.0,0,0,0,0,0,0,149,2026-02-04 21:30:55.447332
GGD,37.82,37.81,37.83,50000000.0,50000000.0,0,0,0,0,0,0,149,2026-02-04 21:30:55.447332
PNR,60.18,60.17,60.19,50000000.0,50000000.0,0,0,0,0,0,0,149,2026-02-04 21:30:55.447332
FSR,29.08,29.07,29.09,50000000.0,50000000.0,0,0,0,0,0,0,149,2026-02-04 21:30:55.447332
ATB,60.1,60.09,60.11,50000000.0,50000000.0,0,0,0,0,0,0,149,2026-02-04 21:30:55.447332
SPK,50.84,50.83,50.85,50000000.0,50000000.0,0,0,0,0,0,0,149,2026-02-04 21:30:55.447332
EEC,44.88,44.87,44.89,50000000.0,50000000.0,0,0,0,0,0,0,149,2026-02-04 21:30:55.447332
TGX,43.84,43.83,43.85,50000000.0,50000000.0,0,0,0,0,0,0,150,2026-02-04 21:30:56.488309
PHR,48.28,48.27,48.29,50000000.0,50000000.0,0,0,0,0,0,0,150,2026-02-04 21:30:56.488309
BYL,43.54,43.53,43.55,50000000.0,50000000.0,0,0,0,0,0,0,150,2026-02-04 21:30:56.488309
CLD,80.02,80.01,80.03,50000000.0,50000000.0,0,0,0,0,0,0,150,2026-02-04 21:30:56.488309
GGD,37.81,37.8,37.82,50000000.0,50000000.0,0,0,0,0,0,0,150,2026-02-04 21:30:56.488309
PNR,59.96,59.95,59.97,50000000.0,50000000.0,0,0,0,0,0,0,150,2026-02-04 21:30:56.488309
FSR,29.09,29.08,29.1,50000000.0,50000000.0,0,0,0,0,0,0,150,2026-02-04 21:30:56.488309
ATB,60.31,60.3,60.32,50000000.0,50000000.0,0,0,0,0,0,0,150,2026-02-04 21:30:56.488309
SPK,50.88,50.87,50.89,50000000.0,50000000.0,0,0,0,0,0,0,150,2026-02-04 21:30:56.488309
EEC,44.95,44.94,44.96,50000000.0,50000000.0,0,0,0,0,0,0,150,2026-02-04 21:30:56.488309
TGX,43.82,43.81,43.83,50000000.0,50000000.0,0,0,0,0,0,0,151,2026-02-04 21:30:57.543233
PHR,48.25,48.24,48.26,50000000.0,50000000.0,0,0,0,0,0,0,151,2026-02-04 21:30:57.543233
BYL,43.61,43.6,43.62,50000000.0,50000000.0,0,0,0,0,0,0,151,2026-02-04 21:30:57.543233
CLD,80.09,80.08,80.1,50000000.0,50000000.0,0,0,0,0,0,0,151,2026-02-04 21:30:57.543233
GGD,37.83,37.82,37.84,50000000.0,50000000.0,0,0,0,0,0,0,151,2026-02-04 21:30:57.543233
PNR,60.06,60.05,60.07,50000000.0,50000000.0,0,0,0,0,0,0,151,2026-02-04 21:30:57.543233
FSR,28.98,28.97,28.99,50000000.0,50000000.0,0,0,0,0,0,0,151,2026-02-04 21:30:57.543233
ATB,60.23,60.22,60.24,50000000.0,50000000.0,0,0,0,0,0,0,151,2026-02-04 21:30:57.543233
SPK,50.76,50.75,50.77,50000000.0,50000000.0,0,0,0,0,0,0,151,2026-02-04 21:30:57.543233
EEC,44.76,44.75,44.77,50000000.0,50000000.0,0,0,0,0,0,0,151,2026-02-04 21:30:57.543233
TGX,43.81,43.8,43.82,50000000.0,50000000.0,0,0,0,0,0,0,152,2026-02-04 21:30:58.694434
PHR,48.04,48.03,48.05,50000000.0,50000000.0,0,0,0,0,0,0,152,2026-02-04 21:30:58.694434
BYL,43.61,43.6,43.62,50000000.0,50000000.0,0,0,0,0,0,0,152,2026-02-04 21:30:58.694434
CLD,80.14,80.13,80.15,50000000.0,50000000.0,0,0,0,0,0,0,152,2026-02-04 21:30:58.694434
GGD,37.72,37.71,37.73,50000000.0,50000000.0,0,0,0,0,0,0,152,2026-02-04 21:30:58.694434
PNR,59.86,59.85,59.87,50000000.0,50000000.0,0,0,0,0,0,0,152,2026-02-04 21:30:58.694434
FSR,28.95,28.94,28.96,50000000.0,50000000.0,0,0,0,0,0,0,152,2026-02-04 21:30:58.694434
ATB,60.34,60.33,60.35,50000000.0,50000000.0,0,0,0,0,0,0,152,2026-02-04 21:30:58.694434
SPK,50.86,50.85,50.87,50000000.0,50000000.0,0,0,0,0,0,0,152,2026-02-04 21:30:58.694434
EEC,44.92,44.91,44.93,50000000.0,50000000.0,0,0,0,0,0,0,152,2026-02-04 21:30:58.694434
TGX,43.84,43.83,43.85,50000000.0,50000000.0,0,0,0,0,0,0,153,2026-02-04 21:30:59.762985
PHR,48.1,48.09,48.11,50000000.0,50000000.0,0,0,0,0,0,0,153,2026-02-04 21:30:59.762985
BYL,43.76,43.75,43.77,50000000.0,50000000.0,0,0,0,0,0,0,153,2026-02-04 21:30:59.762985
CLD,80.53,80.52,80.54,50000000.0,50000000.0,0,0,0,0,0,0,153,2026-02-04 21:30:59.762985
GGD,37.75,37.74,37.76,50000000.0,50000000.0,0,0,0,0,0,0,153,2026-02-04 21:30:59.762985
PNR,59.72,59.71,59.73,50000000.0,50000000.0,0,0,0,0,0,0,153,2026-02-04 21:30:59.762985
FSR,28.93,28.92,28.94,50000000.0,50000000.0,0,0,0,0,0,0,153,2026-02-04 21:30:59.762985
ATB,60.35,60.34,60.36,50000000.0,50000000.0,0,0,0,0,0,0,153,2026-02-04 21:30:59.762985
SPK,51.03,51.02,51.04,50000000.0,50000000.0,0,0,0,0,0,0,153,2026-02-04 21:30:59.762985
EEC,45.14,45.13,45.15,50000000.0,50000000.0,0,0,0,0,0,0,153,2026-02-04 21:30:59.762985
TGX,43.81,43.8,43.82,50000000.0,50000000.0,0,0,0,0,0,0,154,2026-02-04 21:31:00.815441
PHR,48.37,48.36,48.38,50000000.0,50000000.0,0,0,0,0,0,0,154,2026-02-04 21:31:00.815441
BYL,43.79,43.78,43.8,50000000.0,50000000.0,0,0,0,0,0,0,154,2026-02-04 21:31:00.815441
CLD,80.56,80.55,80.57,50000000.0,50000000.0,0,0,0,0,0,0,154,2026-02-04 21:31:00.815441
GGD,37.76,37.75,37.77,50000000.0,50000000.0,0,0,0,0,0,0,154,2026-02-04 21:31:00.815441
PNR,59.82,59.81,59.83,50000000.0,50000000.0,0,0,0,0,0,0,154,2026-02-04 21:31:00.815441
FSR,28.93,28.92,28.94,50000000.0,50000000.0,0,0,0,0,0,0,154,2026-02-04 21:31:00.815441
ATB,60.38,60.37,60.39,50000000.0,50000000.0,0,0,0,0,0,0,154,2026-02-04 21:31:00.815441
SPK,51.07,51.06,51.08,50000000.0,50000000.0,0,0,0,0,0,0,154,2026-02-04 21:31:00.815441
EEC,45.12,45.11,45.13,50000000.0,50000000.0,0,0,0,0,0,0,154,2026-02-04 21:31:00.815441
TGX,43.78,43.77,43.79,50000000.0,50000000.0,0,0,0,0,0,0,155,2026-02-04 21:31:01.867574
PHR,48.7,48.69,48.71,50000000.0,50000000.0,0,0,0,0,0,0,155,2026-02-04 21:31:01.867574
BYL,43.92,43.91,43.93,50000000.0,50000000.0,0,0,0,0,0,0,155,2026-02-04 21:31:01.867574
CLD,80.89,80.88,80.9,50000000.0,50000000.0,0,0,0,0,0,0,155,2026-02-04 21:31:01.867574
GGD,37.76,37.75,37.77,50000000.0,50000000.0,0,0,0,0,0,0,155,2026-02-04 21:31:01.867574
PNR,60.35,60.34,60.36,50000000.0,50000000.0,0,0,0,0,0,0,155,2026-02-04 21:31:01.867574
FSR,28.88,28.87,28.89,50000000.0,50000000.0,0,0,0,0,0,0,155,2026-02-04 21:31:01.867574
ATB,60.33,60.32,60.34,50000000.0,50000000.0,0,0,0,0,0,0,155,2026-02-04 21:31:01.867574
SPK,50.92,50.91,50.93,50000000.0,50000000.0,0,0,0,0,0,0,155,2026-02-04 21:31:01.867574
EEC,44.89,44.88,44.9,50000000.0,50000000.0,0,0,0,0,0,0,155,2026-02-04 21:31:01.867574
TGX,43.77,43.76,43.78,50000000.0,50000000.0,0,0,0,0,0,0,156,2026-02-04 21:31:02.919302
PHR,48.56,48.55,48.57,50000000.0,50000000.0,0,0,0,0,0,0,156,2026-02-04 21:31:02.919302
BYL,43.77,43.76,43.78,50000000.0,50000000.0,0,0,0,0,0,0,156,2026-02-04 21:31:02.919302
CLD,80.59,80.58,80.6,50000000.0,50000000.0,0,0,0,0,0,0,156,2026-02-04 21:31:02.919302
GGD,37.78,37.77,37.79,50000000.0,50000000.0,0,0,0,0,0,0,156,2026-02-04 21:31:02.919302
PNR,60.45,60.44,60.46,50000000.0,50000000.0,0,0,0,0,0,0,156,2026-02-04 21:31:02.919302
FSR,28.92,28.91,28.93,50000000.0,50000000.0,0,0,0,0,0,0,156,2026-02-04 21:31:02.919302
ATB,60.17,60.16,60.18,50000000.0,50000000.0,0,0,0,0,0,0,156,2026-02-04 21:31:02.919302
SPK,50.96,50.95,50.97,50000000.0,50000000.0,0,0,0,0,0,0,156,2026-02-04 21:31:02.919302
EEC,44.96,44.95,44.97,50000000.0,50000000.0,0,0,0,0,0,0,156,2026-02-04 21:31:02.919302
TGX,43.76,43.75,43.77,50000000.0,50000000.0,0,0,0,0,0,0,157,2026-02-04 21:31:03.465052
PHR,48.64,48.63,48.65,50000000.0,50000000.0,0,0,0,0,0,0,157,2026-02-04 21:31:03.465052
BYL,43.79,43.78,43.8,50000000.0,50000000.0,0,0,0,0,0,0,157,2026-02-04 21:31:03.465052
CLD,80.64,80.63,80.65,50000000.0,50000000.0,0,0,0,0,0,0,157,2026-02-04 21:31:03.465052
GGD,37.93,37.92,37.94,50000000.0,50000000.0,0,0,0,0,0,0,157,2026-02-04 21:31:03.465052
PNR,60.96,60.95,60.97,50000000.0,50000000.0,0,0,0,0,0,0,157,2026-02-04 21:31:03.465052
FSR,28.85,28.84,28.86,50000000.0,50000000.0,0,0,0,0,0,0,157,2026-02-04 21:31:03.465052
ATB,60.12,60.11,60.13,50000000.0,50000000.0,0,0,0,0,0,0,157,2026-02-04 21:31:03.465052
SPK,50.72,50.71,50.73,50000000.0,50000000.0,0,0,0,0,0,0,157,2026-02-04 21:31:03.465052
EEC,44.45,44.44,44.46,50000000.0,50000000.0,0,0,0,0,0,0,157,2026-02-04 21:31:03.465052
TGX,43.75,43.74,43.76,50000000.0,50000000.0,0,0,0,0,0,0,158,2026-02-04 21:31:04.618640
PHR,48.07,48.06,48.08,50000000.0,50000000.0,0,0,0,0,0,0,158,2026-02-04 21:31:04.618640
BYL,43.71,43.7,43.72,50000000.0,50000000.0,0,0,0,0,0,0,158,2026-02-04 21:31:04.618640
CLD,80.41,80.4,80.42,50000000.0,50000000.0,0,0,0,0,0,0,158,2026-02-04 21:31:04.618640
GGD,38.85,38.84,38.86,50000000.0,50000000.0,0,0,0,0,0,0,158,2026-02-04 21:31:04.618640
PNR,60.82,60.81,60.83,50000000.0,50000000.0,0,0,0,0,0,0,158,2026-02-04 21:31:04.618640
FSR,28.78,28.77,28.79,50000000.0,50000000.0,0,0,0,0,0,0,158,2026-02-04 21:31:04.618640
ATB,60.0,59.99,60.01,50000000.0,50000000.0,0,0,0,0,0,0,158,2026-02-04 21:31:04.618640
SPK,50.82,50.81,50.83,50000000.0,50000000.0,0,0,0,0,0,0,158,2026-02-04 21:31:04.618640
EEC,44.55,44.54,44.56,50000000.0,50000000.0,0,0,0,0,0,0,158,2026-02-04 21:31:04.618640
TGX,43.74,43.73,43.75,50000000.0,50000000.0,0,0,0,0,0,0,159,2026-02-04 21:31:05.952925
PHR,47.59,47.58,47.6,50000000.0,50000000.0,0,0,0,0,0,0,159,2026-02-04 21:31:05.952925
BYL,43.53,43.52,43.54,50000000.0,50000000.0,0,0,0,0,0,0,159,2026-02-04 21:31:05.952925
CLD,79.94,79.93,79.95,50000000.0,50000000.0,0,0,0,0,0,0,159,2026-02-04 21:31:05.952925
GGD,38.88,38.87,38.89,50000000.0,50000000.0,0,0,0,0,0,0,159,2026-02-04 21:31:05.952925
PNR,60.91,60.9,60.92,50000000.0,50000000.0,0,0,0,0,0,0,159,2026-02-04 21:31:05.952925
FSR,28.79,28.78,28.8,50000000.0,50000000.0,0,0,0,0,0,0,159,2026-02-04 21:31:05.952925
ATB,60.12,60.11,60.13,50000000.0,50000000.0,0,0,0,0,0,0,159,2026-02-04 21:31:05.952925
SPK,50.8,50.79,50.81,50000000.0,50000000.0,0,0,0,0,0,0,159,2026-02-04 21:31:05.952925
EEC,44.42,44.41,44.43,50000000.0,50000000.0,0,0,0,0,0,0,159,2026-02-04 21:31:05.952925
TGX,43.68,43.67,43.69,50000000.0,50000000.0,0,0,0,0,0,0,160,2026-02-04 21:31:06.733879
PHR,47.44,47.43,47.45,50000000.0,50000000.0,0,0,0,0,0,0,160,2026-02-04 21:31:06.733879
BYL,43.63,43.62,43.64,50000000.0,50000000.0,0,0,0,0,0,0,160,2026-02-04 21:31:06.733879
CLD,80.12,80.11,80.13,50000000.0,50000000.0,0,0,0,0,0,0,160,2026-02-04 21:31:06.733879
GGD,38.92,38.91,38.93,50000000.0,50000000.0,0,0,0,0,0,0,160,2026-02-04 21:31:06.733879
PNR,60.9,60.89,60.91,50000000.0,50000000.0,0,0,0,0,0,0,160,2026-02-04 21:31:06.733879
FSR,28.79,28.78,28.8,50000000.0,50000000.0,0,0,0,0,0,0,160,2026-02-04 21:31:06.733879
ATB,59.59,59.58,59.6,50000000.0,50000000.0,0,0,0,0,0,0,160,2026-02-04 21:31:06.733879
SPK,50.81,50.8,50.82,50000000.0,50000000.0,0,0,0,0,0,0,160,2026-02-04 21:31:06.733879
EEC,44.53,44.52,44.54,50000000.0,50000000.0,0,0,0,0,0,0,160,2026-02-04 21:31:06.733879
TGX,43.67,43.66,43.68,50000000.0,50000000.0,0,0,0,0,0,0,161,2026-02-04 21:31:07.976272
PHR,47.21,47.2,47.22,50000000.0,50000000.0,0,0,0,0,0,0,161,2026-02-04 21:31:07.976272
BYL,43.49,43.48,43.5,50000000.0,50000000.0,0,0,0,0,0,0,161,2026-02-04 21:31:07.976272
CLD,79.73,79.72,79.74,50000000.0,50000000.0,0,0,0,0,0,0,161,2026-02-04 21:31:07.976272
GGD,38.94,38.93,38.95,50000000.0,50000000.0,0,0,0,0,0,0,161,2026-02-04 21:31:07.976272
PNR,61.03,61.02,61.04,50000000.0,50000000.0,0,0,0,0,0,0,161,2026-02-04 21:31:07.976272
FSR,28.86,28.85,28.87,50000000.0,50000000.0,0,0,0,0,0,0,161,2026-02-04 21:31:07.976272
ATB,59.65,59.64,59.66,50000000.0,50000000.0,0,0,0,0,0,0,161,2026-02-04 21:31:07.976272
SPK,50.66,50.65,50.67,50000000.0,50000000.0,0,0,0,0,0,0,161,2026-02-04 21:31:07.976272
EEC,44.31,44.3,44.32,50000000.0,50000000.0,0,0,0,0,0,0,161,2026-02-04 21:31:07.976272
TGX,43.67,43.66,43.68,50000000.0,50000000.0,0,0,0,0,0,0,162,2026-02-04 21:31:08.533508
PHR,47.53,47.52,47.54,50000000.0,50000000.0,0,0,0,0,0,0,162,2026-02-04 21:31:08.533508
BYL,43.57,43.56,43.58,50000000.0,50000000.0,0,0,0,0,0,0,162,2026-02-04 21:31:08.533508
CLD,80.06,80.05,80.07,50000000.0,50000000.0,0,0,0,0,0,0,162,2026-02-04 21:31:08.533508
GGD,39.01,39.0,39.02,50000000.0,50000000.0,0,0,0,0,0,0,162,2026-02-04 21:31:08.533508
PNR,61.36,61.35,61.37,50000000.0,50000000.0,0,0,0,0,0,0,162,2026-02-04 21:31:08.533508
FSR,28.9,28.89,28.91,50000000.0,50000000.0,0,0,0,0,0,0,162,2026-02-04 21:31:08.533508
ATB,59.82,59.81,59.83,50000000.0,50000000.0,0,0,0,0,0,0,162,2026-02-04 21:31:08.533508
SPK,50.8,50.79,50.81,50000000.0,50000000.0,0,0,0,0,0,0,162,2026-02-04 21:31:08.533508
EEC,44.55,44.54,44.56,50000000.0,50000000.0,0,0,0,0,0,0,162,2026-02-04 21:31:08.533508
TGX,43.69,43.68,43.7,50000000.0,50000000.0,0,0,0,0,0,0,163,2026-02-04 21:31:09.586169
PHR,47.56,47.55,47.57,50000000.0,50000000.0,0,0,0,0,0,0,163,2026-02-04 21:31:09.586169
BYL,43.22,43.21,43.23,50000000.0,50000000.0,0,0,0,0,0,0,163,2026-02-04 21:31:09.586169
CLD,79.27,79.26,79.28,50000000.0,50000000.0,0,0,0,0,0,0,163,2026-02-04 21:31:09.586169
GGD,39.0,38.99,39.01,50000000.0,50000000.0,0,0,0,0,0,0,163,2026-02-04 21:31:09.586169
PNR,61.42,61.41,61.43,50000000.0,50000000.0,0,0,0,0,0,0,163,2026-02-04 21:31:09.586169
FSR,28.84,28.83,28.85,50000000.0,50000000.0,0,0,0,0,0,0,163,2026-02-04 21:31:09.586169
ATB,59.77,59.76,59.78,50000000.0,50000000.0,0,0,0,0,0,0,163,2026-02-04 21:31:09.586169
SPK,50.81,50.8,50.82,50000000.0,50000000.0,0,0,0,0,0,0,163,2026-02-04 21:31:09.586169
EEC,44.45,44.44,44.46,50000000.0,50000000.0,0,0,0,0,0,0,163,2026-02-04 21:31:09.586169
TGX,43.71,43.7,43.72,50000000.0,50000000.0,0,0,0,0,0,0,164,2026-02-04 21:31:10.668242
PHR,47.61,47.6,47.62,50000000.0,50000000.0,0,0,0,0,0,0,164,2026-02-04 21:31:10.668242
BYL,43.25,43.24,43.26,50000000.0,50000000.0,0,0,0,0,0,0,164,2026-02-04 21:31:10.668242
CLD,79.3,79.29,79.31,50000000.0,50000000.0,0,0,0,0,0,0,164,2026-02-04 21:31:10.668242
GGD,39.06,39.05,39.07,50000000.0,50000000.0,0,0,0,0,0,0,164,2026-02-04 21:31:10.668242
PNR,61.63,61.62,61.64,50000000.0,50000000.0,0,0,0,0,0,0,164,2026-02-04 21:31:10.668242
FSR,28.9,28.89,28.91,50000000.0,50000000.0,0,0,0,0,0,0,164,2026-02-04 21:31:10.668242
ATB,59.99,59.98,60.0,50000000.0,50000000.0,0,0,0,0,0,0,164,2026-02-04 21:31:10.668242
SPK,50.92,50.91,50.93,50000000.0,50000000.0,0,0,0,0,0,0,164,2026-02-04 21:31:10.668242
EEC,44.68,44.67,44.69,50000000.0,50000000.0,0,0,0,0,0,0,164,2026-02-04 21:31:10.668242
TGX,43.69,43.68,43.7,50000000.0,50000000.0,0,0,0,0,0,0,165,2026-02-04 21:31:11.781105
PHR,47.55,47.54,47.56,50000000.0,50000000.0,0,0,0,0,0,0,165,2026-02-04 21:31:11.781105
BYL,43.09,43.08,43.1,50000000.0,50000000.0,0,0,0,0,0,0,165,2026-02-04 21:31:11.781105
CLD,78.88,78.87,78.89,50000000.0,50000000.0,0,0,0,0,0,0,165,2026-02-04 21:31:11.781105
GGD,39.07,39.06,39.08,50000000.0,50000000.0,0,0,0,0,0,0,165,2026-02-04 21:31:11.781105
PNR,61.85,61.84,61.86,50000000.0,50000000.0,0,0,0,0,0,0,165,2026-02-04 21:31:11.781105
FSR,28.96,28.95,28.97,50000000.0,50000000.0,0,0,0,0,0,0,165,2026-02-04 21:31:11.781105
ATB,60.3,60.29,60.31,50000000.0,50000000.0,0,0,0,0,0,0,165,2026-02-04 21:31:11.781105
SPK,50.88,50.87,50.89,50000000.0,50000000.0,0,0,0,0,0,0,165,2026-02-04 21:31:11.781105
EEC,44.67,44.66,44.68,50000000.0,50000000.0,0,0,0,0,0,0,165,2026-02-04 21:31:11.781105
TGX,43.73,43.72,43.74,50000000.0,50000000.0,0,0,0,0,0,0,166,2026-02-04 21:31:12.844352
PHR,47.76,47.75,47.77,50000000.0,50000000.0,0,0,0,0,0,0,166,2026-02-04 21:31:12.844352
BYL,42.77,42.76,42.78,50000000.0,50000000.0,0,0,0,0,0,0,166,2026-02-04 21:31:12.844352
CLD,78.08,78.07,78.09,50000000.0,50000000.0,0,0,0,0,0,0,166,2026-02-04 21:31:12.844352
GGD,39.01,39.0,39.02,50000000.0,50000000.0,0,0,0,0,0,0,166,2026-02-04 21:31:12.844352
PNR,61.54,61.53,61.55,50000000.0,50000000.0,0,0,0,0,0,0,166,2026-02-04 21:31:12.844352
FSR,29.01,29.0,29.02,50000000.0,50000000.0,0,0,0,0,0,0,166,2026-02-04 21:31:12.844352
ATB,60.3,60.29,60.31,50000000.0,50000000.0,0,0,0,0,0,0,166,2026-02-04 21:31:12.844352
SPK,50.89,50.88,50.9,50000000.0,50000000.0,0,0,0,0,0,0,166,2026-02-04 21:31:12.844352
EEC,44.64,44.63,44.65,50000000.0,50000000.0,0,0,0,0,0,0,166,2026-02-04 21:31:12.844352
TGX,43.74,43.73,43.75,50000000.0,50000000.0,0,0,0,0,0,0,167,2026-02-04 21:31:14.028020
PHR,47.32,47.31,47.33,50000000.0,50000000.0,0,0,0,0,0,0,167,2026-02-04 21:31:14.028020
BYL,42.33,42.32,42.34,50000000.0,50000000.0,0,0,0,0,0,0,167,2026-02-04 21:31:14.028020
CLD,77.02,77.01,77.03,50000000.0,50000000.0,0,0,0,0,0,0,167,2026-02-04 21:31:14.028020
GGD,39.04,39.03,39.05,50000000.0,50000000.0,0,0,0,0,0,0,167,2026-02-04 21:31:14.028020
PNR,62.2,62.19,62.21,50000000.0,50000000.0,0,0,0,0,0,0,167,2026-02-04 21:31:14.028020
FSR,29.01,29.0,29.02,50000000.0,50000000.0,0,0,0,0,0,0,167,2026-02-04 21:31:14.028020
ATB,60.29,60.28,60.3,50000000.0,50000000.0,0,0,0,0,0,0,167,2026-02-04 21:31:14.028020
SPK,50.96,50.95,50.97,50000000.0,50000000.0,0,0,0,0,0,0,167,2026-02-04 21:31:14.028020
EEC,44.81,44.8,44.82,50000000.0,50000000.0,0,0,0,0,0,0,167,2026-02-04 21:31:14.028020
TGX,43.72,43.71,43.73,50000000.0,50000000.0,0,0,0,0,0,0,168,2026-02-04 21:31:14.635066
PHR,46.77,46.76,46.78,50000000.0,50000000.0,0,0,0,0,0,0,168,2026-02-04 21:31:14.635066
BYL,42.13,42.12,42.14,50000000.0,50000000.0,0,0,0,0,0,0,168,2026-02-04 21:31:14.635066
CLD,76.57,76.56,76.58,50000000.0,50000000.0,0,0,0,0,0,0,168,2026-02-04 21:31:14.635066
GGD,39.11,39.1,39.12,50000000.0,50000000.0,0,0,0,0,0,0,168,2026-02-04 21:31:14.635066
PNR,62.46,62.45,62.47,50000000.0,50000000.0,0,0,0,0,0,0,168,2026-02-04 21:31:14.635066
FSR,29.05,29.04,29.06,50000000.0,50000000.0,0,0,0,0,0,0,168,2026-02-04 21:31:14.635066
ATB,60.25,60.24,60.26,50000000.0,50000000.0,0,0,0,0,0,0,168,2026-02-04 21:31:14.635066
SPK,50.99,50.98,51.0,50000000.0,50000000.0,0,0,0,0,0,0,168,2026-02-04 21:31:14.635066
EEC,44.78,44.77,44.79,50000000.0,50000000.0,0,0,0,0,0,0,168,2026-02-04 21:31:14.635066
TGX,43.73,43.72,43.74,50000000.0,50000000.0,0,0,0,0,0,0,169,2026-02-04 21:31:15.763094
PHR,47.05,47.04,47.06,50000000.0,50000000.0,0,0,0,0,0,0,169,2026-02-04 21:31:15.763094
BYL,42.2,42.19,42.21,50000000.0,50000000.0,0,0,0,0,0,0,169,2026-02-04 21:31:15.763094
CLD,76.75,76.74,76.76,50000000.0,50000000.0,0,0,0,0,0,0,169,2026-02-04 21:31:15.763094
GGD,39.13,39.12,39.14,50000000.0,50000000.0,0,0,0,0,0,0,169,2026-02-04 21:31:15.763094
PNR,62.53,62.52,62.54,50000000.0,50000000.0,0,0,0,0,0,0,169,2026-02-04 21:31:15.763094
FSR,29.01,29.0,29.02,50000000.0,50000000.0,0,0,0,0,0,0,169,2026-02-04 21:31:15.763094
ATB,60.5,60.49,60.51,50000000.0,50000000.0,0,0,0,0,0,0,169,2026-02-04 21:31:15.763094
SPK,50.92,50.91,50.93,50000000.0,50000000.0,0,0,0,0,0,0,169,2026-02-04 21:31:15.763094
EEC,44.57,44.56,44.58,50000000.0,50000000.0,0,0,0,0,0,0,169,2026-02-04 21:31:15.763094
TGX,43.72,43.71,43.73,50000000.0,50000000.0,0,0,0,0,0,0,170,2026-02-04 21:31:16.824565
PHR,47.01,47.0,47.02,50000000.0,50000000.0,0,0,0,0,0,0,170,2026-02-04 21:31:16.824565
BYL,42.25,42.24,42.26,50000000.0,50000000.0,0,0,0,0,0,0,170,2026-02-04 21:31:16.824565
CLD,76.9,76.89,76.91,50000000.0,50000000.0,0,0,0,0,0,0,170,2026-02-04 21:31:16.824565
GGD,39.22,39.21,39.23,50000000.0,50000000.0,0,0,0,0,0,0,170,2026-02-04 21:31:16.824565
PNR,62.88,62.87,62.89,50000000.0,50000000.0,0,0,0,0,0,0,170,2026-02-04 21:31:16.824565
FSR,29.0,28.99,29.01,50000000.0,50000000.0,0,0,0,0,0,0,170,2026-02-04 21:31:16.824565
ATB,59.98,59.97,59.99,50000000.0,50000000.0,0,0,0,0,0,0,170,2026-02-04 21:31:16.824565
SPK,51.04,51.03,51.05,50000000.0,50000000.0,0,0,0,0,0,0,170,2026-02-04 21:31:16.824565
EEC,44.73,44.72,44.74,50000000.0,50000000.0,0,0,0,0,0,0,170,2026-02-04 21:31:16.824565
TGX,43.75,43.74,43.76,50000000.0,50000000.0,0,0,0,0,0,0,171,2026-02-04 21:31:17.877029
PHR,47.42,47.41,47.43,50000000.0,50000000.0,0,0,0,0,0,0,171,2026-02-04 21:31:17.877029
BYL,42.14,42.13,42.15,50000000.0,50000000.0,0,0,0,0,0,0,171,2026-02-04 21:31:17.877029
CLD,76.45,76.44,76.46,50000000.0,50000000.0,0,0,0,0,0,0,171,2026-02-04 21:31:17.877029
GGD,39.23,39.22,39.24,50000000.0,50000000.0,0,0,0,0,0,0,171,2026-02-04 21:31:17.877029
PNR,63.25,63.24,63.26,50000000.0,50000000.0,0,0,0,0,0,0,171,2026-02-04 21:31:17.877029
FSR,29.0,28.99,29.01,50000000.0,50000000.0,0,0,0,0,0,0,171,2026-02-04 21:31:17.877029
ATB,59.67,59.66,59.68,50000000.0,50000000.0,0,0,0,0,0,0,171,2026-02-04 21:31:17.877029
SPK,51.2,51.19,51.21,50000000.0,50000000.0,0,0,0,0,0,0,171,2026-02-04 21:31:17.877029
EEC,44.96,44.95,44.97,50000000.0,50000000.0,0,0,0,0,0,0,171,2026-02-04 21:31:17.877029
TGX,43.77,43.76,43.78,50000000.0,50000000.0,0,0,0,0,0,0,172,2026-02-04 21:31:18.958208
PHR,47.15,47.14,47.16,50000000.0,50000000.0,0,0,0,0,0,0,172,2026-02-04 21:31:18.958208
BYL,42.17,42.16,42.18,50000000.0,50000000.0,0,0,0,0,0,0,172,2026-02-04 21:31:18.958208
CLD,76.68,76.67,76.69,50000000.0,50000000.0,0,0,0,0,0,0,172,2026-02-04 21:31:18.958208
GGD,39.33,39.32,39.34,50000000.0,50000000.0,0,0,0,0,0,0,172,2026-02-04 21:31:18.958208
PNR,63.46,63.45,63.47,50000000.0,50000000.0,0,0,0,0,0,0,172,2026-02-04 21:31:18.958208
FSR,28.95,28.94,28.96,50000000.0,50000000.0,0,0,0,0,0,0,172,2026-02-04 21:31:18.958208
ATB,59.55,59.54,59.56,50000000.0,50000000.0,0,0,0,0,0,0,172,2026-02-04 21:31:18.958208
SPK,51.03,51.02,51.04,50000000.0,50000000.0,0,0,0,0,0,0,172,2026-02-04 21:31:18.958208
EEC,44.67,44.66,44.68,50000000.0,50000000.0,0,0,0,0,0,0,172,2026-02-04 21:31:18.958208
TGX,43.75,43.74,43.76,50000000.0,50000000.0,0,0,0,0,0,0,173,2026-02-04 21:31:20.007764
PHR,47.26,47.25,47.27,50000000.0,50000000.0,0,0,0,0,0,0,173,2026-02-04 21:31:20.007764
BYL,42.08,42.07,42.09,50000000.0,50000000.0,0,0,0,0,0,0,173,2026-02-04 21:31:20.007764
CLD,76.49,76.48,76.5,50000000.0,50000000.0,0,0,0,0,0,0,173,2026-02-04 21:31:20.007764
GGD,39.33,39.32,39.34,50000000.0,50000000.0,0,0,0,0,0,0,173,2026-02-04 21:31:20.007764
PNR,63.52,63.51,63.53,50000000.0,50000000.0,0,0,0,0,0,0,173,2026-02-04 21:31:20.007764
FSR,28.94,28.93,28.95,50000000.0,50000000.0,0,0,0,0,0,0,173,2026-02-04 21:31:20.007764
ATB,59.57,59.56,59.58,50000000.0,50000000.0,0,0,0,0,0,0,173,2026-02-04 21:31:20.007764
SPK,50.88,50.87,50.89,50000000.0,50000000.0,0,0,0,0,0,0,173,2026-02-04 21:31:20.007764
EEC,44.47,44.46,44.48,50000000.0,50000000.0,0,0,0,0,0,0,173,2026-02-04 21:31:20.007764
TGX,43.74,43.73,43.75,50000000.0,50000000.0,0,0,0,0,0,0,174,2026-02-04 21:31:21.054490
PHR,47.47,47.46,47.48,50000000.0,50000000.0,0,0,0,0,0,0,174,2026-02-04 21:31:21.054490
BYL,41.82,41.81,41.83,50000000.0,50000000.0,0,0,0,0,0,0,174,2026-02-04 21:31:21.054490
CLD,75.93,75.92,75.94,50000000.0,50000000.0,0,0,0,0,0,0,174,2026-02-04 21:31:21.054490
GGD,39.32,39.31,39.33,50000000.0,50000000.0,0,0,0,0,0,0,174,2026-02-04 21:31:21.054490
PNR,63.68,63.67,63.69,50000000.0,50000000.0,0,0,0,0,0,0,174,2026-02-04 21:31:21.054490
FSR,28.89,28.88,28.9,50000000.0,50000000.0,0,0,0,0,0,0,174,2026-02-04 21:31:21.054490
ATB,59.04,59.03,59.05,50000000.0,50000000.0,0,0,0,0,0,0,174,2026-02-04 21:31:21.054490
SPK,50.94,50.93,50.95,50000000.0,50000000.0,0,0,0,0,0,0,174,2026-02-04 21:31:21.054490
EEC,44.58,44.57,44.59,50000000.0,50000000.0,0,0,0,0,0,0,174,2026-02-04 21:31:21.054490
TGX,43.74,43.73,43.75,50000000.0,50000000.0,0,0,0,0,0,0,175,2026-02-04 21:31:21.654625
PHR,47.55,47.54,47.56,50000000.0,50000000.0,0,0,0,0,0,0,175,2026-02-04 21:31:21.654625
BYL,41.54,41.53,41.55,50000000.0,50000000.0,0,0,0,0,0,0,175,2026-02-04 21:31:21.654625
CLD,75.33,75.32,75.34,50000000.0,50000000.0,0,0,0,0,0,0,175,2026-02-04 21:31:21.654625
GGD,39.29,39.28,39.3,50000000.0,50000000.0,0,0,0,0,0,0,175,2026-02-04 21:31:21.654625
PNR,63.18,63.17,63.19,50000000.0,50000000.0,0,0,0,0,0,0,175,2026-02-04 21:31:21.654625
FSR,28.89,28.88,28.9,50000000.0,50000000.0,0,0,0,0,0,0,175,2026-02-04 21:31:21.654625
ATB,58.95,58.94,58.96,50000000.0,50000000.0,0,0,0,0,0,0,175,2026-02-04 21:31:21.654625
SPK,50.9,50.89,50.91,50000000.0,50000000.0,0,0,0,0,0,0,175,2026-02-04 21:31:21.654625
EEC,44.52,44.51,44.53,50000000.0,50000000.0,0,0,0,0,0,0,175,2026-02-04 21:31:21.654625
TGX,43.72,43.71,43.73,50000000.0,50000000.0,0,0,0,0,0,0,176,2026-02-04 21:31:22.874584
PHR,47.1,47.09,47.11,50000000.0,50000000.0,0,0,0,0,0,0,176,2026-02-04 21:31:22.874584
BYL,41.83,41.82,41.84,50000000.0,50000000.0,0,0,0,0,0,0,176,2026-02-04 21:31:22.874584
CLD,75.96,75.95,75.97,50000000.0,50000000.0,0,0,0,0,0,0,176,2026-02-04 21:31:22.874584
GGD,39.29,39.28,39.3,50000000.0,50000000.0,0,0,0,0,0,0,176,2026-02-04 21:31:22.874584
PNR,63.27,63.26,63.28,50000000.0,50000000.0,0,0,0,0,0,0,176,2026-02-04 21:31:22.874584
FSR,28.8,28.79,28.81,50000000.0,50000000.0,0,0,0,0,0,0,176,2026-02-04 21:31:22.874584
ATB,58.57,58.56,58.58,50000000.0,50000000.0,0,0,0,0,0,0,176,2026-02-04 21:31:22.874584
SPK,51.1,51.09,51.11,50000000.0,50000000.0,0,0,0,0,0,0,176,2026-02-04 21:31:22.874584
EEC,44.82,44.81,44.83,50000000.0,50000000.0,0,0,0,0,0,0,176,2026-02-04 21:31:22.874584
TGX,43.68,43.67,43.69,50000000.0,50000000.0,0,0,0,0,0,0,177,2026-02-04 21:31:23.948517
PHR,47.21,47.2,47.22,50000000.0,50000000.0,0,0,0,0,0,0,177,2026-02-04 21:31:23.948517
BYL,41.88,41.87,41.89,50000000.0,50000000.0,0,0,0,0,0,0,177,2026-02-04 21:31:23.948517
CLD,76.11,76.1,76.12,50000000.0,50000000.0,0,0,0,0,0,0,177,2026-02-04 21:31:23.948517
GGD,39.18,39.17,39.19,50000000.0,50000000.0,0,0,0,0,0,0,177,2026-02-04 21:31:23.948517
PNR,62.81,62.8,62.82,50000000.0,50000000.0,0,0,0,0,0,0,177,2026-02-04 21:31:23.948517
FSR,28.77,28.76,28.78,50000000.0,50000000.0,0,0,0,0,0,0,177,2026-02-04 21:31:23.948517
ATB,58.56,58.55,58.57,50000000.0,50000000.0,0,0,0,0,0,0,177,2026-02-04 21:31:23.948517
SPK,51.11,51.1,51.12,50000000.0,50000000.0,0,0,0,0,0,0,177,2026-02-04 21:31:23.948517
EEC,44.81,44.8,44.82,50000000.0,50000000.0,0,0,0,0,0,0,177,2026-02-04 21:31:23.948517
TGX,43.65,43.64,43.66,50000000.0,50000000.0,0,0,0,0,0,0,178,2026-02-04 21:31:25.013241
PHR,46.53,46.52,46.54,50000000.0,50000000.0,0,0,0,0,0,0,178,2026-02-04 21:31:25.013241
BYL,41.81,41.8,41.82,50000000.0,50000000.0,0,0,0,0,0,0,178,2026-02-04 21:31:25.013241
CLD,76.06,76.05,76.07,50000000.0,50000000.0,0,0,0,0,0,0,178,2026-02-04 21:31:25.013241
GGD,39.05,39.04,39.06,50000000.0,50000000.0,0,0,0,0,0,0,178,2026-02-04 21:31:25.013241
PNR,62.54,62.53,62.55,50000000.0,50000000.0,0,0,0,0,0,0,178,2026-02-04 21:31:25.013241
FSR,28.76,28.75,28.77,50000000.0,50000000.0,0,0,0,0,0,0,178,2026-02-04 21:31:25.013241
ATB,58.66,58.65,58.67,50000000.0,50000000.0,0,0,0,0,0,0,178,2026-02-04 21:31:25.013241
SPK,51.18,51.17,51.19,50000000.0,50000000.0,0,0,0,0,0,0,178,2026-02-04 21:31:25.013241
EEC,44.9,44.89,44.91,50000000.0,50000000.0,0,0,0,0,0,0,178,2026-02-04 21:31:25.013241
TGX,43.7,43.69,43.71,50000000.0,50000000.0,0,0,0,0,0,0,179,2026-02-04 21:31:26.070926
PHR,46.33,46.32,46.34,50000000.0,50000000.0,0,0,0,0,0,0,179,2026-02-04 21:31:26.070926
BYL,41.54,41.53,41.55,50000000.0,50000000.0,0,0,0,0,0,0,179,2026-02-04 21:31:26.070926
CLD,75.45,75.44,75.46,50000000.0,50000000.0,0,0,0,0,0,0,179,2026-02-04 21:31:26.070926
GGD,39.09,39.08,39.1,50000000.0,50000000.0,0,0,0,0,0,0,179,2026-02-04 21:31:26.070926
PNR,62.4,62.39,62.41,50000000.0,50000000.0,0,0,0,0,0,0,179,2026-02-04 21:31:26.070926
FSR,28.78,28.77,28.79,50000000.0,50000000.0,0,0,0,0,0,0,179,2026-02-04 21:31:26.070926
ATB,58.83,58.82,58.84,50000000.0,50000000.0,0,0,0,0,0,0,179,2026-02-04 21:31:26.070926
SPK,51.13,51.13,51.15,50000000.0,50000000.0,0,0,0,0,0,0,179,2026-02-04 21:31:26.070926
EEC,44.73,44.72,44.74,50000000.0,50000000.0,0,0,0,0,0,0,179,2026-02-04 21:31:26.070926
TGX,43.66,43.65,43.67,50000000.0,50000000.0,0,0,0,0,0,0,180,2026-02-04 21:31:26.616952
PHR,46.48,46.47,46.49,50000000.0,50000000.0,0,0,0,0,0,0,180,2026-02-04 21:31:26.616952
BYL,41.31,41.3,41.32,50000000.0,50000000.0,0,0,0,0,0,0,180,2026-02-04 21:31:26.616952
CLD,74.81,74.8,74.82,50000000.0,50000000.0,0,0,0,0,0,0,180,2026-02-04 21:31:26.616952
GGD,39.17,39.16,39.18,50000000.0,50000000.0,0,0,0,0,0,0,180,2026-02-04 21:31:26.616952
PNR,62.75,62.74,62.76,50000000.0,50000000.0,0,0,0,0,0,0,180,2026-02-04 21:31:26.616952
FSR,28.8,28.79,28.81,50000000.0,50000000.0,0,0,0,0,0,0,180,2026-02-04 21:31:26.616952
ATB,58.44,58.43,58.45,50000000.0,50000000.0,0,0,0,0,0,0,180,2026-02-04 21:31:26.616952
SPK,51.27,51.26,51.28,50000000.0,50000000.0,0,0,0,0,0,0,180,2026-02-04 21:31:26.616952
EEC,44.94,44.93,44.95,50000000.0,50000000.0,0,0,0,0,0,0,180,2026-02-04 21:31:26.616952
TGX,43.69,43.68,43.7,50000000.0,50000000.0,0,0,0,0,0,0,181,2026-02-04 21:31:27.715106
PHR,47.28,47.27,47.29,50000000.0,50000000.0,0,0,0,0,0,0,181,2026-02-04 21:31:27.715106
BYL,41.27,41.26,41.28,50000000.0,50000000.0,0,0,0,0,0,0,181,2026-02-04 21:31:27.715106
CLD,74.73,74.72,74.74,50000000.0,50000000.0,0,0,0,0,0,0,181,2026-02-04 21:31:27.715106
GGD,39.08,39.07,39.09,50000000.0,50000000.0,0,0,0,0,0,0,181,2026-02-04 21:31:27.715106
PNR,62.33,62.32,62.34,50000000.0,50000000.0,0,0,0,0,0,0,181,2026-02-04 21:31:27.715106
FSR,28.81,28.8,28.82,50000000.0,50000000.0,0,0,0,0,0,0,181,2026-02-04 21:31:27.715106
ATB,58.2,58.19,58.21,50000000.0,50000000.0,0,0,0,0,0,0,181,2026-02-04 21:31:27.715106
SPK,51.34,51.33,51.35,50000000.0,50000000.0,0,0,0,0,0,0,181,2026-02-04 21:31:27.715106
EEC,45.02,45.01,45.03,50000000.0,50000000.0,0,0,0,0,0,0,181,2026-02-04 21:31:27.715106
TGX,43.66,43.65,43.67,50000000.0,50000000.0,0,0,0,0,0,0,182,2026-02-04 21:31:28.846892
PHR,46.85,46.84,46.86,50000000.0,50000000.0,0,0,0,0,0,0,182,2026-02-04 21:31:28.846892
BYL,41.14,41.13,41.15,50000000.0,50000000.0,0,0,0,0,0,0,182,2026-02-04 21:31:28.846892
CLD,74.41,74.4,74.42,50000000.0,50000000.0,0,0,0,0,0,0,182,2026-02-04 21:31:28.846892
GGD,39.05,39.04,39.06,50000000.0,50000000.0,0,0,0,0,0,0,182,2026-02-04 21:31:28.846892
PNR,62.69,62.68,62.7,50000000.0,50000000.0,0,0,0,0,0,0,182,2026-02-04 21:31:28.846892
FSR,28.8,28.79,28.81,50000000.0,50000000.0,0,0,0,0,0,0,182,2026-02-04 21:31:28.846892
ATB,58.5,58.49,58.51,50000000.0,50000000.0,0,0,0,0,0,0,182,2026-02-04 21:31:28.846892
SPK,51.34,51.33,51.35,50000000.0,50000000.0,0,0,0,0,0,0,182,2026-02-04 21:31:28.846892
EEC,44.95,44.94,44.96,50000000.0,50000000.0,0,0,0,0,0,0,182,2026-02-04 21:31:28.846892
TGX,43.68,43.67,43.69,50000000.0,50000000.0,0,0,0,0,0,0,183,2026-02-04 21:31:29.897752
PHR,46.72,46.71,46.73,50000000.0,50000000.0,0,0,0,0,0,0,183,2026-02-04 21:31:29.897752
BYL,41.44,41.43,41.45,50000000.0,50000000.0,0,0,0,0,0,0,183,2026-02-04 21:31:29.897752
CLD,75.18,75.17,75.19,50000000.0,50000000.0,0,0,0,0,0,0,183,2026-02-04 21:31:29.897752
GGD,38.91,38.9,38.92,50000000.0,50000000.0,0,0,0,0,0,0,183,2026-02-04 21:31:29.897752
PNR,62.36,62.35,62.37,50000000.0,50000000.0,0,0,0,0,0,0,183,2026-02-04 21:31:29.897752
FSR,28.83,28.82,28.84,50000000.0,50000000.0,0,0,0,0,0,0,183,2026-02-04 21:31:29.897752
ATB,58.52,58.51,58.53,50000000.0,50000000.0,0,0,0,0,0,0,183,2026-02-04 21:31:29.897752
SPK,51.32,51.31,51.33,50000000.0,50000000.0,0,0,0,0,0,0,183,2026-02-04 21:31:29.897752
EEC,44.82,44.81,44.83,50000000.0,50000000.0,0,0,0,0,0,0,183,2026-02-04 21:31:29.897752
TGX,43.69,43.68,43.7,50000000.0,50000000.0,0,0,0,0,0,0,184,2026-02-04 21:31:30.965325
PHR,46.2,46.19,46.21,50000000.0,50000000.0,0,0,0,0,0,0,184,2026-02-04 21:31:30.965325
BYL,41.39,41.38,41.4,50000000.0,50000000.0,0,0,0,0,0,0,184,2026-02-04 21:31:30.965325
CLD,75.02,75.01,75.03,50000000.0,50000000.0,0,0,0,0,0,0,184,2026-02-04 21:31:30.965325
GGD,38.91,38.9,38.92,50000000.0,50000000.0,0,0,0,0,0,0,184,2026-02-04 21:31:30.965325
PNR,62.35,62.34,62.36,50000000.0,50000000.0,0,0,0,0,0,0,184,2026-02-04 21:31:30.965325
FSR,28.92,28.91,28.93,50000000.0,50000000.0,0,0,0,0,0,0,184,2026-02-04 21:31:30.965325
ATB,58.54,58.53,58.55,50000000.0,50000000.0,0,0,0,0,0,0,184,2026-02-04 21:31:30.965325
SPK,51.17,51.16,51.18,50000000.0,50000000.0,0,0,0,0,0,0,184,2026-02-04 21:31:30.965325
EEC,44.5,44.49,44.51,50000000.0,50000000.0,0,0,0,0,0,0,184,2026-02-04 21:31:30.965325
TGX,43.64,43.63,43.65,50000000.0,50000000.0,0,0,0,0,0,0,185,2026-02-04 21:31:32.051443,18.0,1.0,184.0,D5-SPK/EEC,Sell-Side Analysts Issue Divergent Valuation Assessments,"Equity research analysts covering the SolarPeak/EastEnergy transaction have published updated notes with materially different conclusions on deal accretion and synergy realization timelines. Bull-case estimates cite accelerated revenue opportunities, while bear-case analysts highlight integration execution risk and uncertain market conditions in solar generation and storage. The divergence has contributed to wider-than-typical bid-ask spreads in both securities."
PHR,46.03,46.02,46.04,50000000.0,50000000.0,0,0,0,0,0,0,185,2026-02-04 21:31:32.051443,,,,,,
BYL,41.4,41.39,41.41,50000000.0,50000000.0,0,0,0,0,0,0,185,2026-02-04 21:31:32.051443,,,,,,
CLD,75.13,75.12,75.14,50000000.0,50000000.0,0,0,0,0,0,0,185,2026-02-04 21:31:32.051443,,,,,,
GGD,38.95,38.94,38.96,50000000.0,50000000.0,0,0,0,0,0,0,185,2026-02-04 21:31:32.051443,,,,,,
PNR,62.25,62.24,62.26,50000000.0,50000000.0,0,0,0,0,0,0,185,2026-02-04 21:31:32.051443,,,,,,
FSR,28.89,28.88,28.9,50000000.0,50000000.0,0,0,0,0,0,0,185,2026-02-04 21:31:32.051443,,,,,,
ATB,58.34,58.33,58.35,50000000.0,50000000.0,0,0,0,0,0,0,185,2026-02-04 21:31:32.051443,,,,,,
SPK,51.26,51.25,51.27,50000000.0,50000000.0,0,0,0,0,0,0,185,2026-02-04 21:31:32.051443,,,,,,
EEC,44.6,44.59,44.61,50000000.0,50000000.0,0,0,0,0,0,0,185,2026-02-04 21:31:32.051443,,,,,,
TGX,43.6,43.59,43.61,50000000.0,50000000.0,0,0,0,0,0,0,186,2026-02-04 21:31:33.132604
PHR,46.09,46.08,46.1,50000000.0,50000000.0,0,0,0,0,0,0,186,2026-02-04 21:31:33.132604
BYL,41.48,41.47,41.49,50000000.0,50000000.0,0,0,0,0,0,0,186,2026-02-04 21:31:33.132604
CLD,75.25,75.24,75.26,50000000.0,50000000.0,0,0,0,0,0,0,186,2026-02-04 21:31:33.132604
GGD,38.95,38.94,38.96,50000000.0,50000000.0,0,0,0,0,0,0,186,2026-02-04 21:31:33.132604
PNR,62.5,62.49,62.51,50000000.0,50000000.0,0,0,0,0,0,0,186,2026-02-04 21:31:33.132604
FSR,28.87,28.86,28.88,50000000.0,50000000.0,0,0,0,0,0,0,186,2026-02-04 21:31:33.132604
ATB,58.19,58.18,58.2,50000000.0,50000000.0,0,0,0,0,0,0,186,2026-02-04 21:31:33.132604
SPK,51.15,51.14,51.16,50000000.0,50000000.0,0,0,0,0,0,0,186,2026-02-04 21:31:33.132604
EEC,44.43,44.42,44.44,50000000.0,50000000.0,0,0,0,0,0,0,186,2026-02-04 21:31:33.132604
TGX,43.54,43.53,43.55,50000000.0,50000000.0,0,0,0,0,0,0,187,2026-02-04 21:31:33.684613
PHR,46.49,46.48,46.5,50000000.0,50000000.0,0,0,0,0,0,0,187,2026-02-04 21:31:33.684613
BYL,41.61,41.6,41.62,50000000.0,50000000.0,0,0,0,0,0,0,187,2026-02-04 21:31:33.684613
CLD,75.61,75.6,75.62,50000000.0,50000000.0,0,0,0,0,0,0,187,2026-02-04 21:31:33.684613
GGD,39.0,38.99,39.01,50000000.0,50000000.0,0,0,0,0,0,0,187,2026-02-04 21:31:33.684613
PNR,62.45,62.44,62.46,50000000.0,50000000.0,0,0,0,0,0,0,187,2026-02-04 21:31:33.684613
FSR,28.81,28.8,28.82,50000000.0,50000000.0,0,0,0,0,0,0,187,2026-02-04 21:31:33.684613
ATB,57.99,57.98,58.0,50000000.0,50000000.0,0,0,0,0,0,0,187,2026-02-04 21:31:33.684613
SPK,51.1,51.09,51.11,50000000.0,50000000.0,0,0,0,0,0,0,187,2026-02-04 21:31:33.684613
EEC,44.34,44.33,44.35,50000000.0,50000000.0,0,0,0,0,0,0,187,2026-02-04 21:31:33.684613
TGX,43.54,43.53,43.55,50000000.0,50000000.0,0,0,0,0,0,0,188,2026-02-04 21:31:34.908063
PHR,46.73,46.72,46.74,50000000.0,50000000.0,0,0,0,0,0,0,188,2026-02-04 21:31:34.908063
BYL,41.7,41.69,41.71,50000000.0,50000000.0,0,0,0,0,0,0,188,2026-02-04 21:31:34.908063
CLD,75.88,75.87,75.89,50000000.0,50000000.0,0,0,0,0,0,0,188,2026-02-04 21:31:34.908063
GGD,39.08,39.07,39.09,50000000.0,50000000.0,0,0,0,0,0,0,188,2026-02-04 21:31:34.908063
PNR,62.98,62.97,62.99,50000000.0,50000000.0,0,0,0,0,0,0,188,2026-02-04 21:31:34.908063
FSR,28.72,28.71,28.73,50000000.0,50000000.0,0,0,0,0,0,0,188,2026-02-04 21:31:34.908063
ATB,57.92,57.91,57.93,50000000.0,50000000.0,0,0,0,0,0,0,188,2026-02-04 21:31:34.908063
SPK,50.93,50.92,50.94,50000000.0,50000000.0,0,0,0,0,0,0,188,2026-02-04 21:31:34.908063
EEC,44.2,44.19,44.21,50000000.0,50000000.0,0,0,0,0,0,0,188,2026-02-04 21:31:34.908063
TGX,43.55,43.54,43.56,50000000.0,50000000.0,0,0,0,0,0,0,189,2026-02-04 21:31:35.966210
PHR,46.74,46.73,46.75,50000000.0,50000000.0,0,0,0,0,0,0,189,2026-02-04 21:31:35.966210
BYL,41.88,41.87,41.89,50000000.0,50000000.0,0,0,0,0,0,0,189,2026-02-04 21:31:35.966210
CLD,76.32,76.31,76.33,50000000.0,50000000.0,0,0,0,0,0,0,189,2026-02-04 21:31:35.966210
GGD,39.05,39.04,39.06,50000000.0,50000000.0,0,0,0,0,0,0,189,2026-02-04 21:31:35.966210
PNR,62.8,62.79,62.81,50000000.0,50000000.0,0,0,0,0,0,0,189,2026-02-04 21:31:35.966210
FSR,28.72,28.71,28.73,50000000.0,50000000.0,0,0,0,0,0,0,189,2026-02-04 21:31:35.966210
ATB,57.91,57.9,57.92,50000000.0,50000000.0,0,0,0,0,0,0,189,2026-02-04 21:31:35.966210
SPK,50.74,50.73,50.75,50000000.0,50000000.0,0,0,0,0,0,0,189,2026-02-04 21:31:35.966210
EEC,43.98,43.97,43.99,50000000.0,50000000.0,0,0,0,0,0,0,189,2026-02-04 21:31:35.966210
TGX,43.53,43.52,43.54,50000000.0,50000000.0,0,0,0,0,0,0,190,2026-02-04 21:31:37.035291
PHR,46.96,46.95,46.97,50000000.0,50000000.0,0,0,0,0,0,0,190,2026-02-04 21:31:37.035291
BYL,41.8,41.79,41.81,50000000.0,50000000.0,0,0,0,0,0,0,190,2026-02-04 21:31:37.035291
CLD,76.17,76.16,76.18,50000000.0,50000000.0,0,0,0,0,0,0,190,2026-02-04 21:31:37.035291
GGD,39.04,39.03,39.05,50000000.0,50000000.0,0,0,0,0,0,0,190,2026-02-04 21:31:37.035291
PNR,63.0,62.99,63.01,50000000.0,50000000.0,0,0,0,0,0,0,190,2026-02-04 21:31:37.035291
FSR,28.7,28.69,28.71,50000000.0,50000000.0,0,0,0,0,0,0,190,2026-02-04 21:31:37.035291
ATB,57.99,57.98,58.0,50000000.0,50000000.0,0,0,0,0,0,0,190,2026-02-04 21:31:37.035291
SPK,50.38,50.37,50.39,50000000.0,50000000.0,0,0,0,0,0,0,190,2026-02-04 21:31:37.035291
EEC,43.39,43.38,43.4,50000000.0,50000000.0,0,0,0,0,0,0,190,2026-02-04 21:31:37.035291
TGX,43.55,43.54,43.56,50000000.0,50000000.0,0,0,0,0,0,0,191,2026-02-04 21:31:38.093802
PHR,47.29,47.28,47.3,50000000.0,50000000.0,0,0,0,0,0,0,191,2026-02-04 21:31:38.093802
BYL,42.06,42.05,42.07,50000000.0,50000000.0,0,0,0,0,0,0,191,2026-02-04 21:31:38.093802
CLD,76.77,76.76,76.78,50000000.0,50000000.0,0,0,0,0,0,0,191,2026-02-04 21:31:38.093802
GGD,39.01,39.0,39.02,50000000.0,50000000.0,0,0,0,0,0,0,191,2026-02-04 21:31:38.093802
PNR,63.02,63.01,63.03,50000000.0,50000000.0,0,0,0,0,0,0,191,2026-02-04 21:31:38.093802
FSR,28.69,28.68,28.7,50000000.0,50000000.0,0,0,0,0,0,0,191,2026-02-04 21:31:38.093802
ATB,58.01,58.0,58.02,50000000.0,50000000.0,0,0,0,0,0,0,191,2026-02-04 21:31:38.093802
SPK,50.46,50.45,50.47,50000000.0,50000000.0,0,0,0,0,0,0,191,2026-02-04 21:31:38.093802
EEC,43.49,43.48,43.5,50000000.0,50000000.0,0,0,0,0,0,0,191,2026-02-04 21:31:38.093802
TGX,43.58,43.57,43.59,50000000.0,50000000.0,0,0,0,0,0,0,192,2026-02-04 21:31:38.679996
PHR,47.06,47.05,47.07,50000000.0,50000000.0,0,0,0,0,0,0,192,2026-02-04 21:31:38.679996
BYL,41.84,41.83,41.85,50000000.0,50000000.0,0,0,0,0,0,0,192,2026-02-04 21:31:38.679996
CLD,76.15,76.14,76.16,50000000.0,50000000.0,0,0,0,0,0,0,192,2026-02-04 21:31:38.679996
GGD,39.07,39.06,39.08,50000000.0,50000000.0,0,0,0,0,0,0,192,2026-02-04 21:31:38.679996
PNR,63.44,63.43,63.45,50000000.0,50000000.0,0,0,0,0,0,0,192,2026-02-04 21:31:38.679996
FSR,28.74,28.73,28.75,50000000.0,50000000.0,0,0,0,0,0,0,192,2026-02-04 21:31:38.679996
ATB,57.93,57.92,57.94,50000000.0,50000000.0,0,0,0,0,0,0,192,2026-02-04 21:31:38.679996
SPK,50.55,50.54,50.56,50000000.0,50000000.0,0,0,0,0,0,0,192,2026-02-04 21:31:38.679996
EEC,43.67,43.66,43.68,50000000.0,50000000.0,0,0,0,0,0,0,192,2026-02-04 21:31:38.679996
TGX,43.58,43.57,43.59,50000000.0,50000000.0,0,0,0,0,0,0,193,2026-02-04 21:31:39.781539
PHR,47.41,47.4,47.42,50000000.0,50000000.0,0,0,0,0,0,0,193,2026-02-04 21:31:39.781539
BYL,42.32,42.31,42.33,50000000.0,50000000.0,0,0,0,0,0,0,193,2026-02-04 21:31:39.781539
CLD,77.29,77.28,77.3,50000000.0,50000000.0,0,0,0,0,0,0,193,2026-02-04 21:31:39.781539
GGD,38.9,38.89,38.91,50000000.0,50000000.0,0,0,0,0,0,0,193,2026-02-04 21:31:39.781539
PNR,63.05,63.04,63.06,50000000.0,50000000.0,0,0,0,0,0,0,193,2026-02-04 21:31:39.781539
FSR,28.69,28.68,28.7,50000000.0,50000000.0,0,0,0,0,0,0,193,2026-02-04 21:31:39.781539
ATB,58.02,58.01,58.03,50000000.0,50000000.0,0,0,0,0,0,0,193,2026-02-04 21:31:39.781539
SPK,50.54,50.53,50.55,50000000.0,50000000.0,0,0,0,0,0,0,193,2026-02-04 21:31:39.781539
EEC,43.63,43.62,43.64,50000000.0,50000000.0,0,0,0,0,0,0,193,2026-02-04 21:31:39.781539
TGX,43.56,43.55,43.57,50000000.0,50000000.0,0,0,0,0,0,0,194,2026-02-04 21:31:40.877968,19.0,1.0,193.0,D3-GGD/PNR,Regulatory Filings Submitted,"Companies submit required filings with FERC, FTC, and relevant state regulatory authorities."
PHR,47.54,47.53,47.55,50000000.0,50000000.0,0,0,0,0,0,0,194,2026-02-04 21:31:40.877968,,,,,,
BYL,42.13,42.12,42.14,50000000.0,50000000.0,0,0,0,0,0,0,194,2026-02-04 21:31:40.877968,,,,,,
CLD,76.88,76.87,76.89,50000000.0,50000000.0,0,0,0,0,0,0,194,2026-02-04 21:31:40.877968,,,,,,
GGD,38.94,38.93,38.95,50000000.0,50000000.0,0,0,0,0,0,0,194,2026-02-04 21:31:40.877968,,,,,,
PNR,63.29,63.28,63.3,50000000.0,50000000.0,0,0,0,0,0,0,194,2026-02-04 21:31:40.877968,,,,,,
FSR,28.65,28.64,28.66,50000000.0,50000000.0,0,0,0,0,0,0,194,2026-02-04 21:31:40.877968,,,,,,
ATB,57.9,57.89,57.91,50000000.0,50000000.0,0,0,0,0,0,0,194,2026-02-04 21:31:40.877968,,,,,,
SPK,50.53,50.52,50.54,50000000.0,50000000.0,0,0,0,0,0,0,194,2026-02-04 21:31:40.877968,,,,,,
EEC,43.6,43.59,43.61,50000000.0,50000000.0,0,0,0,0,0,0,194,2026-02-04 21:31:40.877968,,,,,,
TGX,43.55,43.54,43.56,50000000.0,50000000.0,0,0,0,0,0,0,195,2026-02-04 21:31:41.958448
PHR,46.94,46.93,46.95,50000000.0,50000000.0,0,0,0,0,0,0,195,2026-02-04 21:31:41.958448
BYL,42.31,42.3,42.32,50000000.0,50000000.0,0,0,0,0,0,0,195,2026-02-04 21:31:41.958448
CLD,77.26,77.25,77.27,50000000.0,50000000.0,0,0,0,0,0,0,195,2026-02-04 21:31:41.958448
GGD,38.89,38.88,38.9,50000000.0,50000000.0,0,0,0,0,0,0,195,2026-02-04 21:31:41.958448
PNR,63.22,63.21,63.23,50000000.0,50000000.0,0,0,0,0,0,0,195,2026-02-04 21:31:41.958448
FSR,28.68,28.67,28.69,50000000.0,50000000.0,0,0,0,0,0,0,195,2026-02-04 21:31:41.958448
ATB,57.97,57.96,57.98,50000000.0,50000000.0,0,0,0,0,0,0,195,2026-02-04 21:31:41.958448
SPK,50.66,50.65,50.67,50000000.0,50000000.0,0,0,0,0,0,0,195,2026-02-04 21:31:41.958448
EEC,43.8,43.79,43.81,50000000.0,50000000.0,0,0,0,0,0,0,195,2026-02-04 21:31:41.958448
TGX,43.46,43.45,43.47,50000000.0,50000000.0,0,0,0,0,0,0,196,2026-02-04 21:31:43.007670,20.0,1.0,195.0,D2-BYL/CLD,Key Engineer Retention Plan Announced,CloudSys implements retention program for 200 critical ByteLayer engineers with equity incentives.
PHR,46.69,46.68,46.7,50000000.0,50000000.0,0,0,0,0,0,0,196,2026-02-04 21:31:43.007670,,,,,,
BYL,42.42,42.41,42.43,50000000.0,50000000.0,0,0,0,0,0,0,196,2026-02-04 21:31:43.007670,,,,,,
CLD,77.51,77.5,77.52,50000000.0,50000000.0,0,0,0,0,0,0,196,2026-02-04 21:31:43.007670,,,,,,
GGD,38.86,38.85,38.87,50000000.0,50000000.0,0,0,0,0,0,0,196,2026-02-04 21:31:43.007670,,,,,,
PNR,62.72,62.71,62.73,50000000.0,50000000.0,0,0,0,0,0,0,196,2026-02-04 21:31:43.007670,,,,,,
FSR,28.74,28.73,28.75,50000000.0,50000000.0,0,0,0,0,0,0,196,2026-02-04 21:31:43.007670,,,,,,
ATB,57.69,57.68,57.7,50000000.0,50000000.0,0,0,0,0,0,0,196,2026-02-04 21:31:43.007670,,,,,,
SPK,50.56,50.55,50.57,50000000.0,50000000.0,0,0,0,0,0,0,196,2026-02-04 21:31:43.007670,,,,,,
EEC,43.64,43.63,43.65,50000000.0,50000000.0,0,0,0,0,0,0,196,2026-02-04 21:31:43.007670,,,,,,
TGX,43.52,43.51,43.53,50000000.0,50000000.0,0,0,0,0,0,0,197,2026-02-04 21:31:44.065813
PHR,47.06,47.05,47.07,50000000.0,50000000.0,0,0,0,0,0,0,197,2026-02-04 21:31:44.065813
BYL,42.24,42.23,42.25,50000000.0,50000000.0,0,0,0,0,0,0,197,2026-02-04 21:31:44.065813
CLD,77.05,77.04,77.06,50000000.0,50000000.0,0,0,0,0,0,0,197,2026-02-04 21:31:44.065813
GGD,38.95,38.94,38.96,50000000.0,50000000.0,0,0,0,0,0,0,197,2026-02-04 21:31:44.065813
PNR,63.48,63.47,63.49,50000000.0,50000000.0,0,0,0,0,0,0,197,2026-02-04 21:31:44.065813
FSR,28.7,28.69,28.71,50000000.0,50000000.0,0,0,0,0,0,0,197,2026-02-04 21:31:44.065813
ATB,57.62,57.61,57.63,50000000.0,50000000.0,0,0,0,0,0,0,197,2026-02-04 21:31:44.065813
SPK,50.5,50.49,50.51,50000000.0,50000000.0,0,0,0,0,0,0,197,2026-02-04 21:31:44.065813
EEC,43.58,43.57,43.59,50000000.0,50000000.0,0,0,0,0,0,0,197,2026-02-04 21:31:44.065813
TGX,43.58,43.57,43.59,50000000.0,50000000.0,0,0,0,0,0,0,198,2026-02-04 21:31:45.141297
PHR,46.45,46.44,46.46,50000000.0,50000000.0,0,0,0,0,0,0,198,2026-02-04 21:31:45.141297
BYL,42.09,42.08,42.1,50000000.0,50000000.0,0,0,0,0,0,0,198,2026-02-04 21:31:45.141297
CLD,76.67,76.66,76.68,50000000.0,50000000.0,0,0,0,0,0,0,198,2026-02-04 21:31:45.141297
GGD,38.86,38.85,38.87,50000000.0,50000000.0,0,0,0,0,0,0,198,2026-02-04 21:31:45.141297
PNR,63.25,63.24,63.26,50000000.0,50000000.0,0,0,0,0,0,0,198,2026-02-04 21:31:45.141297
FSR,28.7,28.69,28.71,50000000.0,50000000.0,0,0,0,0,0,0,198,2026-02-04 21:31:45.141297
ATB,57.66,57.65,57.67,50000000.0,50000000.0,0,0,0,0,0,0,198,2026-02-04 21:31:45.141297
SPK,50.42,50.41,50.43,50000000.0,50000000.0,0,0,0,0,0,0,198,2026-02-04 21:31:45.141297
EEC,43.47,43.46,43.48,50000000.0,50000000.0,0,0,0,0,0,0,198,2026-02-04 21:31:45.141297
TGX,43.58,43.57,43.59,50000000.0,50000000.0,0,0,0,0,0,0,199,2026-02-04 21:31:46.191957
PHR,46.47,46.46,46.48,50000000.0,50000000.0,0,0,0,0,0,0,199,2026-02-04 21:31:46.191957
BYL,42.16,42.15,42.17,50000000.0,50000000.0,0,0,0,0,0,0,199,2026-02-04 21:31:46.191957
CLD,76.88,76.87,76.89,50000000.0,50000000.0,0,0,0,0,0,0,199,2026-02-04 21:31:46.191957
GGD,38.78,38.77,38.79,50000000.0,50000000.0,0,0,0,0,0,0,199,2026-02-04 21:31:46.191957
PNR,63.16,63.15,63.17,50000000.0,50000000.0,0,0,0,0,0,0,199,2026-02-04 21:31:46.191957
FSR,28.73,28.72,28.74,50000000.0,50000000.0,0,0,0,0,0,0,199,2026-02-04 21:31:46.191957
ATB,57.52,57.51,57.53,50000000.0,50000000.0,0,0,0,0,0,0,199,2026-02-04 21:31:46.191957
SPK,50.38,50.37,50.39,50000000.0,50000000.0,0,0,0,0,0,0,199,2026-02-04 21:31:46.191957
EEC,43.41,43.4,43.42,50000000.0,50000000.0,0,0,0,0,0,0,199,2026-02-04 21:31:46.191957
TGX,43.57,43.56,43.58,50000000.0,50000000.0,0,0,0,0,0,0,200,2026-02-04 21:31:46.879966
PHR,46.53,46.52,46.54,50000000.0,50000000.0,0,0,0,0,0,0,200,2026-02-04 21:31:46.879966
BYL,42.15,42.14,42.16,50000000.0,50000000.0,0,0,0,0,0,0,200,2026-02-04 21:31:46.879966
CLD,76.82,76.81,76.83,50000000.0,50000000.0,0,0,0,0,0,0,200,2026-02-04 21:31:46.879966
GGD,38.83,38.82,38.84,50000000.0,50000000.0,0,0,0,0,0,0,200,2026-02-04 21:31:46.879966
PNR,63.17,63.16,63.18,50000000.0,50000000.0,0,0,0,0,0,0,200,2026-02-04 21:31:46.879966
FSR,28.7,28.69,28.71,50000000.0,50000000.0,0,0,0,0,0,0,200,2026-02-04 21:31:46.879966
ATB,57.42,57.41,57.43,50000000.0,50000000.0,0,0,0,0,0,0,200,2026-02-04 21:31:46.879966
SPK,50.28,50.27,50.29,50000000.0,50000000.0,0,0,0,0,0,0,200,2026-02-04 21:31:46.879966
EEC,43.18,43.17,43.19,50000000.0,50000000.0,0,0,0,0,0,0,200,2026-02-04 21:31:46.879966
TGX,43.51,43.5,43.52,50000000.0,50000000.0,0,0,0,0,0,0,201,2026-02-04 21:31:47.972280
PHR,46.5,46.49,46.51,50000000.0,50000000.0,0,0,0,0,0,0,201,2026-02-04 21:31:47.972280
BYL,42.11,42.1,42.12,50000000.0,50000000.0,0,0,0,0,0,0,201,2026-02-04 21:31:47.972280
CLD,76.68,76.67,76.69,50000000.0,50000000.0,0,0,0,0,0,0,201,2026-02-04 21:31:47.972280
GGD,38.81,38.8,38.82,50000000.0,50000000.0,0,0,0,0,0,0,201,2026-02-04 21:31:47.972280
PNR,62.84,62.83,62.85,50000000.0,50000000.0,0,0,0,0,0,0,201,2026-02-04 21:31:47.972280
FSR,28.69,28.68,28.7,50000000.0,50000000.0,0,0,0,0,0,0,201,2026-02-04 21:31:47.972280
ATB,57.17,57.16,57.18,50000000.0,50000000.0,0,0,0,0,0,0,201,2026-02-04 21:31:47.972280
SPK,50.25,50.24,50.26,50000000.0,50000000.0,0,0,0,0,0,0,201,2026-02-04 21:31:47.972280
EEC,43.15,43.14,43.16,50000000.0,50000000.0,0,0,0,0,0,0,201,2026-02-04 21:31:47.972280
TGX,43.53,43.52,43.54,50000000.0,50000000.0,0,0,0,0,0,0,202,2026-02-04 21:31:49.026189
PHR,46.55,46.54,46.56,50000000.0,50000000.0,0,0,0,0,0,0,202,2026-02-04 21:31:49.026189
BYL,41.96,41.95,41.97,50000000.0,50000000.0,0,0,0,0,0,0,202,2026-02-04 21:31:49.026189
CLD,76.37,76.36,76.38,50000000.0,50000000.0,0,0,0,0,0,0,202,2026-02-04 21:31:49.026189
GGD,38.85,38.84,38.86,50000000.0,50000000.0,0,0,0,0,0,0,202,2026-02-04 21:31:49.026189
PNR,62.87,62.86,62.88,50000000.0,50000000.0,0,0,0,0,0,0,202,2026-02-04 21:31:49.026189
FSR,28.73,28.72,28.74,50000000.0,50000000.0,0,0,0,0,0,0,202,2026-02-04 21:31:49.026189
ATB,57.4,57.39,57.41,50000000.0,50000000.0,0,0,0,0,0,0,202,2026-02-04 21:31:49.026189
SPK,50.19,50.18,50.2,50000000.0,50000000.0,0,0,0,0,0,0,202,2026-02-04 21:31:49.026189
EEC,43.02,43.01,43.03,50000000.0,50000000.0,0,0,0,0,0,0,202,2026-02-04 21:31:49.026189
TGX,43.54,43.53,43.55,50000000.0,50000000.0,0,0,0,0,0,0,203,2026-02-04 21:31:50.085815
PHR,46.67,46.66,46.68,50000000.0,50000000.0,0,0,0,0,0,0,203,2026-02-04 21:31:50.085815
BYL,42.03,42.02,42.04,50000000.0,50000000.0,0,0,0,0,0,0,203,2026-02-04 21:31:50.085815
CLD,76.58,76.57,76.59,50000000.0,50000000.0,0,0,0,0,0,0,203,2026-02-04 21:31:50.085815
GGD,38.77,38.76,38.78,50000000.0,50000000.0,0,0,0,0,0,0,203,2026-02-04 21:31:50.085815
PNR,62.83,62.82,62.84,50000000.0,50000000.0,0,0,0,0,0,0,203,2026-02-04 21:31:50.085815
FSR,28.62,28.6,28.62,50000000.0,50000000.0,0,0,0,0,0,0,203,2026-02-04 21:31:50.085815
ATB,57.46,57.45,57.47,50000000.0,50000000.0,0,0,0,0,0,0,203,2026-02-04 21:31:50.085815
SPK,49.97,49.96,49.98,50000000.0,50000000.0,0,0,0,0,0,0,203,2026-02-04 21:31:50.085815
EEC,42.77,42.76,42.78,50000000.0,50000000.0,0,0,0,0,0,0,203,2026-02-04 21:31:50.085815
TGX,43.58,43.57,43.59,50000000.0,50000000.0,0,0,0,0,0,0,204,2026-02-04 21:31:51.201545
PHR,46.54,46.53,46.55,50000000.0,50000000.0,0,0,0,0,0,0,204,2026-02-04 21:31:51.201545
BYL,41.82,41.81,41.83,50000000.0,50000000.0,0,0,0,0,0,0,204,2026-02-04 21:31:51.201545
CLD,76.11,76.1,76.12,50000000.0,50000000.0,0,0,0,0,0,0,204,2026-02-04 21:31:51.201545
GGD,38.87,38.86,38.88,50000000.0,50000000.0,0,0,0,0,0,0,204,2026-02-04 21:31:51.201545
PNR,63.21,63.2,63.22,50000000.0,50000000.0,0,0,0,0,0,0,204,2026-02-04 21:31:51.201545
FSR,28.52,28.5,28.52,50000000.0,50000000.0,0,0,0,0,0,0,204,2026-02-04 21:31:51.201545
ATB,57.12,57.11,57.13,50000000.0,50000000.0,0,0,0,0,0,0,204,2026-02-04 21:31:51.201545
SPK,49.81,49.8,49.82,50000000.0,50000000.0,0,0,0,0,0,0,204,2026-02-04 21:31:51.201545
EEC,42.53,42.52,42.54,50000000.0,50000000.0,0,0,0,0,0,0,204,2026-02-04 21:31:51.201545
TGX,43.61,43.6,43.62,50000000.0,50000000.0,0,0,0,0,0,0,205,2026-02-04 21:31:51.826991
PHR,46.03,46.02,46.04,50000000.0,50000000.0,0,0,0,0,0,0,205,2026-02-04 21:31:51.826991
BYL,42.09,42.08,42.1,50000000.0,50000000.0,0,0,0,0,0,0,205,2026-02-04 21:31:51.826991
CLD,76.83,76.82,76.84,50000000.0,50000000.0,0,0,0,0,0,0,205,2026-02-04 21:31:51.826991
GGD,38.9,38.89,38.91,50000000.0,50000000.0,0,0,0,0,0,0,205,2026-02-04 21:31:51.826991
PNR,63.4,63.39,63.41,50000000.0,50000000.0,0,0,0,0,0,0,205,2026-02-04 21:31:51.826991
FSR,28.48,28.47,28.49,50000000.0,50000000.0,0,0,0,0,0,0,205,2026-02-04 21:31:51.826991
ATB,56.81,56.8,56.82,50000000.0,50000000.0,0,0,0,0,0,0,205,2026-02-04 21:31:51.826991
SPK,49.81,49.8,49.82,50000000.0,50000000.0,0,0,0,0,0,0,205,2026-02-04 21:31:51.826991
EEC,42.52,42.51,42.53,50000000.0,50000000.0,0,0,0,0,0,0,205,2026-02-04 21:31:51.826991
TGX,43.67,43.66,43.68,50000000.0,50000000.0,0,0,0,0,0,0,206,2026-02-04 21:31:52.930993
PHR,46.07,46.06,46.08,50000000.0,50000000.0,0,0,0,0,0,0,206,2026-02-04 21:31:52.930993
BYL,41.94,41.93,41.95,50000000.0,50000000.0,0,0,0,0,0,0,206,2026-02-04 21:31:52.930993
CLD,76.44,76.43,76.45,50000000.0,50000000.0,0,0,0,0,0,0,206,2026-02-04 21:31:52.930993
GGD,38.97,38.96,38.98,50000000.0,50000000.0,0,0,0,0,0,0,206,2026-02-04 21:31:52.930993
PNR,63.84,63.83,63.85,50000000.0,50000000.0,0,0,0,0,0,0,206,2026-02-04 21:31:52.930993
FSR,28.59,28.58,28.6,50000000.0,50000000.0,0,0,0,0,0,0,206,2026-02-04 21:31:52.930993
ATB,56.78,56.77,56.79,50000000.0,50000000.0,0,0,0,0,0,0,206,2026-02-04 21:31:52.930993
SPK,49.53,49.52,49.54,50000000.0,50000000.0,0,0,0,0,0,0,206,2026-02-04 21:31:52.930993
EEC,42.1,42.09,42.11,50000000.0,50000000.0,0,0,0,0,0,0,206,2026-02-04 21:31:52.930993
TGX,43.69,43.68,43.7,50000000.0,50000000.0,0,0,0,0,0,0,207,2026-02-04 21:31:53.990540
PHR,45.99,45.98,46.0,50000000.0,50000000.0,0,0,0,0,0,0,207,2026-02-04 21:31:53.990540
BYL,41.91,41.9,41.92,50000000.0,50000000.0,0,0,0,0,0,0,207,2026-02-04 21:31:53.990540
CLD,76.28,76.27,76.29,50000000.0,50000000.0,0,0,0,0,0,0,207,2026-02-04 21:31:53.990540
GGD,38.98,38.97,38.99,50000000.0,50000000.0,0,0,0,0,0,0,207,2026-02-04 21:31:53.990540
PNR,63.91,63.9,63.92,50000000.0,50000000.0,0,0,0,0,0,0,207,2026-02-04 21:31:53.990540
FSR,28.54,28.53,28.55,50000000.0,50000000.0,0,0,0,0,0,0,207,2026-02-04 21:31:53.990540
ATB,56.81,56.8,56.82,50000000.0,50000000.0,0,0,0,0,0,0,207,2026-02-04 21:31:53.990540
SPK,49.61,49.6,49.62,50000000.0,50000000.0,0,0,0,0,0,0,207,2026-02-04 21:31:53.990540
EEC,42.2,42.19,42.21,50000000.0,50000000.0,0,0,0,0,0,0,207,2026-02-04 21:31:53.990540
TGX,43.65,43.64,43.66,50000000.0,50000000.0,0,0,0,0,0,0,208,2026-02-04 21:31:55.095088
PHR,45.54,45.53,45.55,50000000.0,50000000.0,0,0,0,0,0,0,208,2026-02-04 21:31:55.095088
BYL,41.99,41.98,42.0,50000000.0,50000000.0,0,0,0,0,0,0,208,2026-02-04 21:31:55.095088
CLD,76.38,76.37,76.39,50000000.0,50000000.0,0,0,0,0,0,0,208,2026-02-04 21:31:55.095088
GGD,39.04,39.03,39.05,50000000.0,50000000.0,0,0,0,0,0,0,208,2026-02-04 21:31:55.095088
PNR,64.16,64.15,64.17,50000000.0,50000000.0,0,0,0,0,0,0,208,2026-02-04 21:31:55.095088
FSR,28.61,28.6,28.62,50000000.0,50000000.0,0,0,0,0,0,0,208,2026-02-04 21:31:55.095088
ATB,56.77,56.76,56.78,50000000.0,50000000.0,0,0,0,0,0,0,208,2026-02-04 21:31:55.095088
SPK,49.53,49.52,49.54,50000000.0,50000000.0,0,0,0,0,0,0,208,2026-02-04 21:31:55.095088
EEC,42.1,42.09,42.11,50000000.0,50000000.0,0,0,0,0,0,0,208,2026-02-04 21:31:55.095088
TGX,43.65,43.64,43.66,50000000.0,50000000.0,0,0,0,0,0,0,209,2026-02-04 21:31:56.199812,21.0,1.0,208.0,ALL,Executive Order Targets Competition Policy Across Industries,"The White House has issued a sweeping executive order directing federal agencies to adopt more aggressive competition enforcement across technology, healthcare, energy, and financial services. The order instructs the FTC and DOJ to revisit merger review standards and directs sector-specific regulators to consider competitive effects in their approval processes. While executive orders cannot directly alter statutory antitrust standards, they shape agency priorities and resource allocation. Legal analysts note that the order's breadth is unusual and may signal a sustained shift in the regulatory environment for large-scale transactions across all affected sectors."
PHR,45.75,45.74,45.76,50000000.0,50000000.0,0,0,0,0,0,0,209,2026-02-04 21:31:56.199812,,,,,,
BYL,42.16,42.15,42.17,50000000.0,50000000.0,0,0,0,0,0,0,209,2026-02-04 21:31:56.199812,,,,,,
CLD,76.71,76.7,76.72,50000000.0,50000000.0,0,0,0,0,0,0,209,2026-02-04 21:31:56.199812,,,,,,
GGD,39.05,39.04,39.06,50000000.0,50000000.0,0,0,0,0,0,0,209,2026-02-04 21:31:56.199812,,,,,,
PNR,63.99,63.98,64.0,50000000.0,50000000.0,0,0,0,0,0,0,209,2026-02-04 21:31:56.199812,,,,,,
FSR,28.54,28.53,28.55,50000000.0,50000000.0,0,0,0,0,0,0,209,2026-02-04 21:31:56.199812,,,,,,
ATB,57.01,57.0,57.02,50000000.0,50000000.0,0,0,0,0,0,0,209,2026-02-04 21:31:56.199812,,,,,,
SPK,49.39,49.38,49.4,50000000.0,50000000.0,0,0,0,0,0,0,209,2026-02-04 21:31:56.199812,,,,,,
EEC,41.87,41.86,41.88,50000000.0,50000000.0,0,0,0,0,0,0,209,2026-02-04 21:31:56.199812,,,,,,
TGX,43.66,43.65,43.67,50000000.0,50000000.0,0,0,0,0,0,0,210,2026-02-04 21:31:56.921910
PHR,46.62,46.61,46.63,50000000.0,50000000.0,0,0,0,0,0,0,210,2026-02-04 21:31:56.921910
BYL,42.13,42.12,42.14,50000000.0,50000000.0,0,0,0,0,0,0,210,2026-02-04 21:31:56.921910
CLD,76.59,76.58,76.6,50000000.0,50000000.0,0,0,0,0,0,0,210,2026-02-04 21:31:56.921910
GGD,39.28,39.27,39.29,50000000.0,50000000.0,0,0,0,0,0,0,210,2026-02-04 21:31:56.921910
PNR,64.45,64.44,64.46,50000000.0,50000000.0,0,0,0,0,0,0,210,2026-02-04 21:31:56.921910
FSR,28.58,28.57,28.59,50000000.0,50000000.0,0,0,0,0,0,0,210,2026-02-04 21:31:56.921910
ATB,57.04,57.03,57.05,50000000.0,50000000.0,0,0,0,0,0,0,210,2026-02-04 21:31:56.921910
SPK,49.46,49.45,49.47,50000000.0,50000000.0,0,0,0,0,0,0,210,2026-02-04 21:31:56.921910
EEC,42.03,42.02,42.04,50000000.0,50000000.0,0,0,0,0,0,0,210,2026-02-04 21:31:56.921910
TGX,43.66,43.65,43.67,50000000.0,50000000.0,0,0,0,0,0,0,211,2026-02-04 21:31:57.989320,22.0,1.0,210.0,ALL,DOJ Antitrust Division Signals Stricter Merger Enforcement,"The Department of Justice Antitrust Division has published updated merger enforcement guidelines, signaling a more aggressive posture toward horizontal consolidation in technology, healthcare, and financial services. The new framework lowers concentration thresholds that trigger presumptive challenges and expands the scope of competitive effects analysis. Legal advisors to pending transactions are assessing the implications for ongoing reviews, with cloud computing and pharmaceutical deals seen as most directly affected. The guidelines do not retroactively alter existing consent decrees but may influence remedies under negotiation."
PHR,46.64,46.63,46.65,50000000.0,50000000.0,0,0,0,0,0,0,211,2026-02-04 21:31:57.989320,,,,,,
BYL,42.32,42.31,42.33,50000000.0,50000000.0,0,0,0,0,0,0,211,2026-02-04 21:31:57.989320,,,,,,
CLD,76.99,76.98,77.0,50000000.0,50000000.0,0,0,0,0,0,0,211,2026-02-04 21:31:57.989320,,,,,,
GGD,39.24,39.23,39.25,50000000.0,50000000.0,0,0,0,0,0,0,211,2026-02-04 21:31:57.989320,,,,,,
PNR,64.23,64.22,64.24,50000000.0,50000000.0,0,0,0,0,0,0,211,2026-02-04 21:31:57.989320,,,,,,
FSR,28.55,28.54,28.56,50000000.0,50000000.0,0,0,0,0,0,0,211,2026-02-04 21:31:57.989320,,,,,,
ATB,57.08,57.07,57.09,50000000.0,50000000.0,0,0,0,0,0,0,211,2026-02-04 21:31:57.989320,,,,,,
SPK,49.42,49.41,49.43,50000000.0,50000000.0,0,0,0,0,0,0,211,2026-02-04 21:31:57.989320,,,,,,
EEC,41.87,41.86,41.88,50000000.0,50000000.0,0,0,0,0,0,0,211,2026-02-04 21:31:57.989320,,,,,,
TGX,43.68,43.67,43.69,50000000.0,50000000.0,0,0,0,0,0,0,212,2026-02-04 21:31:59.052865
PHR,46.35,46.34,46.36,50000000.0,50000000.0,0,0,0,0,0,0,212,2026-02-04 21:31:59.052865
BYL,42.63,42.62,42.64,50000000.0,50000000.0,0,0,0,0,0,0,212,2026-02-04 21:31:59.052865
CLD,77.71,77.7,77.72,50000000.0,50000000.0,0,0,0,0,0,0,212,2026-02-04 21:31:59.052865
GGD,39.21,39.2,39.22,50000000.0,50000000.0,0,0,0,0,0,0,212,2026-02-04 21:31:59.052865
PNR,63.55,63.54,63.56,50000000.0,50000000.0,0,0,0,0,0,0,212,2026-02-04 21:31:59.052865
FSR,28.54,28.53,28.55,50000000.0,50000000.0,0,0,0,0,0,0,212,2026-02-04 21:31:59.052865
ATB,57.24,57.23,57.25,50000000.0,50000000.0,0,0,0,0,0,0,212,2026-02-04 21:31:59.052865
SPK,49.36,49.35,49.37,50000000.0,50000000.0,0,0,0,0,0,0,212,2026-02-04 21:31:59.052865
EEC,41.78,41.77,41.79,50000000.0,50000000.0,0,0,0,0,0,0,212,2026-02-04 21:31:59.052865
TGX,43.69,43.68,43.7,50000000.0,50000000.0,0,0,0,0,0,0,213,2026-02-04 21:32:00.122898
PHR,46.63,46.62,46.64,50000000.0,50000000.0,0,0,0,0,0,0,213,2026-02-04 21:32:00.122898
BYL,42.88,42.87,42.89,50000000.0,50000000.0,0,0,0,0,0,0,213,2026-02-04 21:32:00.122898
CLD,78.3,78.29,78.31,50000000.0,50000000.0,0,0,0,0,0,0,213,2026-02-04 21:32:00.122898
GGD,39.16,39.15,39.17,50000000.0,50000000.0,0,0,0,0,0,0,213,2026-02-04 21:32:00.122898
PNR,63.33,63.32,63.34,50000000.0,50000000.0,0,0,0,0,0,0,213,2026-02-04 21:32:00.122898
FSR,28.66,28.65,28.67,50000000.0,50000000.0,0,0,0,0,0,0,213,2026-02-04 21:32:00.122898
ATB,57.18,57.17,57.19,50000000.0,50000000.0,0,0,0,0,0,0,213,2026-02-04 21:32:00.122898
SPK,49.27,49.26,49.28,50000000.0,50000000.0,0,0,0,0,0,0,213,2026-02-04 21:32:00.122898
EEC,41.56,41.55,41.57,50000000.0,50000000.0,0,0,0,0,0,0,213,2026-02-04 21:32:00.122898
TGX,43.69,43.68,43.7,50000000.0,50000000.0,0,0,0,0,0,0,214,2026-02-04 21:32:01.169129
PHR,46.58,46.57,46.59,50000000.0,50000000.0,0,0,0,0,0,0,214,2026-02-04 21:32:01.169129
BYL,42.96,42.95,42.97,50000000.0,50000000.0,0,0,0,0,0,0,214,2026-02-04 21:32:01.169129
CLD,78.54,78.53,78.55,50000000.0,50000000.0,0,0,0,0,0,0,214,2026-02-04 21:32:01.169129
GGD,39.21,39.2,39.22,50000000.0,50000000.0,0,0,0,0,0,0,214,2026-02-04 21:32:01.169129
PNR,63.38,63.37,63.39,50000000.0,50000000.0,0,0,0,0,0,0,214,2026-02-04 21:32:01.169129
FSR,28.61,28.6,28.62,50000000.0,50000000.0,0,0,0,0,0,0,214,2026-02-04 21:32:01.169129
ATB,57.14,57.13,57.15,50000000.0,50000000.0,0,0,0,0,0,0,214,2026-02-04 21:32:01.169129
SPK,49.27,49.26,49.28,50000000.0,50000000.0,0,0,0,0,0,0,214,2026-02-04 21:32:01.169129
EEC,41.63,41.62,41.64,50000000.0,50000000.0,0,0,0,0,0,0,214,2026-02-04 21:32:01.169129
TGX,43.69,43.68,43.7,50000000.0,50000000.0,0,0,0,0,0,0,215,2026-02-04 21:32:02.217966
PHR,46.6,46.59,46.61,50000000.0,50000000.0,0,0,0,0,0,0,215,2026-02-04 21:32:02.217966
BYL,43.04,43.03,43.05,50000000.0,50000000.0,0,0,0,0,0,0,215,2026-02-04 21:32:02.217966
CLD,78.7,78.69,78.71,50000000.0,50000000.0,0,0,0,0,0,0,215,2026-02-04 21:32:02.217966
GGD,39.18,39.17,39.19,50000000.0,50000000.0,0,0,0,0,0,0,215,2026-02-04 21:32:02.217966
PNR,63.72,63.71,63.73,50000000.0,50000000.0,0,0,0,0,0,0,215,2026-02-04 21:32:02.217966
FSR,28.69,28.68,28.7,50000000.0,50000000.0,0,0,0,0,0,0,215,2026-02-04 21:32:02.217966
ATB,57.01,57.0,57.02,50000000.0,50000000.0,0,0,0,0,0,0,215,2026-02-04 21:32:02.217966
SPK,49.29,49.28,49.3,50000000.0,50000000.0,0,0,0,0,0,0,215,2026-02-04 21:32:02.217966
EEC,41.58,41.57,41.59,50000000.0,50000000.0,0,0,0,0,0,0,215,2026-02-04 21:32:02.217966
TGX,43.71,43.7,43.72,50000000.0,50000000.0,0,0,0,0,0,0,216,2026-02-04 21:32:03.284384
PHR,46.81,46.8,46.82,50000000.0,50000000.0,0,0,0,0,0,0,216,2026-02-04 21:32:03.284384
BYL,42.98,42.97,42.99,50000000.0,50000000.0,0,0,0,0,0,0,216,2026-02-04 21:32:03.284384
CLD,78.62,78.61,78.63,50000000.0,50000000.0,0,0,0,0,0,0,216,2026-02-04 21:32:03.284384
GGD,39.3,39.29,39.31,50000000.0,50000000.0,0,0,0,0,0,0,216,2026-02-04 21:32:03.284384
PNR,64.65,64.64,64.66,50000000.0,50000000.0,0,0,0,0,0,0,216,2026-02-04 21:32:03.284384
FSR,28.72,28.71,28.73,50000000.0,50000000.0,0,0,0,0,0,0,216,2026-02-04 21:32:03.284384
ATB,57.16,57.15,57.17,50000000.0,50000000.0,0,0,0,0,0,0,216,2026-02-04 21:32:03.284384
SPK,49.41,49.4,49.42,50000000.0,50000000.0,0,0,0,0,0,0,216,2026-02-04 21:32:03.284384
EEC,41.78,41.77,41.79,50000000.0,50000000.0,0,0,0,0,0,0,216,2026-02-04 21:32:03.284384
TGX,43.72,43.71,43.73,50000000.0,50000000.0,0,0,0,0,0,0,217,2026-02-04 21:32:03.835363
PHR,46.92,46.91,46.93,50000000.0,50000000.0,0,0,0,0,0,0,217,2026-02-04 21:32:03.835363
BYL,43.13,43.12,43.14,50000000.0,50000000.0,0,0,0,0,0,0,217,2026-02-04 21:32:03.835363
CLD,78.89,78.88,78.9,50000000.0,50000000.0,0,0,0,0,0,0,217,2026-02-04 21:32:03.835363
GGD,39.28,39.27,39.29,50000000.0,50000000.0,0,0,0,0,0,0,217,2026-02-04 21:32:03.835363
PNR,64.35,64.34,64.36,50000000.0,50000000.0,0,0,0,0,0,0,217,2026-02-04 21:32:03.835363
FSR,28.7,28.69,28.71,50000000.0,50000000.0,0,0,0,0,0,0,217,2026-02-04 21:32:03.835363
ATB,57.16,57.15,57.17,50000000.0,50000000.0,0,0,0,0,0,0,217,2026-02-04 21:32:03.835363
SPK,49.33,49.32,49.34,50000000.0,50000000.0,0,0,0,0,0,0,217,2026-02-04 21:32:03.835363
EEC,41.59,41.58,41.6,50000000.0,50000000.0,0,0,0,0,0,0,217,2026-02-04 21:32:03.835363
TGX,43.69,43.68,43.7,50000000.0,50000000.0,0,0,0,0,0,0,218,2026-02-04 21:32:04.954572
PHR,47.09,47.08,47.1,50000000.0,50000000.0,0,0,0,0,0,0,218,2026-02-04 21:32:04.954572
BYL,42.92,42.91,42.93,50000000.0,50000000.0,0,0,0,0,0,0,218,2026-02-04 21:32:04.954572
CLD,78.53,78.52,78.54,50000000.0,50000000.0,0,0,0,0,0,0,218,2026-02-04 21:32:04.954572
GGD,39.34,39.33,39.35,50000000.0,50000000.0,0,0,0,0,0,0,218,2026-02-04 21:32:04.954572
PNR,64.66,64.65,64.67,50000000.0,50000000.0,0,0,0,0,0,0,218,2026-02-04 21:32:04.954572
FSR,28.76,28.75,28.77,50000000.0,50000000.0,0,0,0,0,0,0,218,2026-02-04 21:32:04.954572
ATB,56.94,56.93,56.95,50000000.0,50000000.0,0,0,0,0,0,0,218,2026-02-04 21:32:04.954572
SPK,49.46,49.45,49.47,50000000.0,50000000.0,0,0,0,0,0,0,218,2026-02-04 21:32:04.954572
EEC,41.8,41.79,41.81,50000000.0,50000000.0,0,0,0,0,0,0,218,2026-02-04 21:32:04.954572
TGX,43.73,43.72,43.74,50000000.0,50000000.0,0,0,0,0,0,0,219,2026-02-04 21:32:06.026218
PHR,46.71,46.7,46.72,50000000.0,50000000.0,0,0,0,0,0,0,219,2026-02-04 21:32:06.026218
BYL,43.65,43.64,43.66,50000000.0,50000000.0,0,0,0,0,0,0,219,2026-02-04 21:32:06.026218
CLD,78.41,78.4,78.42,50000000.0,50000000.0,0,0,0,0,0,0,219,2026-02-04 21:32:06.026218
GGD,39.3,39.29,39.31,50000000.0,50000000.0,0,0,0,0,0,0,219,2026-02-04 21:32:06.026218
PNR,64.46,64.45,64.47,50000000.0,50000000.0,0,0,0,0,0,0,219,2026-02-04 21:32:06.026218
FSR,28.82,28.82,28.84,50000000.0,50000000.0,0,0,0,0,0,0,219,2026-02-04 21:32:06.026218
ATB,56.88,56.87,56.89,50000000.0,50000000.0,0,0,0,0,0,0,219,2026-02-04 21:32:06.026218
SPK,49.54,49.53,49.55,50000000.0,50000000.0,0,0,0,0,0,0,219,2026-02-04 21:32:06.026218
EEC,41.87,41.86,41.88,50000000.0,50000000.0,0,0,0,0,0,0,219,2026-02-04 21:32:06.026218
TGX,43.78,43.77,43.79,50000000.0,50000000.0,0,0,0,0,0,0,220,2026-02-04 21:32:07.109625
PHR,46.96,46.95,46.97,50000000.0,50000000.0,0,0,0,0,0,0,220,2026-02-04 21:32:07.109625
BYL,43.37,43.36,43.38,50000000.0,50000000.0,0,0,0,0,0,0,220,2026-02-04 21:32:07.109625
CLD,77.81,77.8,77.82,50000000.0,50000000.0,0,0,0,0,0,0,220,2026-02-04 21:32:07.109625
GGD,39.27,39.26,39.28,50000000.0,50000000.0,0,0,0,0,0,0,220,2026-02-04 21:32:07.109625
PNR,64.56,64.55,64.57,50000000.0,50000000.0,0,0,0,0,0,0,220,2026-02-04 21:32:07.109625
FSR,28.81,28.81,28.83,50000000.0,50000000.0,0,0,0,0,0,0,220,2026-02-04 21:32:07.109625
ATB,57.14,57.13,57.15,50000000.0,50000000.0,0,0,0,0,0,0,220,2026-02-04 21:32:07.109625
SPK,49.45,49.44,49.46,50000000.0,50000000.0,0,0,0,0,0,0,220,2026-02-04 21:32:07.109625
EEC,41.67,41.66,41.68,50000000.0,50000000.0,0,0,0,0,0,0,220,2026-02-04 21:32:07.109625
TGX,43.81,43.8,43.82,50000000.0,50000000.0,0,0,0,0,0,0,221,2026-02-04 21:32:08.156578
PHR,46.9,46.89,46.91,50000000.0,50000000.0,0,0,0,0,0,0,221,2026-02-04 21:32:08.156578
BYL,43.55,43.54,43.56,50000000.0,50000000.0,0,0,0,0,0,0,221,2026-02-04 21:32:08.156578
CLD,78.12,78.11,78.13,50000000.0,50000000.0,0,0,0,0,0,0,221,2026-02-04 21:32:08.156578
GGD,39.29,39.28,39.3,50000000.0,50000000.0,0,0,0,0,0,0,221,2026-02-04 21:32:08.156578
PNR,64.51,64.5,64.52,50000000.0,50000000.0,0,0,0,0,0,0,221,2026-02-04 21:32:08.156578
FSR,28.87,28.87,28.89,50000000.0,50000000.0,0,0,0,0,0,0,221,2026-02-04 21:32:08.156578
ATB,56.86,56.85,56.87,50000000.0,50000000.0,0,0,0,0,0,0,221,2026-02-04 21:32:08.156578
SPK,49.43,49.42,49.44,50000000.0,50000000.0,0,0,0,0,0,0,221,2026-02-04 21:32:08.156578
EEC,41.67,41.66,41.68,50000000.0,50000000.0,0,0,0,0,0,0,221,2026-02-04 21:32:08.156578
TGX,43.78,43.77,43.79,50000000.0,50000000.0,0,0,0,0,0,0,222,2026-02-04 21:32:09.221864
PHR,46.86,46.85,46.87,50000000.0,50000000.0,0,0,0,0,0,0,222,2026-02-04 21:32:09.221864
BYL,43.56,43.55,43.57,50000000.0,50000000.0,0,0,0,0,0,0,222,2026-02-04 21:32:09.221864
CLD,78.22,78.21,78.23,50000000.0,50000000.0,0,0,0,0,0,0,222,2026-02-04 21:32:09.221864
GGD,39.29,39.28,39.3,50000000.0,50000000.0,0,0,0,0,0,0,222,2026-02-04 21:32:09.221864
PNR,64.79,64.78,64.8,50000000.0,50000000.0,0,0,0,0,0,0,222,2026-02-04 21:32:09.221864
FSR,28.88,28.87,28.89,50000000.0,50000000.0,0,0,0,0,0,0,222,2026-02-04 21:32:09.221864
ATB,57.0,56.99,57.01,50000000.0,50000000.0,0,0,0,0,0,0,222,2026-02-04 21:32:09.221864
SPK,49.3,49.29,49.31,50000000.0,50000000.0,0,0,0,0,0,0,222,2026-02-04 21:32:09.221864
EEC,41.48,41.47,41.49,50000000.0,50000000.0,0,0,0,0,0,0,222,2026-02-04 21:32:09.221864
TGX,43.79,43.78,43.8,50000000.0,50000000.0,0,0,0,0,0,0,223,2026-02-04 21:32:10.279013
PHR,47.1,47.09,47.11,50000000.0,50000000.0,0,0,0,0,0,0,223,2026-02-04 21:32:10.279013
BYL,43.85,43.84,43.86,50000000.0,50000000.0,0,0,0,0,0,0,223,2026-02-04 21:32:10.279013
CLD,78.91,78.9,78.92,50000000.0,50000000.0,0,0,0,0,0,0,223,2026-02-04 21:32:10.279013
GGD,39.4,39.39,39.41,50000000.0,50000000.0,0,0,0,0,0,0,223,2026-02-04 21:32:10.279013
PNR,64.87,64.86,64.88,50000000.0,50000000.0,0,0,0,0,0,0,223,2026-02-04 21:32:10.279013
FSR,28.9,28.89,28.91,50000000.0,50000000.0,0,0,0,0,0,0,223,2026-02-04 21:32:10.279013
ATB,57.08,57.07,57.09,50000000.0,50000000.0,0,0,0,0,0,0,223,2026-02-04 21:32:10.279013
SPK,49.5,49.49,49.51,50000000.0,50000000.0,0,0,0,0,0,0,223,2026-02-04 21:32:10.279013
EEC,41.81,41.8,41.82,50000000.0,50000000.0,0,0,0,0,0,0,223,2026-02-04 21:32:10.279013
TGX,43.8,43.79,43.81,50000000.0,50000000.0,0,0,0,0,0,0,224,2026-02-04 21:32:11.339392
PHR,47.03,47.02,47.04,50000000.0,50000000.0,0,0,0,0,0,0,224,2026-02-04 21:32:11.339392
BYL,44.04,44.03,44.05,50000000.0,50000000.0,0,0,0,0,0,0,224,2026-02-04 21:32:11.339392
CLD,79.31,79.3,79.32,50000000.0,50000000.0,0,0,0,0,0,0,224,2026-02-04 21:32:11.339392
GGD,39.43,39.42,39.44,50000000.0,50000000.0,0,0,0,0,0,0,224,2026-02-04 21:32:11.339392
PNR,64.85,64.84,64.86,50000000.0,50000000.0,0,0,0,0,0,0,224,2026-02-04 21:32:11.339392
FSR,28.94,28.93,28.95,50000000.0,50000000.0,0,0,0,0,0,0,224,2026-02-04 21:32:11.339392
ATB,56.87,56.86,56.88,50000000.0,50000000.0,0,0,0,0,0,0,224,2026-02-04 21:32:11.339392
SPK,49.41,49.4,49.42,50000000.0,50000000.0,0,0,0,0,0,0,224,2026-02-04 21:32:11.339392
EEC,41.8,41.79,41.81,50000000.0,50000000.0,0,0,0,0,0,0,224,2026-02-04 21:32:11.339392
TGX,43.79,43.78,43.8,50000000.0,50000000.0,0,0,0,0,0,0,225,2026-02-04 21:32:11.918554
PHR,47.13,47.12,47.14,50000000.0,50000000.0,0,0,0,0,0,0,225,2026-02-04 21:32:11.918554
BYL,44.17,44.16,44.18,50000000.0,50000000.0,0,0,0,0,0,0,225,2026-02-04 21:32:11.918554
CLD,79.61,79.6,79.62,50000000.0,50000000.0,0,0,0,0,0,0,225,2026-02-04 21:32:11.918554
GGD,39.36,39.35,39.37,50000000.0,50000000.0,0,0,0,0,0,0,225,2026-02-04 21:32:11.918554
PNR,64.57,64.56,64.58,50000000.0,50000000.0,0,0,0,0,0,0,225,2026-02-04 21:32:11.918554
FSR,28.9,28.89,28.91,50000000.0,50000000.0,0,0,0,0,0,0,225,2026-02-04 21:32:11.918554
ATB,56.58,56.57,56.59,50000000.0,50000000.0,0,0,0,0,0,0,225,2026-02-04 21:32:11.918554
SPK,49.48,49.47,49.49,50000000.0,50000000.0,0,0,0,0,0,0,225,2026-02-04 21:32:11.918554
EEC,41.96,41.95,41.97,50000000.0,50000000.0,0,0,0,0,0,0,225,2026-02-04 21:32:11.918554
TGX,43.74,43.73,43.75,50000000.0,50000000.0,0,0,0,0,0,0,226,2026-02-04 21:32:13.036188
PHR,47.15,47.14,47.16,50000000.0,50000000.0,0,0,0,0,0,0,226,2026-02-04 21:32:13.036188
BYL,44.21,44.2,44.22,50000000.0,50000000.0,0,0,0,0,0,0,226,2026-02-04 21:32:13.036188
CLD,79.63,79.62,79.64,50000000.0,50000000.0,0,0,0,0,0,0,226,2026-02-04 21:32:13.036188
GGD,39.33,39.32,39.34,50000000.0,50000000.0,0,0,0,0,0,0,226,2026-02-04 21:32:13.036188
PNR,64.31,64.3,64.32,50000000.0,50000000.0,0,0,0,0,0,0,226,2026-02-04 21:32:13.036188
FSR,28.59,28.58,28.6,50000000.0,50000000.0,0,0,0,0,0,0,226,2026-02-04 21:32:13.036188
ATB,56.51,56.5,56.52,50000000.0,50000000.0,0,0,0,0,0,0,226,2026-02-04 21:32:13.036188
SPK,49.5,49.49,49.51,50000000.0,50000000.0,0,0,0,0,0,0,226,2026-02-04 21:32:13.036188
EEC,41.86,41.85,41.87,50000000.0,50000000.0,0,0,0,0,0,0,226,2026-02-04 21:32:13.036188
TGX,43.77,43.76,43.78,50000000.0,50000000.0,0,0,0,0,0,0,227,2026-02-04 21:32:14.104152
PHR,47.43,47.42,47.44,50000000.0,50000000.0,0,0,0,0,0,0,227,2026-02-04 21:32:14.104152
BYL,44.16,44.15,44.17,50000000.0,50000000.0,0,0,0,0,0,0,227,2026-02-04 21:32:14.104152
CLD,79.52,79.51,79.53,50000000.0,50000000.0,0,0,0,0,0,0,227,2026-02-04 21:32:14.104152
GGD,38.59,38.58,38.6,50000000.0,50000000.0,0,0,0,0,0,0,227,2026-02-04 21:32:14.104152
PNR,64.43,64.42,64.44,50000000.0,50000000.0,0,0,0,0,0,0,227,2026-02-04 21:32:14.104152
FSR,28.67,28.65,28.67,50000000.0,50000000.0,0,0,0,0,0,0,227,2026-02-04 21:32:14.104152
ATB,56.35,56.34,56.36,50000000.0,50000000.0,0,0,0,0,0,0,227,2026-02-04 21:32:14.104152
SPK,49.47,49.46,49.48,50000000.0,50000000.0,0,0,0,0,0,0,227,2026-02-04 21:32:14.104152
EEC,41.76,41.75,41.77,50000000.0,50000000.0,0,0,0,0,0,0,227,2026-02-04 21:32:14.104152
TGX,43.76,43.75,43.77,50000000.0,50000000.0,0,0,0,0,0,0,228,2026-02-04 21:32:15.178488
PHR,47.47,47.46,47.48,50000000.0,50000000.0,0,0,0,0,0,0,228,2026-02-04 21:32:15.178488
BYL,43.69,43.68,43.7,50000000.0,50000000.0,0,0,0,0,0,0,228,2026-02-04 21:32:15.178488
CLD,78.59,78.58,78.6,50000000.0,50000000.0,0,0,0,0,0,0,228,2026-02-04 21:32:15.178488
GGD,37.77,37.76,37.78,50000000.0,50000000.0,0,0,0,0,0,0,228,2026-02-04 21:32:15.178488
PNR,64.53,64.52,64.54,50000000.0,50000000.0,0,0,0,0,0,0,228,2026-02-04 21:32:15.178488
FSR,28.64,28.63,28.65,50000000.0,50000000.0,0,0,0,0,0,0,228,2026-02-04 21:32:15.178488
ATB,56.91,56.9,56.92,50000000.0,50000000.0,0,0,0,0,0,0,228,2026-02-04 21:32:15.178488
SPK,49.48,49.47,49.49,50000000.0,50000000.0,0,0,0,0,0,0,228,2026-02-04 21:32:15.178488
EEC,41.75,41.74,41.76,50000000.0,50000000.0,0,0,0,0,0,0,228,2026-02-04 21:32:15.178488
TGX,43.76,43.75,43.77,50000000.0,50000000.0,0,0,0,0,0,0,229,2026-02-04 21:32:16.235838
PHR,47.18,47.17,47.19,50000000.0,50000000.0,0,0,0,0,0,0,229,2026-02-04 21:32:16.235838
BYL,41.71,41.7,41.72,50000000.0,50000000.0,0,0,0,0,0,0,229,2026-02-04 21:32:16.235838
CLD,78.77,78.76,78.78,50000000.0,50000000.0,0,0,0,0,0,0,229,2026-02-04 21:32:16.235838
GGD,37.71,37.7,37.72,50000000.0,50000000.0,0,0,0,0,0,0,229,2026-02-04 21:32:16.235838
PNR,64.08,64.07,64.09,50000000.0,50000000.0,0,0,0,0,0,0,229,2026-02-04 21:32:16.235838
FSR,28.62,28.61,28.63,50000000.0,50000000.0,0,0,0,0,0,0,229,2026-02-04 21:32:16.235838
ATB,56.86,56.85,56.87,50000000.0,50000000.0,0,0,0,0,0,0,229,2026-02-04 21:32:16.235838
SPK,49.51,49.5,49.52,50000000.0,50000000.0,0,0,0,0,0,0,229,2026-02-04 21:32:16.235838
EEC,41.89,41.88,41.9,50000000.0,50000000.0,0,0,0,0,0,0,229,2026-02-04 21:32:16.235838
TGX,43.76,43.75,43.77,50000000.0,50000000.0,0,0,0,0,0,0,230,2026-02-04 21:32:17.292965
PHR,47.8,47.79,47.81,50000000.0,50000000.0,0,0,0,0,0,0,230,2026-02-04 21:32:17.292965
BYL,41.71,41.7,41.72,50000000.0,50000000.0,0,0,0,0,0,0,230,2026-02-04 21:32:17.292965
CLD,78.81,78.8,78.82,50000000.0,50000000.0,0,0,0,0,0,0,230,2026-02-04 21:32:17.292965
GGD,37.59,37.58,37.6,50000000.0,50000000.0,0,0,0,0,0,0,230,2026-02-04 21:32:17.292965
PNR,63.8,63.79,63.81,50000000.0,50000000.0,0,0,0,0,0,0,230,2026-02-04 21:32:17.292965
FSR,28.3,28.28,28.3,50000000.0,50000000.0,0,0,0,0,0,0,230,2026-02-04 21:32:17.292965
ATB,56.7,56.69,56.71,50000000.0,50000000.0,0,0,0,0,0,0,230,2026-02-04 21:32:17.292965
SPK,49.62,49.61,49.63,50000000.0,50000000.0,0,0,0,0,0,0,230,2026-02-04 21:32:17.292965
EEC,42.03,42.02,42.04,50000000.0,50000000.0,0,0,0,0,0,0,230,2026-02-04 21:32:17.292965
TGX,43.76,43.75,43.77,50000000.0,50000000.0,0,0,0,0,0,0,231,2026-02-04 21:32:18.370910
PHR,47.4,47.39,47.41,50000000.0,50000000.0,0,0,0,0,0,0,231,2026-02-04 21:32:18.370910
BYL,41.74,41.73,41.75,50000000.0,50000000.0,0,0,0,0,0,0,231,2026-02-04 21:32:18.370910
CLD,78.81,78.8,78.82,50000000.0,50000000.0,0,0,0,0,0,0,231,2026-02-04 21:32:18.370910
GGD,37.64,37.63,37.65,50000000.0,50000000.0,0,0,0,0,0,0,231,2026-02-04 21:32:18.370910
PNR,63.91,63.9,63.92,50000000.0,50000000.0,0,0,0,0,0,0,231,2026-02-04 21:32:18.370910
FSR,28.28,28.26,28.28,50000000.0,50000000.0,0,0,0,0,0,0,231,2026-02-04 21:32:18.370910
ATB,56.82,56.81,56.83,50000000.0,50000000.0,0,0,0,0,0,0,231,2026-02-04 21:32:18.370910
SPK,49.69,49.68,49.7,50000000.0,50000000.0,0,0,0,0,0,0,231,2026-02-04 21:32:18.370910
EEC,42.08,42.07,42.09,50000000.0,50000000.0,0,0,0,0,0,0,231,2026-02-04 21:32:18.370910
TGX,43.76,43.75,43.77,50000000.0,50000000.0,0,0,0,0,0,0,232,2026-02-04 21:32:18.936385
PHR,48.18,48.17,48.19,50000000.0,50000000.0,0,0,0,0,0,0,232,2026-02-04 21:32:18.936385
BYL,39.94,39.93,39.95,50000000.0,50000000.0,0,0,0,0,0,0,232,2026-02-04 21:32:18.936385
CLD,79.49,79.48,79.5,50000000.0,50000000.0,0,0,0,0,0,0,232,2026-02-04 21:32:18.936385
GGD,36.81,36.8,36.82,50000000.0,50000000.0,0,0,0,0,0,0,232,2026-02-04 21:32:18.936385
PNR,63.23,63.22,63.24,50000000.0,50000000.0,0,0,0,0,0,0,232,2026-02-04 21:32:18.936385
FSR,28.34,28.33,28.35,50000000.0,50000000.0,0,0,0,0,0,0,232,2026-02-04 21:32:18.936385
ATB,56.9,56.89,56.91,50000000.0,50000000.0,0,0,0,0,0,0,232,2026-02-04 21:32:18.936385
SPK,49.65,49.64,49.66,50000000.0,50000000.0,0,0,0,0,0,0,232,2026-02-04 21:32:18.936385
EEC,42.01,42.0,42.02,50000000.0,50000000.0,0,0,0,0,0,0,232,2026-02-04 21:32:18.936385
TGX,43.78,43.77,43.79,50000000.0,50000000.0,0,0,0,0,0,0,233,2026-02-04 21:32:20.034883
PHR,48.3,48.29,48.31,50000000.0,50000000.0,0,0,0,0,0,0,233,2026-02-04 21:32:20.034883
BYL,39.76,39.75,39.77,50000000.0,50000000.0,0,0,0,0,0,0,233,2026-02-04 21:32:20.034883
CLD,78.96,78.95,78.97,50000000.0,50000000.0,0,0,0,0,0,0,233,2026-02-04 21:32:20.034883
GGD,36.85,36.84,36.86,50000000.0,50000000.0,0,0,0,0,0,0,233,2026-02-04 21:32:20.034883
PNR,63.13,63.12,63.14,50000000.0,50000000.0,0,0,0,0,0,0,233,2026-02-04 21:32:20.034883
FSR,28.44,28.43,28.45,50000000.0,50000000.0,0,0,0,0,0,0,233,2026-02-04 21:32:20.034883
ATB,57.1,57.09,57.11,50000000.0,50000000.0,0,0,0,0,0,0,233,2026-02-04 21:32:20.034883
SPK,49.66,49.65,49.67,50000000.0,50000000.0,0,0,0,0,0,0,233,2026-02-04 21:32:20.034883
EEC,42.02,42.01,42.03,50000000.0,50000000.0,0,0,0,0,0,0,233,2026-02-04 21:32:20.034883
TGX,43.78,43.77,43.79,50000000.0,50000000.0,0,0,0,0,0,0,234,2026-02-04 21:32:21.121985
PHR,48.08,48.07,48.09,50000000.0,50000000.0,0,0,0,0,0,0,234,2026-02-04 21:32:21.121985
BYL,37.64,37.63,37.65,50000000.0,50000000.0,0,0,0,0,0,0,234,2026-02-04 21:32:21.121985
CLD,79.02,79.01,79.03,50000000.0,50000000.0,0,0,0,0,0,0,234,2026-02-04 21:32:21.121985
GGD,36.87,36.86,36.88,50000000.0,50000000.0,0,0,0,0,0,0,234,2026-02-04 21:32:21.121985
PNR,63.05,63.04,63.06,50000000.0,50000000.0,0,0,0,0,0,0,234,2026-02-04 21:32:21.121985
FSR,28.46,28.45,28.47,50000000.0,50000000.0,0,0,0,0,0,0,234,2026-02-04 21:32:21.121985
ATB,56.81,56.8,56.82,50000000.0,50000000.0,0,0,0,0,0,0,234,2026-02-04 21:32:21.121985
SPK,49.56,49.55,49.57,50000000.0,50000000.0,0,0,0,0,0,0,234,2026-02-04 21:32:21.121985
EEC,41.88,41.87,41.89,50000000.0,50000000.0,0,0,0,0,0,0,234,2026-02-04 21:32:21.121985
TGX,43.78,43.77,43.79,50000000.0,50000000.0,0,0,0,0,0,0,235,2026-02-04 21:32:22.244258
PHR,48.15,48.14,48.16,50000000.0,50000000.0,0,0,0,0,0,0,235,2026-02-04 21:32:22.244258
BYL,37.62,37.61,37.63,50000000.0,50000000.0,0,0,0,0,0,0,235,2026-02-04 21:32:22.244258
CLD,78.78,78.77,78.79,50000000.0,50000000.0,0,0,0,0,0,0,235,2026-02-04 21:32:22.244258
GGD,36.81,36.8,36.82,50000000.0,50000000.0,0,0,0,0,0,0,235,2026-02-04 21:32:22.244258
PNR,62.57,62.56,62.58,50000000.0,50000000.0,0,0,0,0,0,0,235,2026-02-04 21:32:22.244258
FSR,28.47,28.46,28.48,50000000.0,50000000.0,0,0,0,0,0,0,235,2026-02-04 21:32:22.244258
ATB,56.78,56.77,56.79,50000000.0,50000000.0,0,0,0,0,0,0,235,2026-02-04 21:32:22.244258
SPK,49.47,49.46,49.48,50000000.0,50000000.0,0,0,0,0,0,0,235,2026-02-04 21:32:22.244258
EEC,41.81,41.8,41.82,50000000.0,50000000.0,0,0,0,0,0,0,235,2026-02-04 21:32:22.244258
TGX,43.79,43.78,43.8,50000000.0,50000000.0,0,0,0,0,0,0,236,2026-02-04 21:32:23.394634
PHR,49.2,49.19,49.21,50000000.0,50000000.0,0,0,0,0,0,0,236,2026-02-04 21:32:23.394634
BYL,37.6,37.59,37.61,50000000.0,50000000.0,0,0,0,0,0,0,236,2026-02-04 21:32:23.394634
CLD,78.76,78.75,78.77,50000000.0,50000000.0,0,0,0,0,0,0,236,2026-02-04 21:32:23.394634
GGD,36.85,36.84,36.86,50000000.0,50000000.0,0,0,0,0,0,0,236,2026-02-04 21:32:23.394634
PNR,62.61,62.6,62.62,50000000.0,50000000.0,0,0,0,0,0,0,236,2026-02-04 21:32:23.394634
FSR,28.4,28.39,28.41,50000000.0,50000000.0,0,0,0,0,0,0,236,2026-02-04 21:32:23.394634
ATB,56.59,56.58,56.6,50000000.0,50000000.0,0,0,0,0,0,0,236,2026-02-04 21:32:23.394634
SPK,49.53,49.52,49.54,50000000.0,50000000.0,0,0,0,0,0,0,236,2026-02-04 21:32:23.394634
EEC,41.85,41.84,41.86,50000000.0,50000000.0,0,0,0,0,0,0,236,2026-02-04 21:32:23.394634
TGX,43.8,43.79,43.81,50000000.0,50000000.0,0,0,0,0,0,0,237,2026-02-04 21:32:23.970691
PHR,49.51,49.5,49.52,50000000.0,50000000.0,0,0,0,0,0,0,237,2026-02-04 21:32:23.970691
BYL,37.65,37.64,37.66,50000000.0,50000000.0,0,0,0,0,0,0,237,2026-02-04 21:32:23.970691
CLD,79.05,79.04,79.06,50000000.0,50000000.0,0,0,0,0,0,0,237,2026-02-04 21:32:23.970691
GGD,36.86,36.85,36.87,50000000.0,50000000.0,0,0,0,0,0,0,237,2026-02-04 21:32:23.970691
PNR,62.62,62.61,62.63,50000000.0,50000000.0,0,0,0,0,0,0,237,2026-02-04 21:32:23.970691
FSR,28.4,28.39,28.41,50000000.0,50000000.0,0,0,0,0,0,0,237,2026-02-04 21:32:23.970691
ATB,56.62,56.61,56.63,50000000.0,50000000.0,0,0,0,0,0,0,237,2026-02-04 21:32:23.970691
SPK,49.49,49.48,49.5,50000000.0,50000000.0,0,0,0,0,0,0,237,2026-02-04 21:32:23.970691
EEC,41.63,41.62,41.64,50000000.0,50000000.0,0,0,0,0,0,0,237,2026-02-04 21:32:23.970691
TGX,43.8,43.79,43.81,50000000.0,50000000.0,0,0,0,0,0,0,238,2026-02-04 21:32:25.105096
PHR,50.22,50.21,50.23,50000000.0,50000000.0,0,0,0,0,0,0,238,2026-02-04 21:32:25.105096
BYL,37.62,37.61,37.63,50000000.0,50000000.0,0,0,0,0,0,0,238,2026-02-04 21:32:25.105096
CLD,78.82,78.81,78.83,50000000.0,50000000.0,0,0,0,0,0,0,238,2026-02-04 21:32:25.105096
GGD,36.86,36.85,36.87,50000000.0,50000000.0,0,0,0,0,0,0,238,2026-02-04 21:32:25.105096
PNR,62.76,62.75,62.77,50000000.0,50000000.0,0,0,0,0,0,0,238,2026-02-04 21:32:25.105096
FSR,28.45,28.44,28.46,50000000.0,50000000.0,0,0,0,0,0,0,238,2026-02-04 21:32:25.105096
ATB,56.7,56.69,56.71,50000000.0,50000000.0,0,0,0,0,0,0,238,2026-02-04 21:32:25.105096
SPK,49.44,49.43,49.45,50000000.0,50000000.0,0,0,0,0,0,0,238,2026-02-04 21:32:25.105096
EEC,41.63,41.62,41.64,50000000.0,50000000.0,0,0,0,0,0,0,238,2026-02-04 21:32:25.105096
TGX,43.82,43.81,43.83,50000000.0,50000000.0,0,0,0,0,0,0,239,2026-02-04 21:32:26.188399
PHR,49.62,49.61,49.63,50000000.0,50000000.0,0,0,0,0,0,0,239,2026-02-04 21:32:26.188399
BYL,37.81,37.8,37.82,50000000.0,50000000.0,0,0,0,0,0,0,239,2026-02-04 21:32:26.188399
CLD,79.51,79.5,79.52,50000000.0,50000000.0,0,0,0,0,0,0,239,2026-02-04 21:32:26.188399
GGD,36.93,36.92,36.94,50000000.0,50000000.0,0,0,0,0,0,0,239,2026-02-04 21:32:26.188399
PNR,63.2,63.19,63.21,50000000.0,50000000.0,0,0,0,0,0,0,239,2026-02-04 21:32:26.188399
FSR,28.45,28.44,28.46,50000000.0,50000000.0,0,0,0,0,0,0,239,2026-02-04 21:32:26.188399
ATB,56.55,56.54,56.56,50000000.0,50000000.0,0,0,0,0,0,0,239,2026-02-04 21:32:26.188399
SPK,49.58,49.57,49.59,50000000.0,50000000.0,0,0,0,0,0,0,239,2026-02-04 21:32:26.188399
EEC,41.87,41.86,41.88,50000000.0,50000000.0,0,0,0,0,0,0,239,2026-02-04 21:32:26.188399
TGX,43.8,43.79,43.81,50000000.0,50000000.0,0,0,0,0,0,0,240,2026-02-04 21:32:27.275895
PHR,49.58,49.57,49.59,50000000.0,50000000.0,0,0,0,0,0,0,240,2026-02-04 21:32:27.275895
BYL,37.97,37.96,37.98,50000000.0,50000000.0,0,0,0,0,0,0,240,2026-02-04 21:32:27.275895
CLD,80.05,80.04,80.06,50000000.0,50000000.0,0,0,0,0,0,0,240,2026-02-04 21:32:27.275895
GGD,36.84,36.83,36.85,50000000.0,50000000.0,0,0,0,0,0,0,240,2026-02-04 21:32:27.275895
PNR,62.83,62.82,62.84,50000000.0,50000000.0,0,0,0,0,0,0,240,2026-02-04 21:32:27.275895
FSR,28.43,28.41,28.43,50000000.0,50000000.0,0,0,0,0,0,0,240,2026-02-04 21:32:27.275895
ATB,56.64,56.63,56.65,50000000.0,50000000.0,0,0,0,0,0,0,240,2026-02-04 21:32:27.275895
SPK,49.37,49.36,49.38,50000000.0,50000000.0,0,0,0,0,0,0,240,2026-02-04 21:32:27.275895
EEC,41.59,41.58,41.6,50000000.0,50000000.0,0,0,0,0,0,0,240,2026-02-04 21:32:27.275895
TGX,43.8,43.79,43.81,50000000.0,50000000.0,0,0,0,0,0,0,241,2026-02-04 21:32:28.344141,23.0,1.0,240.0,D4-FSR/ATB,Preferred Stock Issuance,Atlas issues $800M of preferred stock to institutional investors strengthening regulatory capital.
PHR,49.39,49.38,49.4,50000000.0,50000000.0,0,0,0,0,0,0,241,2026-02-04 21:32:28.344141,,,,,,
BYL,38.07,38.06,38.08,50000000.0,50000000.0,0,0,0,0,0,0,241,2026-02-04 21:32:28.344141,,,,,,
CLD,80.34,80.33,80.35,50000000.0,50000000.0,0,0,0,0,0,0,241,2026-02-04 21:32:28.344141,,,,,,
GGD,36.81,36.8,36.82,50000000.0,50000000.0,0,0,0,0,0,0,241,2026-02-04 21:32:28.344141,,,,,,
PNR,62.7,62.69,62.71,50000000.0,50000000.0,0,0,0,0,0,0,241,2026-02-04 21:32:28.344141,,,,,,
FSR,28.42,28.41,28.43,50000000.0,50000000.0,0,0,0,0,0,0,241,2026-02-04 21:32:28.344141,,,,,,
ATB,56.78,56.77,56.79,50000000.0,50000000.0,0,0,0,0,0,0,241,2026-02-04 21:32:28.344141,,,,,,
SPK,49.39,49.38,49.4,50000000.0,50000000.0,0,0,0,0,0,0,241,2026-02-04 21:32:28.344141,,,,,,
EEC,41.45,41.44,41.46,50000000.0,50000000.0,0,0,0,0,0,0,241,2026-02-04 21:32:28.344141,,,,,,
TGX,43.79,43.78,43.8,50000000.0,50000000.0,0,0,0,0,0,0,242,2026-02-04 21:32:29.406365
PHR,49.36,49.35,49.37,50000000.0,50000000.0,0,0,0,0,0,0,242,2026-02-04 21:32:29.406365
BYL,38.13,38.12,38.14,50000000.0,50000000.0,0,0,0,0,0,0,242,2026-02-04 21:32:29.406365
CLD,80.56,80.55,80.57,50000000.0,50000000.0,0,0,0,0,0,0,242,2026-02-04 21:32:29.406365
GGD,36.84,36.83,36.85,50000000.0,50000000.0,0,0,0,0,0,0,242,2026-02-04 21:32:29.406365
PNR,62.88,62.87,62.89,50000000.0,50000000.0,0,0,0,0,0,0,242,2026-02-04 21:32:29.406365
FSR,28.4,28.39,28.41,50000000.0,50000000.0,0,0,0,0,0,0,242,2026-02-04 21:32:29.406365
ATB,57.08,57.07,57.09,50000000.0,50000000.0,0,0,0,0,0,0,242,2026-02-04 21:32:29.406365
SPK,49.32,49.31,49.33,50000000.0,50000000.0,0,0,0,0,0,0,242,2026-02-04 21:32:29.406365
EEC,41.22,41.21,41.23,50000000.0,50000000.0,0,0,0,0,0,0,242,2026-02-04 21:32:29.406365
TGX,43.81,43.8,43.82,50000000.0,50000000.0,0,0,0,0,0,0,243,2026-02-04 21:32:29.976456,24.0,1.0,242.0,D1-TGX/PHR,Reverse Termination Fee Increased,"The merger agreement is amended to increase the reverse termination fee payable by Pharmaco from $800M to $1.2B, signaling stronger deal commitment."
PHR,49.17,49.16,49.18,50000000.0,50000000.0,0,0,0,0,0,0,243,2026-02-04 21:32:29.976456,,,,,,
BYL,38.1,38.09,38.11,50000000.0,50000000.0,0,0,0,0,0,0,243,2026-02-04 21:32:29.976456,,,,,,
CLD,80.44,80.43,80.45,50000000.0,50000000.0,0,0,0,0,0,0,243,2026-02-04 21:32:29.976456,,,,,,
GGD,36.9,36.89,36.91,50000000.0,50000000.0,0,0,0,0,0,0,243,2026-02-04 21:32:29.976456,,,,,,
PNR,63.06,63.05,63.07,50000000.0,50000000.0,0,0,0,0,0,0,243,2026-02-04 21:32:29.976456,,,,,,
FSR,28.35,28.34,28.36,50000000.0,50000000.0,0,0,0,0,0,0,243,2026-02-04 21:32:29.976456,,,,,,
ATB,56.94,56.93,56.95,50000000.0,50000000.0,0,0,0,0,0,0,243,2026-02-04 21:32:29.976456,,,,,,
SPK,49.21,49.2,49.22,50000000.0,50000000.0,0,0,0,0,0,0,243,2026-02-04 21:32:29.976456,,,,,,
EEC,40.97,40.96,40.98,50000000.0,50000000.0,0,0,0,0,0,0,243,2026-02-04 21:32:29.976456,,,,,,
TGX,43.8,43.79,43.81,50000000.0,50000000.0,0,0,0,0,0,0,244,2026-02-04 21:32:31.103057
PHR,49.46,49.45,49.47,50000000.0,50000000.0,0,0,0,0,0,0,244,2026-02-04 21:32:31.103057
BYL,37.79,37.78,37.8,50000000.0,50000000.0,0,0,0,0,0,0,244,2026-02-04 21:32:31.103057
CLD,79.48,79.47,79.49,50000000.0,50000000.0,0,0,0,0,0,0,244,2026-02-04 21:32:31.103057
GGD,36.78,36.77,36.79,50000000.0,50000000.0,0,0,0,0,0,0,244,2026-02-04 21:32:31.103057
PNR,63.12,63.11,63.13,50000000.0,50000000.0,0,0,0,0,0,0,244,2026-02-04 21:32:31.103057
FSR,28.37,28.36,28.38,50000000.0,50000000.0,0,0,0,0,0,0,244,2026-02-04 21:32:31.103057
ATB,57.04,57.03,57.05,50000000.0,50000000.0,0,0,0,0,0,0,244,2026-02-04 21:32:31.103057
SPK,49.18,49.17,49.19,50000000.0,50000000.0,0,0,0,0,0,0,244,2026-02-04 21:32:31.103057
EEC,40.93,40.92,40.94,50000000.0,50000000.0,0,0,0,0,0,0,244,2026-02-04 21:32:31.103057
TGX,43.82,43.81,43.83,50000000.0,50000000.0,0,0,0,0,0,0,245,2026-02-04 21:32:32.185381,25.0,1.0,244.0,D2-BYL/CLD,Share Buyback Program Announced,CloudSys announces accelerated share buyback to support stock price and improve exchange ratio dynamics.
PHR,49.02,49.01,49.03,50000000.0,50000000.0,0,0,0,0,0,0,245,2026-02-04 21:32:32.185381,,,,,,
BYL,37.76,37.75,37.77,50000000.0,50000000.0,0,0,0,0,0,0,245,2026-02-04 21:32:32.185381,,,,,,
CLD,79.55,79.54,79.56,50000000.0,50000000.0,0,0,0,0,0,0,245,2026-02-04 21:32:32.185381,,,,,,
GGD,36.8,36.79,36.81,50000000.0,50000000.0,0,0,0,0,0,0,245,2026-02-04 21:32:32.185381,,,,,,
PNR,63.15,63.14,63.16,50000000.0,50000000.0,0,0,0,0,0,0,245,2026-02-04 21:32:32.185381,,,,,,
FSR,28.38,28.37,28.39,50000000.0,50000000.0,0,0,0,0,0,0,245,2026-02-04 21:32:32.185381,,,,,,
ATB,57.19,57.18,57.2,50000000.0,50000000.0,0,0,0,0,0,0,245,2026-02-04 21:32:32.185381,,,,,,
SPK,49.1,49.09,49.11,50000000.0,50000000.0,0,0,0,0,0,0,245,2026-02-04 21:32:32.185381,,,,,,
EEC,40.78,40.77,40.79,50000000.0,50000000.0,0,0,0,0,0,0,245,2026-02-04 21:32:32.185381,,,,,,
TGX,43.84,43.83,43.85,50000000.0,50000000.0,0,0,0,0,0,0,246,2026-02-04 21:32:33.281871
PHR,49.15,49.14,49.16,50000000.0,50000000.0,0,0,0,0,0,0,246,2026-02-04 21:32:33.281871
BYL,37.81,37.8,37.82,50000000.0,50000000.0,0,0,0,0,0,0,246,2026-02-04 21:32:33.281871
CLD,79.89,79.88,79.9,50000000.0,50000000.0,0,0,0,0,0,0,246,2026-02-04 21:32:33.281871
GGD,36.83,36.82,36.84,50000000.0,50000000.0,0,0,0,0,0,0,246,2026-02-04 21:32:33.281871
PNR,62.99,62.98,63.0,50000000.0,50000000.0,0,0,0,0,0,0,246,2026-02-04 21:32:33.281871
FSR,28.41,28.4,28.42,50000000.0,50000000.0,0,0,0,0,0,0,246,2026-02-04 21:32:33.281871
ATB,56.91,56.9,56.92,50000000.0,50000000.0,0,0,0,0,0,0,246,2026-02-04 21:32:33.281871
SPK,49.01,49.0,49.02,50000000.0,50000000.0,0,0,0,0,0,0,246,2026-02-04 21:32:33.281871
EEC,40.58,40.57,40.59,50000000.0,50000000.0,0,0,0,0,0,0,246,2026-02-04 21:32:33.281871
TGX,43.84,43.83,43.85,50000000.0,50000000.0,0,0,0,0,0,0,247,2026-02-04 21:32:34.369074
PHR,49.47,49.46,49.48,50000000.0,50000000.0,0,0,0,0,0,0,247,2026-02-04 21:32:34.369074
BYL,37.84,37.83,37.85,50000000.0,50000000.0,0,0,0,0,0,0,247,2026-02-04 21:32:34.369074
CLD,79.78,79.77,79.79,50000000.0,50000000.0,0,0,0,0,0,0,247,2026-02-04 21:32:34.369074
GGD,36.79,36.78,36.8,50000000.0,50000000.0,0,0,0,0,0,0,247,2026-02-04 21:32:34.369074
PNR,63.0,62.99,63.01,50000000.0,50000000.0,0,0,0,0,0,0,247,2026-02-04 21:32:34.369074
FSR,28.38,28.37,28.39,50000000.0,50000000.0,0,0,0,0,0,0,247,2026-02-04 21:32:34.369074
ATB,56.84,56.83,56.85,50000000.0,50000000.0,0,0,0,0,0,0,247,2026-02-04 21:32:34.369074
SPK,49.01,49.0,49.02,50000000.0,50000000.0,0,0,0,0,0,0,247,2026-02-04 21:32:34.369074
EEC,40.52,40.51,40.53,50000000.0,50000000.0,0,0,0,0,0,0,247,2026-02-04 21:32:34.369074
TGX,43.82,43.81,43.83,50000000.0,50000000.0,0,0,0,0,0,0,248,2026-02-04 21:32:35.459734
PHR,49.08,49.07,49.09,50000000.0,50000000.0,0,0,0,0,0,0,248,2026-02-04 21:32:35.459734
BYL,37.83,37.82,37.84,50000000.0,50000000.0,0,0,0,0,0,0,248,2026-02-04 21:32:35.459734
CLD,79.7,79.69,79.71,50000000.0,50000000.0,0,0,0,0,0,0,248,2026-02-04 21:32:35.459734
GGD,36.71,36.7,36.72,50000000.0,50000000.0,0,0,0,0,0,0,248,2026-02-04 21:32:35.459734
PNR,62.64,62.63,62.65,50000000.0,50000000.0,0,0,0,0,0,0,248,2026-02-04 21:32:35.459734
FSR,28.37,28.36,28.38,50000000.0,50000000.0,0,0,0,0,0,0,248,2026-02-04 21:32:35.459734
ATB,56.57,56.56,56.58,50000000.0,50000000.0,0,0,0,0,0,0,248,2026-02-04 21:32:35.459734
SPK,48.91,48.9,48.92,50000000.0,50000000.0,0,0,0,0,0,0,248,2026-02-04 21:32:35.459734
EEC,40.23,40.22,40.24,50000000.0,50000000.0,0,0,0,0,0,0,248,2026-02-04 21:32:35.459734
TGX,43.82,43.81,43.83,50000000.0,50000000.0,0,0,0,0,0,0,249,2026-02-04 21:32:36.009612,26.0,1.0,248.0,D5-SPK/EEC,Interconnection Rights Confirmed,FERC confirms existing power purchase agreements and interconnection rights remain valid.
PHR,49.05,49.04,49.06,50000000.0,50000000.0,0,0,0,0,0,0,249,2026-02-04 21:32:36.009612,,,,,,
BYL,37.9,37.89,37.91,50000000.0,50000000.0,0,0,0,0,0,0,249,2026-02-04 21:32:36.009612,,,,,,
CLD,79.79,79.78,79.8,50000000.0,50000000.0,0,0,0,0,0,0,249,2026-02-04 21:32:36.009612,,,,,,
GGD,36.69,36.68,36.7,50000000.0,50000000.0,0,0,0,0,0,0,249,2026-02-04 21:32:36.009612,,,,,,
PNR,62.87,62.86,62.88,50000000.0,50000000.0,0,0,0,0,0,0,249,2026-02-04 21:32:36.009612,,,,,,
FSR,28.37,28.36,28.38,50000000.0,50000000.0,0,0,0,0,0,0,249,2026-02-04 21:32:36.009612,,,,,,
ATB,56.91,56.9,56.92,50000000.0,50000000.0,0,0,0,0,0,0,249,2026-02-04 21:32:36.009612,,,,,,
SPK,48.76,48.75,48.77,50000000.0,50000000.0,0,0,0,0,0,0,249,2026-02-04 21:32:36.009612,,,,,,
EEC,40.04,40.03,40.05,50000000.0,50000000.0,0,0,0,0,0,0,249,2026-02-04 21:32:36.009612,,,,,,
TGX,43.78,43.77,43.79,50000000.0,50000000.0,0,0,0,0,0,0,250,2026-02-04 21:32:37.126815,27.0,1.0,249.0,D1-TGX/PHR,Bank Syndicate Expands,"The financing syndicate expands from 5 to 8 banks with strong over-subscription, demonstrating robust capital markets support for the transaction."
PHR,48.79,48.78,48.8,50000000.0,50000000.0,0,0,0,0,0,0,250,2026-02-04 21:32:37.126815,,,,,,
BYL,37.89,37.88,37.9,50000000.0,50000000.0,0,0,0,0,0,0,250,2026-02-04 21:32:37.126815,,,,,,
CLD,79.71,79.7,79.72,50000000.0,50000000.0,0,0,0,0,0,0,250,2026-02-04 21:32:37.126815,,,,,,
GGD,36.61,36.6,36.62,50000000.0,50000000.0,0,0,0,0,0,0,250,2026-02-04 21:32:37.126815,,,,,,
PNR,62.66,62.65,62.67,50000000.0,50000000.0,0,0,0,0,0,0,250,2026-02-04 21:32:37.126815,,,,,,
FSR,28.35,28.34,28.36,50000000.0,50000000.0,0,0,0,0,0,0,250,2026-02-04 21:32:37.126815,,,,,,
ATB,56.83,56.82,56.84,50000000.0,50000000.0,0,0,0,0,0,0,250,2026-02-04 21:32:37.126815,,,,,,
SPK,48.88,48.87,48.89,50000000.0,50000000.0,0,0,0,0,0,0,250,2026-02-04 21:32:37.126815,,,,,,
EEC,40.28,40.27,40.29,50000000.0,50000000.0,0,0,0,0,0,0,250,2026-02-04 21:32:37.126815,,,,,,
TGX,43.74,43.73,43.75,50000000.0,50000000.0,0,0,0,0,0,0,251,2026-02-04 21:32:38.197043
PHR,49.08,49.07,49.09,50000000.0,50000000.0,0,0,0,0,0,0,251,2026-02-04 21:32:38.197043
BYL,37.82,37.81,37.83,50000000.0,50000000.0,0,0,0,0,0,0,251,2026-02-04 21:32:38.197043
CLD,79.61,79.6,79.62,50000000.0,50000000.0,0,0,0,0,0,0,251,2026-02-04 21:32:38.197043
GGD,36.56,36.55,36.57,50000000.0,50000000.0,0,0,0,0,0,0,251,2026-02-04 21:32:38.197043
PNR,62.45,62.44,62.46,50000000.0,50000000.0,0,0,0,0,0,0,251,2026-02-04 21:32:38.197043
FSR,28.46,28.45,28.47,50000000.0,50000000.0,0,0,0,0,0,0,251,2026-02-04 21:32:38.197043
ATB,56.99,56.98,57.0,50000000.0,50000000.0,0,0,0,0,0,0,251,2026-02-04 21:32:38.197043
SPK,48.86,48.85,48.87,50000000.0,50000000.0,0,0,0,0,0,0,251,2026-02-04 21:32:38.197043
EEC,40.41,40.4,40.42,50000000.0,50000000.0,0,0,0,0,0,0,251,2026-02-04 21:32:38.197043
TGX,43.7,43.69,43.71,50000000.0,50000000.0,0,0,0,0,0,0,252,2026-02-04 21:32:39.262608
PHR,48.95,48.94,48.96,50000000.0,50000000.0,0,0,0,0,0,0,252,2026-02-04 21:32:39.262608
BYL,37.73,37.72,37.74,50000000.0,50000000.0,0,0,0,0,0,0,252,2026-02-04 21:32:39.262608
CLD,79.37,79.36,79.38,50000000.0,50000000.0,0,0,0,0,0,0,252,2026-02-04 21:32:39.262608
GGD,36.58,36.57,36.59,50000000.0,50000000.0,0,0,0,0,0,0,252,2026-02-04 21:32:39.262608
PNR,62.19,62.18,62.2,50000000.0,50000000.0,0,0,0,0,0,0,252,2026-02-04 21:32:39.262608
FSR,28.43,28.42,28.44,50000000.0,50000000.0,0,0,0,0,0,0,252,2026-02-04 21:32:39.262608
ATB,57.0,56.99,57.01,50000000.0,50000000.0,0,0,0,0,0,0,252,2026-02-04 21:32:39.262608
SPK,48.96,48.95,48.97,50000000.0,50000000.0,0,0,0,0,0,0,252,2026-02-04 21:32:39.262608
EEC,40.66,40.65,40.67,50000000.0,50000000.0,0,0,0,0,0,0,252,2026-02-04 21:32:39.262608
TGX,43.7,43.69,43.71,50000000.0,50000000.0,0,0,0,0,0,0,253,2026-02-04 21:32:40.428337,28.0,1.0,252.0,D1-TGX/PHR,Targenix Shareholder Meeting Scheduled,Targenix formally schedules a special shareholder meeting for 45 days from today to vote on the transaction. Proxy materials to be mailed shortly.
PHR,48.95,48.94,48.96,50000000.0,50000000.0,0,0,0,0,0,0,253,2026-02-04 21:32:40.428337,,,,,,
BYL,37.69,37.68,37.7,50000000.0,50000000.0,0,0,0,0,0,0,253,2026-02-04 21:32:40.428337,,,,,,
CLD,79.41,79.4,79.42,50000000.0,50000000.0,0,0,0,0,0,0,253,2026-02-04 21:32:40.428337,,,,,,
GGD,36.59,36.58,36.6,50000000.0,50000000.0,0,0,0,0,0,0,253,2026-02-04 21:32:40.428337,,,,,,
PNR,62.14,62.13,62.15,50000000.0,50000000.0,0,0,0,0,0,0,253,2026-02-04 21:32:40.428337,,,,,,
FSR,28.35,28.34,28.36,50000000.0,50000000.0,0,0,0,0,0,0,253,2026-02-04 21:32:40.428337,,,,,,
ATB,57.24,57.23,57.25,50000000.0,50000000.0,0,0,0,0,0,0,253,2026-02-04 21:32:40.428337,,,,,,
SPK,49.01,49.0,49.02,50000000.0,50000000.0,0,0,0,0,0,0,253,2026-02-04 21:32:40.428337,,,,,,
EEC,40.82,40.81,40.83,50000000.0,50000000.0,0,0,0,0,0,0,253,2026-02-04 21:32:40.428337,,,,,,
TGX,43.7,43.69,43.71,50000000.0,50000000.0,0,0,0,0,0,0,254,2026-02-04 21:32:40.990959
PHR,49.24,49.23,49.25,50000000.0,50000000.0,0,0,0,0,0,0,254,2026-02-04 21:32:40.990959
BYL,37.71,37.7,37.72,50000000.0,50000000.0,0,0,0,0,0,0,254,2026-02-04 21:32:40.990959
CLD,79.58,79.57,79.59,50000000.0,50000000.0,0,0,0,0,0,0,254,2026-02-04 21:32:40.990959
GGD,36.6,36.59,36.61,50000000.0,50000000.0,0,0,0,0,0,0,254,2026-02-04 21:32:40.990959
PNR,62.33,62.32,62.34,50000000.0,50000000.0,0,0,0,0,0,0,254,2026-02-04 21:32:40.990959
FSR,28.37,28.36,28.38,50000000.0,50000000.0,0,0,0,0,0,0,254,2026-02-04 21:32:40.990959
ATB,57.13,57.12,57.14,50000000.0,50000000.0,0,0,0,0,0,0,254,2026-02-04 21:32:40.990959
SPK,48.88,48.87,48.89,50000000.0,50000000.0,0,0,0,0,0,0,254,2026-02-04 21:32:40.990959
EEC,40.75,40.74,40.76,50000000.0,50000000.0,0,0,0,0,0,0,254,2026-02-04 21:32:40.990959
TGX,43.72,43.71,43.73,50000000.0,50000000.0,0,0,0,0,0,0,255,2026-02-04 21:32:42.046287
PHR,49.21,49.2,49.22,50000000.0,50000000.0,0,0,0,0,0,0,255,2026-02-04 21:32:42.046287
BYL,37.67,37.66,37.68,50000000.0,50000000.0,0,0,0,0,0,0,255,2026-02-04 21:32:42.046287
CLD,79.2,79.19,79.21,50000000.0,50000000.0,0,0,0,0,0,0,255,2026-02-04 21:32:42.046287
GGD,36.6,36.59,36.61,50000000.0,50000000.0,0,0,0,0,0,0,255,2026-02-04 21:32:42.046287
PNR,62.2,62.19,62.21,50000000.0,50000000.0,0,0,0,0,0,0,255,2026-02-04 21:32:42.046287
FSR,28.47,28.46,28.48,50000000.0,50000000.0,0,0,0,0,0,0,255,2026-02-04 21:32:42.046287
ATB,57.09,57.08,57.1,50000000.0,50000000.0,0,0,0,0,0,0,255,2026-02-04 21:32:42.046287
SPK,48.87,48.86,48.88,50000000.0,50000000.0,0,0,0,0,0,0,255,2026-02-04 21:32:42.046287
EEC,40.64,40.63,40.65,50000000.0,50000000.0,0,0,0,0,0,0,255,2026-02-04 21:32:42.046287
TGX,43.7,43.69,43.71,50000000.0,50000000.0,0,0,0,0,0,0,256,2026-02-04 21:32:43.207305
PHR,49.76,49.75,49.77,50000000.0,50000000.0,0,0,0,0,0,0,256,2026-02-04 21:32:43.207305
BYL,37.73,37.72,37.74,50000000.0,50000000.0,0,0,0,0,0,0,256,2026-02-04 21:32:43.207305
CLD,79.44,79.43,79.45,50000000.0,50000000.0,0,0,0,0,0,0,256,2026-02-04 21:32:43.207305
GGD,36.73,36.72,36.74,50000000.0,50000000.0,0,0,0,0,0,0,256,2026-02-04 21:32:43.207305
PNR,62.45,62.44,62.46,50000000.0,50000000.0,0,0,0,0,0,0,256,2026-02-04 21:32:43.207305
FSR,28.42,28.41,28.43,50000000.0,50000000.0,0,0,0,0,0,0,256,2026-02-04 21:32:43.207305
ATB,56.82,56.81,56.83,50000000.0,50000000.0,0,0,0,0,0,0,256,2026-02-04 21:32:43.207305
SPK,48.72,48.71,48.73,50000000.0,50000000.0,0,0,0,0,0,0,256,2026-02-04 21:32:43.207305
EEC,40.38,40.37,40.39,50000000.0,50000000.0,0,0,0,0,0,0,256,2026-02-04 21:32:43.207305
TGX,43.72,43.71,43.73,50000000.0,50000000.0,0,0,0,0,0,0,257,2026-02-04 21:32:44.275859
PHR,50.05,50.04,50.06,50000000.0,50000000.0,0,0,0,0,0,0,257,2026-02-04 21:32:44.275859
BYL,37.78,37.77,37.79,50000000.0,50000000.0,0,0,0,0,0,0,257,2026-02-04 21:32:44.275859
CLD,79.49,79.48,79.5,50000000.0,50000000.0,0,0,0,0,0,0,257,2026-02-04 21:32:44.275859
GGD,36.62,36.61,36.63,50000000.0,50000000.0,0,0,0,0,0,0,257,2026-02-04 21:32:44.275859
PNR,61.83,61.82,61.84,50000000.0,50000000.0,0,0,0,0,0,0,257,2026-02-04 21:32:44.275859
FSR,28.38,28.37,28.39,50000000.0,50000000.0,0,0,0,0,0,0,257,2026-02-04 21:32:44.275859
ATB,56.72,56.71,56.73,50000000.0,50000000.0,0,0,0,0,0,0,257,2026-02-04 21:32:44.275859
SPK,48.82,48.81,48.83,50000000.0,50000000.0,0,0,0,0,0,0,257,2026-02-04 21:32:44.275859
EEC,40.54,40.53,40.55,50000000.0,50000000.0,0,0,0,0,0,0,257,2026-02-04 21:32:44.275859
TGX,43.77,43.76,43.78,50000000.0,50000000.0,0,0,0,0,0,0,258,2026-02-04 21:32:45.331284
PHR,49.79,49.78,49.8,50000000.0,50000000.0,0,0,0,0,0,0,258,2026-02-04 21:32:45.331284
BYL,37.82,37.81,37.83,50000000.0,50000000.0,0,0,0,0,0,0,258,2026-02-04 21:32:45.331284
CLD,79.48,79.47,79.49,50000000.0,50000000.0,0,0,0,0,0,0,258,2026-02-04 21:32:45.331284
GGD,36.56,36.55,36.57,50000000.0,50000000.0,0,0,0,0,0,0,258,2026-02-04 21:32:45.331284
PNR,62.04,62.03,62.05,50000000.0,50000000.0,0,0,0,0,0,0,258,2026-02-04 21:32:45.331284
FSR,28.35,28.34,28.36,50000000.0,50000000.0,0,0,0,0,0,0,258,2026-02-04 21:32:45.331284
ATB,56.87,56.86,56.88,50000000.0,50000000.0,0,0,0,0,0,0,258,2026-02-04 21:32:45.331284
SPK,48.79,48.78,48.8,50000000.0,50000000.0,0,0,0,0,0,0,258,2026-02-04 21:32:45.331284
EEC,40.53,40.52,40.54,50000000.0,50000000.0,0,0,0,0,0,0,258,2026-02-04 21:32:45.331284
TGX,43.78,43.77,43.79,50000000.0,50000000.0,0,0,0,0,0,0,259,2026-02-04 21:32:46.386360
PHR,49.5,49.49,49.51,50000000.0,50000000.0,0,0,0,0,0,0,259,2026-02-04 21:32:46.386360
BYL,37.93,37.92,37.94,50000000.0,50000000.0,0,0,0,0,0,0,259,2026-02-04 21:32:46.386360
CLD,79.86,79.85,79.87,50000000.0,50000000.0,0,0,0,0,0,0,259,2026-02-04 21:32:46.386360
GGD,36.49,36.48,36.5,50000000.0,50000000.0,0,0,0,0,0,0,259,2026-02-04 21:32:46.386360
PNR,62.36,62.35,62.37,50000000.0,50000000.0,0,0,0,0,0,0,259,2026-02-04 21:32:46.386360
FSR,28.39,28.38,28.4,50000000.0,50000000.0,0,0,0,0,0,0,259,2026-02-04 21:32:46.386360
ATB,56.98,56.97,56.99,50000000.0,50000000.0,0,0,0,0,0,0,259,2026-02-04 21:32:46.386360
SPK,48.82,48.81,48.83,50000000.0,50000000.0,0,0,0,0,0,0,259,2026-02-04 21:32:46.386360
EEC,40.61,40.6,40.62,50000000.0,50000000.0,0,0,0,0,0,0,259,2026-02-04 21:32:46.386360
TGX,43.79,43.78,43.8,50000000.0,50000000.0,0,0,0,0,0,0,260,2026-02-04 21:32:47.453700
PHR,49.45,49.44,49.46,50000000.0,50000000.0,0,0,0,0,0,0,260,2026-02-04 21:32:47.453700
BYL,37.86,37.85,37.87,50000000.0,50000000.0,0,0,0,0,0,0,260,2026-02-04 21:32:47.453700
CLD,79.81,79.8,79.82,50000000.0,50000000.0,0,0,0,0,0,0,260,2026-02-04 21:32:47.453700
GGD,36.59,36.58,36.6,50000000.0,50000000.0,0,0,0,0,0,0,260,2026-02-04 21:32:47.453700
PNR,62.47,62.46,62.48,50000000.0,50000000.0,0,0,0,0,0,0,260,2026-02-04 21:32:47.453700
FSR,28.38,28.37,28.39,50000000.0,50000000.0,0,0,0,0,0,0,260,2026-02-04 21:32:47.453700
ATB,56.77,56.76,56.78,50000000.0,50000000.0,0,0,0,0,0,0,260,2026-02-04 21:32:47.453700
SPK,48.81,48.8,48.82,50000000.0,50000000.0,0,0,0,0,0,0,260,2026-02-04 21:32:47.453700
EEC,40.69,40.68,40.7,50000000.0,50000000.0,0,0,0,0,0,0,260,2026-02-04 21:32:47.453700
TGX,43.77,43.76,43.78,50000000.0,50000000.0,0,0,0,0,0,0,261,2026-02-04 21:32:48.525100
PHR,49.8,49.79,49.81,50000000.0,50000000.0,0,0,0,0,0,0,261,2026-02-04 21:32:48.525100
BYL,37.97,37.96,37.98,50000000.0,50000000.0,0,0,0,0,0,0,261,2026-02-04 21:32:48.525100
CLD,80.01,80.0,80.02,50000000.0,50000000.0,0,0,0,0,0,0,261,2026-02-04 21:32:48.525100
GGD,36.64,36.63,36.65,50000000.0,50000000.0,0,0,0,0,0,0,261,2026-02-04 21:32:48.525100
PNR,62.66,62.65,62.67,50000000.0,50000000.0,0,0,0,0,0,0,261,2026-02-04 21:32:48.525100
FSR,28.37,28.36,28.38,50000000.0,50000000.0,0,0,0,0,0,0,261,2026-02-04 21:32:48.525100
ATB,56.87,56.86,56.88,50000000.0,50000000.0,0,0,0,0,0,0,261,2026-02-04 21:32:48.525100
SPK,48.89,48.88,48.9,50000000.0,50000000.0,0,0,0,0,0,0,261,2026-02-04 21:32:48.525100
EEC,40.85,40.84,40.86,50000000.0,50000000.0,0,0,0,0,0,0,261,2026-02-04 21:32:48.525100
TGX,43.82,43.81,43.83,50000000.0,50000000.0,0,0,0,0,0,0,262,2026-02-04 21:32:49.118390
PHR,50.12,50.11,50.13,50000000.0,50000000.0,0,0,0,0,0,0,262,2026-02-04 21:32:49.118390
BYL,38.21,38.2,38.22,50000000.0,50000000.0,0,0,0,0,0,0,262,2026-02-04 21:32:49.118390
CLD,80.75,80.74,80.76,50000000.0,50000000.0,0,0,0,0,0,0,262,2026-02-04 21:32:49.118390
GGD,36.71,36.7,36.72,50000000.0,50000000.0,0,0,0,0,0,0,262,2026-02-04 21:32:49.118390
PNR,62.85,62.84,62.86,50000000.0,50000000.0,0,0,0,0,0,0,262,2026-02-04 21:32:49.118390
FSR,28.33,28.32,28.34,50000000.0,50000000.0,0,0,0,0,0,0,262,2026-02-04 21:32:49.118390
ATB,57.0,56.99,57.01,50000000.0,50000000.0,0,0,0,0,0,0,262,2026-02-04 21:32:49.118390
SPK,48.87,48.86,48.88,50000000.0,50000000.0,0,0,0,0,0,0,262,2026-02-04 21:32:49.118390
EEC,40.74,40.73,40.75,50000000.0,50000000.0,0,0,0,0,0,0,262,2026-02-04 21:32:49.118390
TGX,43.83,43.82,43.84,50000000.0,50000000.0,0,0,0,0,0,0,263,2026-02-04 21:32:50.245405
PHR,50.37,50.36,50.38,50000000.0,50000000.0,0,0,0,0,0,0,263,2026-02-04 21:32:50.245405
BYL,38.17,38.16,38.18,50000000.0,50000000.0,0,0,0,0,0,0,263,2026-02-04 21:32:50.245405
CLD,80.69,80.68,80.7,50000000.0,50000000.0,0,0,0,0,0,0,263,2026-02-04 21:32:50.245405
GGD,36.73,36.72,36.74,50000000.0,50000000.0,0,0,0,0,0,0,263,2026-02-04 21:32:50.245405
PNR,62.73,62.72,62.74,50000000.0,50000000.0,0,0,0,0,0,0,263,2026-02-04 21:32:50.245405
FSR,28.84,28.84,28.86,50000000.0,50000000.0,0,0,0,0,0,0,263,2026-02-04 21:32:50.245405
ATB,56.84,56.83,56.85,50000000.0,50000000.0,0,0,0,0,0,0,263,2026-02-04 21:32:50.245405
SPK,48.81,48.8,48.82,50000000.0,50000000.0,0,0,0,0,0,0,263,2026-02-04 21:32:50.245405
EEC,40.68,40.67,40.69,50000000.0,50000000.0,0,0,0,0,0,0,263,2026-02-04 21:32:50.245405
TGX,43.76,43.75,43.77,50000000.0,50000000.0,0,0,0,0,0,0,264,2026-02-04 21:32:51.332102
PHR,50.29,50.28,50.3,50000000.0,50000000.0,0,0,0,0,0,0,264,2026-02-04 21:32:51.332102
BYL,38.27,38.26,38.28,50000000.0,50000000.0,0,0,0,0,0,0,264,2026-02-04 21:32:51.332102
CLD,80.99,80.98,81.0,50000000.0,50000000.0,0,0,0,0,0,0,264,2026-02-04 21:32:51.332102
GGD,36.79,36.78,36.8,50000000.0,50000000.0,0,0,0,0,0,0,264,2026-02-04 21:32:51.332102
PNR,62.93,62.92,62.94,50000000.0,50000000.0,0,0,0,0,0,0,264,2026-02-04 21:32:51.332102
FSR,28.88,28.88,28.9,50000000.0,50000000.0,0,0,0,0,0,0,264,2026-02-04 21:32:51.332102
ATB,57.0,56.99,57.01,50000000.0,50000000.0,0,0,0,0,0,0,264,2026-02-04 21:32:51.332102
SPK,48.8,48.79,48.81,50000000.0,50000000.0,0,0,0,0,0,0,264,2026-02-04 21:32:51.332102
EEC,40.57,40.56,40.58,50000000.0,50000000.0,0,0,0,0,0,0,264,2026-02-04 21:32:51.332102
TGX,43.8,43.79,43.81,50000000.0,50000000.0,0,0,0,0,0,0,265,2026-02-04 21:32:52.385578
PHR,50.98,50.97,50.99,50000000.0,50000000.0,0,0,0,0,0,0,265,2026-02-04 21:32:52.385578
BYL,38.32,38.31,38.33,50000000.0,50000000.0,0,0,0,0,0,0,265,2026-02-04 21:32:52.385578
CLD,81.13,81.12,81.14,50000000.0,50000000.0,0,0,0,0,0,0,265,2026-02-04 21:32:52.385578
GGD,36.79,36.78,36.8,50000000.0,50000000.0,0,0,0,0,0,0,265,2026-02-04 21:32:52.385578
PNR,62.69,62.68,62.7,50000000.0,50000000.0,0,0,0,0,0,0,265,2026-02-04 21:32:52.385578
FSR,28.87,28.87,28.89,50000000.0,50000000.0,0,0,0,0,0,0,265,2026-02-04 21:32:52.385578
ATB,56.94,56.93,56.95,50000000.0,50000000.0,0,0,0,0,0,0,265,2026-02-04 21:32:52.385578
SPK,48.77,48.76,48.78,50000000.0,50000000.0,0,0,0,0,0,0,265,2026-02-04 21:32:52.385578
EEC,40.43,40.42,40.44,50000000.0,50000000.0,0,0,0,0,0,0,265,2026-02-04 21:32:52.385578
TGX,43.83,43.82,43.84,50000000.0,50000000.0,0,0,0,0,0,0,266,2026-02-04 21:32:53.433033
PHR,51.03,51.02,51.04,50000000.0,50000000.0,0,0,0,0,0,0,266,2026-02-04 21:32:53.433033
BYL,38.36,38.35,38.37,50000000.0,50000000.0,0,0,0,0,0,0,266,2026-02-04 21:32:53.433033
CLD,81.4,81.39,81.41,50000000.0,50000000.0,0,0,0,0,0,0,266,2026-02-04 21:32:53.433033
GGD,36.67,36.66,36.68,50000000.0,50000000.0,0,0,0,0,0,0,266,2026-02-04 21:32:53.433033
PNR,62.53,62.52,62.54,50000000.0,50000000.0,0,0,0,0,0,0,266,2026-02-04 21:32:53.433033
FSR,28.93,28.92,28.94,50000000.0,50000000.0,0,0,0,0,0,0,266,2026-02-04 21:32:53.433033
ATB,56.78,56.77,56.79,50000000.0,50000000.0,0,0,0,0,0,0,266,2026-02-04 21:32:53.433033
SPK,48.72,48.71,48.73,50000000.0,50000000.0,0,0,0,0,0,0,266,2026-02-04 21:32:53.433033
EEC,40.31,40.3,40.32,50000000.0,50000000.0,0,0,0,0,0,0,266,2026-02-04 21:32:53.433033
TGX,43.86,43.85,43.87,50000000.0,50000000.0,0,0,0,0,0,0,267,2026-02-04 21:32:54.489611
PHR,51.66,51.65,51.67,50000000.0,50000000.0,0,0,0,0,0,0,267,2026-02-04 21:32:54.489611
BYL,38.3,38.29,38.31,50000000.0,50000000.0,0,0,0,0,0,0,267,2026-02-04 21:32:54.489611
CLD,81.26,81.25,81.27,50000000.0,50000000.0,0,0,0,0,0,0,267,2026-02-04 21:32:54.489611
GGD,36.67,36.66,36.68,50000000.0,50000000.0,0,0,0,0,0,0,267,2026-02-04 21:32:54.489611
PNR,62.72,62.71,62.73,50000000.0,50000000.0,0,0,0,0,0,0,267,2026-02-04 21:32:54.489611
FSR,28.95,28.94,28.96,50000000.0,50000000.0,0,0,0,0,0,0,267,2026-02-04 21:32:54.489611
ATB,57.06,57.05,57.07,50000000.0,50000000.0,0,0,0,0,0,0,267,2026-02-04 21:32:54.489611
SPK,48.7,48.69,48.71,50000000.0,50000000.0,0,0,0,0,0,0,267,2026-02-04 21:32:54.489611
EEC,40.25,40.24,40.26,50000000.0,50000000.0,0,0,0,0,0,0,267,2026-02-04 21:32:54.489611
TGX,43.88,43.87,43.89,50000000.0,50000000.0,0,0,0,0,0,0,268,2026-02-04 21:32:55.545835
PHR,51.64,51.63,51.65,50000000.0,50000000.0,0,0,0,0,0,0,268,2026-02-04 21:32:55.545835
BYL,38.26,38.25,38.27,50000000.0,50000000.0,0,0,0,0,0,0,268,2026-02-04 21:32:55.545835
CLD,81.26,81.25,81.27,50000000.0,50000000.0,0,0,0,0,0,0,268,2026-02-04 21:32:55.545835
GGD,36.75,36.74,36.76,50000000.0,50000000.0,0,0,0,0,0,0,268,2026-02-04 21:32:55.545835
PNR,62.87,62.86,62.88,50000000.0,50000000.0,0,0,0,0,0,0,268,2026-02-04 21:32:55.545835
FSR,28.95,28.94,28.96,50000000.0,50000000.0,0,0,0,0,0,0,268,2026-02-04 21:32:55.545835
ATB,56.73,56.72,56.74,50000000.0,50000000.0,0,0,0,0,0,0,268,2026-02-04 21:32:55.545835
SPK,48.68,48.67,48.69,50000000.0,50000000.0,0,0,0,0,0,0,268,2026-02-04 21:32:55.545835
EEC,40.23,40.22,40.24,50000000.0,50000000.0,0,0,0,0,0,0,268,2026-02-04 21:32:55.545835
TGX,44.47,44.46,44.48,50000000.0,50000000.0,0,0,0,0,0,0,269,2026-02-04 21:32:56.104595
PHR,51.78,51.77,51.79,50000000.0,50000000.0,0,0,0,0,0,0,269,2026-02-04 21:32:56.104595
BYL,38.18,38.17,38.19,50000000.0,50000000.0,0,0,0,0,0,0,269,2026-02-04 21:32:56.104595
CLD,80.85,80.84,80.86,50000000.0,50000000.0,0,0,0,0,0,0,269,2026-02-04 21:32:56.104595
GGD,36.83,36.82,36.84,50000000.0,50000000.0,0,0,0,0,0,0,269,2026-02-04 21:32:56.104595
PNR,63.1,63.09,63.11,50000000.0,50000000.0,0,0,0,0,0,0,269,2026-02-04 21:32:56.104595
FSR,28.96,28.95,28.97,50000000.0,50000000.0,0,0,0,0,0,0,269,2026-02-04 21:32:56.104595
ATB,56.87,56.86,56.88,50000000.0,50000000.0,0,0,0,0,0,0,269,2026-02-04 21:32:56.104595
SPK,48.78,48.77,48.79,50000000.0,50000000.0,0,0,0,0,0,0,269,2026-02-04 21:32:56.104595
EEC,40.46,40.45,40.47,50000000.0,50000000.0,0,0,0,0,0,0,269,2026-02-04 21:32:56.104595
TGX,44.47,44.46,44.48,50000000.0,50000000.0,0,0,0,0,0,0,270,2026-02-04 21:32:57.194641
PHR,51.91,51.9,51.92,50000000.0,50000000.0,0,0,0,0,0,0,270,2026-02-04 21:32:57.194641
BYL,38.2,38.19,38.21,50000000.0,50000000.0,0,0,0,0,0,0,270,2026-02-04 21:32:57.194641
CLD,81.0,80.99,81.01,50000000.0,50000000.0,0,0,0,0,0,0,270,2026-02-04 21:32:57.194641
GGD,36.98,36.97,36.99,50000000.0,50000000.0,0,0,0,0,0,0,270,2026-02-04 21:32:57.194641
PNR,63.1,63.09,63.11,50000000.0,50000000.0,0,0,0,0,0,0,270,2026-02-04 21:32:57.194641
FSR,29.07,29.06,29.08,50000000.0,50000000.0,0,0,0,0,0,0,270,2026-02-04 21:32:57.194641
ATB,57.19,57.18,57.2,50000000.0,50000000.0,0,0,0,0,0,0,270,2026-02-04 21:32:57.194641
SPK,48.68,48.67,48.69,50000000.0,50000000.0,0,0,0,0,0,0,270,2026-02-04 21:32:57.194641
EEC,40.24,40.23,40.25,50000000.0,50000000.0,0,0,0,0,0,0,270,2026-02-04 21:32:57.194641
TGX,44.51,44.5,44.52,50000000.0,50000000.0,0,0,0,0,0,0,271,2026-02-04 21:32:58.298226
PHR,51.96,51.95,51.97,50000000.0,50000000.0,0,0,0,0,0,0,271,2026-02-04 21:32:58.298226
BYL,38.07,38.06,38.08,50000000.0,50000000.0,0,0,0,0,0,0,271,2026-02-04 21:32:58.298226
CLD,80.56,80.55,80.57,50000000.0,50000000.0,0,0,0,0,0,0,271,2026-02-04 21:32:58.298226
GGD,37.04,37.03,37.05,50000000.0,50000000.0,0,0,0,0,0,0,271,2026-02-04 21:32:58.298226
PNR,63.56,63.55,63.57,50000000.0,50000000.0,0,0,0,0,0,0,271,2026-02-04 21:32:58.298226
FSR,29.09,29.08,29.1,50000000.0,50000000.0,0,0,0,0,0,0,271,2026-02-04 21:32:58.298226
ATB,57.03,57.02,57.04,50000000.0,50000000.0,0,0,0,0,0,0,271,2026-02-04 21:32:58.298226
SPK,48.67,48.66,48.68,50000000.0,50000000.0,0,0,0,0,0,0,271,2026-02-04 21:32:58.298226
EEC,40.16,40.15,40.17,50000000.0,50000000.0,0,0,0,0,0,0,271,2026-02-04 21:32:58.298226
TGX,44.52,44.51,44.53,50000000.0,50000000.0,0,0,0,0,0,0,272,2026-02-04 21:32:59.396400
PHR,51.59,51.58,51.6,50000000.0,50000000.0,0,0,0,0,0,0,272,2026-02-04 21:32:59.396400
BYL,38.02,38.01,38.03,50000000.0,50000000.0,0,0,0,0,0,0,272,2026-02-04 21:32:59.396400
CLD,80.36,80.35,80.37,50000000.0,50000000.0,0,0,0,0,0,0,272,2026-02-04 21:32:59.396400
GGD,37.04,37.03,37.05,50000000.0,50000000.0,0,0,0,0,0,0,272,2026-02-04 21:32:59.396400
PNR,63.63,63.62,63.64,50000000.0,50000000.0,0,0,0,0,0,0,272,2026-02-04 21:32:59.396400
FSR,29.11,29.1,29.12,50000000.0,50000000.0,0,0,0,0,0,0,272,2026-02-04 21:32:59.396400
ATB,56.85,56.84,56.86,50000000.0,50000000.0,0,0,0,0,0,0,272,2026-02-04 21:32:59.396400
SPK,48.62,48.61,48.63,50000000.0,50000000.0,0,0,0,0,0,0,272,2026-02-04 21:32:59.396400
EEC,40.06,40.05,40.07,50000000.0,50000000.0,0,0,0,0,0,0,272,2026-02-04 21:32:59.396400
TGX,44.51,44.5,44.52,50000000.0,50000000.0,0,0,0,0,0,0,273,2026-02-04 21:33:00.452357
PHR,51.36,51.35,51.37,50000000.0,50000000.0,0,0,0,0,0,0,273,2026-02-04 21:33:00.452357
BYL,38.05,38.04,38.06,50000000.0,50000000.0,0,0,0,0,0,0,273,2026-02-04 21:33:00.452357
CLD,80.48,80.47,80.49,50000000.0,50000000.0,0,0,0,0,0,0,273,2026-02-04 21:33:00.452357
GGD,37.03,37.02,37.04,50000000.0,50000000.0,0,0,0,0,0,0,273,2026-02-04 21:33:00.452357
PNR,63.87,63.86,63.88,50000000.0,50000000.0,0,0,0,0,0,0,273,2026-02-04 21:33:00.452357
FSR,29.09,29.08,29.1,50000000.0,50000000.0,0,0,0,0,0,0,273,2026-02-04 21:33:00.452357
ATB,56.82,56.81,56.83,50000000.0,50000000.0,0,0,0,0,0,0,273,2026-02-04 21:33:00.452357
SPK,48.7,48.69,48.71,50000000.0,50000000.0,0,0,0,0,0,0,273,2026-02-04 21:33:00.452357
EEC,40.11,40.1,40.12,50000000.0,50000000.0,0,0,0,0,0,0,273,2026-02-04 21:33:00.452357
TGX,44.57,44.56,44.58,50000000.0,50000000.0,0,0,0,0,0,0,274,2026-02-04 21:33:01.511618
PHR,51.6,51.59,51.61,50000000.0,50000000.0,0,0,0,0,0,0,274,2026-02-04 21:33:01.511618
BYL,38.05,38.04,38.06,50000000.0,50000000.0,0,0,0,0,0,0,274,2026-02-04 21:33:01.511618
CLD,80.48,80.47,80.49,50000000.0,50000000.0,0,0,0,0,0,0,274,2026-02-04 21:33:01.511618
GGD,37.14,37.13,37.15,50000000.0,50000000.0,0,0,0,0,0,0,274,2026-02-04 21:33:01.511618
PNR,64.49,64.48,64.5,50000000.0,50000000.0,0,0,0,0,0,0,274,2026-02-04 21:33:01.511618
FSR,29.11,29.1,29.12,50000000.0,50000000.0,0,0,0,0,0,0,274,2026-02-04 21:33:01.511618
ATB,56.84,56.83,56.85,50000000.0,50000000.0,0,0,0,0,0,0,274,2026-02-04 21:33:01.511618
SPK,48.73,48.72,48.74,50000000.0,50000000.0,0,0,0,0,0,0,274,2026-02-04 21:33:01.511618
EEC,40.09,40.08,40.1,50000000.0,50000000.0,0,0,0,0,0,0,274,2026-02-04 21:33:01.511618
TGX,44.52,44.51,44.53,50000000.0,50000000.0,0,0,0,0,0,0,275,2026-02-04 21:33:02.097924
PHR,51.44,51.43,51.45,50000000.0,50000000.0,0,0,0,0,0,0,275,2026-02-04 21:33:02.097924
BYL,38.12,38.11,38.13,50000000.0,50000000.0,0,0,0,0,0,0,275,2026-02-04 21:33:02.097924
CLD,80.71,80.7,80.72,50000000.0,50000000.0,0,0,0,0,0,0,275,2026-02-04 21:33:02.097924
GGD,37.14,37.13,37.15,50000000.0,50000000.0,0,0,0,0,0,0,275,2026-02-04 21:33:02.097924
PNR,64.69,64.68,64.7,50000000.0,50000000.0,0,0,0,0,0,0,275,2026-02-04 21:33:02.097924
FSR,29.08,29.07,29.09,50000000.0,50000000.0,0,0,0,0,0,0,275,2026-02-04 21:33:02.097924
ATB,56.71,56.7,56.72,50000000.0,50000000.0,0,0,0,0,0,0,275,2026-02-04 21:33:02.097924
SPK,48.77,48.76,48.78,50000000.0,50000000.0,0,0,0,0,0,0,275,2026-02-04 21:33:02.097924
EEC,40.24,40.23,40.25,50000000.0,50000000.0,0,0,0,0,0,0,275,2026-02-04 21:33:02.097924
TGX,44.53,44.52,44.54,50000000.0,50000000.0,0,0,0,0,0,0,276,2026-02-04 21:33:03.159478
PHR,51.56,51.55,51.57,50000000.0,50000000.0,0,0,0,0,0,0,276,2026-02-04 21:33:03.159478
BYL,37.92,37.91,37.93,50000000.0,50000000.0,0,0,0,0,0,0,276,2026-02-04 21:33:03.159478
CLD,80.1,80.09,80.11,50000000.0,50000000.0,0,0,0,0,0,0,276,2026-02-04 21:33:03.159478
GGD,37.16,37.15,37.17,50000000.0,50000000.0,0,0,0,0,0,0,276,2026-02-04 21:33:03.159478
PNR,64.9,64.89,64.91,50000000.0,50000000.0,0,0,0,0,0,0,276,2026-02-04 21:33:03.159478
FSR,28.98,28.97,28.99,50000000.0,50000000.0,0,0,0,0,0,0,276,2026-02-04 21:33:03.159478
ATB,56.88,56.87,56.89,50000000.0,50000000.0,0,0,0,0,0,0,276,2026-02-04 21:33:03.159478
SPK,48.84,48.83,48.85,50000000.0,50000000.0,0,0,0,0,0,0,276,2026-02-04 21:33:03.159478
EEC,40.3,40.29,40.31,50000000.0,50000000.0,0,0,0,0,0,0,276,2026-02-04 21:33:03.159478
TGX,44.56,44.55,44.57,50000000.0,50000000.0,0,0,0,0,0,0,277,2026-02-04 21:33:04.259307
PHR,51.87,51.86,51.88,50000000.0,50000000.0,0,0,0,0,0,0,277,2026-02-04 21:33:04.259307
BYL,37.89,37.88,37.9,50000000.0,50000000.0,0,0,0,0,0,0,277,2026-02-04 21:33:04.259307
CLD,79.85,79.84,79.86,50000000.0,50000000.0,0,0,0,0,0,0,277,2026-02-04 21:33:04.259307
GGD,37.05,37.04,37.06,50000000.0,50000000.0,0,0,0,0,0,0,277,2026-02-04 21:33:04.259307
PNR,64.87,64.86,64.88,50000000.0,50000000.0,0,0,0,0,0,0,277,2026-02-04 21:33:04.259307
FSR,28.98,28.97,28.99,50000000.0,50000000.0,0,0,0,0,0,0,277,2026-02-04 21:33:04.259307
ATB,56.91,56.9,56.92,50000000.0,50000000.0,0,0,0,0,0,0,277,2026-02-04 21:33:04.259307
SPK,48.83,48.82,48.84,50000000.0,50000000.0,0,0,0,0,0,0,277,2026-02-04 21:33:04.259307
EEC,40.34,40.33,40.35,50000000.0,50000000.0,0,0,0,0,0,0,277,2026-02-04 21:33:04.259307
TGX,44.58,44.57,44.59,50000000.0,50000000.0,0,0,0,0,0,0,278,2026-02-04 21:33:05.475592
PHR,51.77,51.76,51.78,50000000.0,50000000.0,0,0,0,0,0,0,278,2026-02-04 21:33:05.475592
BYL,38.03,38.02,38.04,50000000.0,50000000.0,0,0,0,0,0,0,278,2026-02-04 21:33:05.475592
CLD,80.11,80.1,80.12,50000000.0,50000000.0,0,0,0,0,0,0,278,2026-02-04 21:33:05.475592
GGD,37.13,37.12,37.14,50000000.0,50000000.0,0,0,0,0,0,0,278,2026-02-04 21:33:05.475592
PNR,64.66,64.65,64.67,50000000.0,50000000.0,0,0,0,0,0,0,278,2026-02-04 21:33:05.475592
FSR,29.0,28.99,29.01,50000000.0,50000000.0,0,0,0,0,0,0,278,2026-02-04 21:33:05.475592
ATB,56.74,56.73,56.75,50000000.0,50000000.0,0,0,0,0,0,0,278,2026-02-04 21:33:05.475592
SPK,48.73,48.72,48.74,50000000.0,50000000.0,0,0,0,0,0,0,278,2026-02-04 21:33:05.475592
EEC,40.14,40.13,40.15,50000000.0,50000000.0,0,0,0,0,0,0,278,2026-02-04 21:33:05.475592
TGX,44.57,44.56,44.58,50000000.0,50000000.0,0,0,0,0,0,0,279,2026-02-04 21:33:06.126777
PHR,52.31,52.3,52.32,50000000.0,50000000.0,0,0,0,0,0,0,279,2026-02-04 21:33:06.126777
BYL,37.85,37.84,37.86,50000000.0,50000000.0,0,0,0,0,0,0,279,2026-02-04 21:33:06.126777
CLD,79.65,79.64,79.66,50000000.0,50000000.0,0,0,0,0,0,0,279,2026-02-04 21:33:06.126777
GGD,37.09,37.08,37.1,50000000.0,50000000.0,0,0,0,0,0,0,279,2026-02-04 21:33:06.126777
PNR,64.13,64.12,64.14,50000000.0,50000000.0,0,0,0,0,0,0,279,2026-02-04 21:33:06.126777
FSR,29.06,29.05,29.07,50000000.0,50000000.0,0,0,0,0,0,0,279,2026-02-04 21:33:06.126777
ATB,56.72,56.71,56.73,50000000.0,50000000.0,0,0,0,0,0,0,279,2026-02-04 21:33:06.126777
SPK,48.64,48.63,48.65,50000000.0,50000000.0,0,0,0,0,0,0,279,2026-02-04 21:33:06.126777
EEC,39.9,39.89,39.91,50000000.0,50000000.0,0,0,0,0,0,0,279,2026-02-04 21:33:06.126777
TGX,44.54,44.53,44.55,50000000.0,50000000.0,0,0,0,0,0,0,280,2026-02-04 21:33:07.178646
PHR,52.23,52.22,52.24,50000000.0,50000000.0,0,0,0,0,0,0,280,2026-02-04 21:33:07.178646
BYL,37.76,37.75,37.77,50000000.0,50000000.0,0,0,0,0,0,0,280,2026-02-04 21:33:07.178646
CLD,79.36,79.35,79.37,50000000.0,50000000.0,0,0,0,0,0,0,280,2026-02-04 21:33:07.178646
GGD,37.17,37.16,37.18,50000000.0,50000000.0,0,0,0,0,0,0,280,2026-02-04 21:33:07.178646
PNR,64.38,64.37,64.39,50000000.0,50000000.0,0,0,0,0,0,0,280,2026-02-04 21:33:07.178646
FSR,29.09,29.08,29.1,50000000.0,50000000.0,0,0,0,0,0,0,280,2026-02-04 21:33:07.178646
ATB,56.66,56.65,56.67,50000000.0,50000000.0,0,0,0,0,0,0,280,2026-02-04 21:33:07.178646
SPK,48.42,48.41,48.43,50000000.0,50000000.0,0,0,0,0,0,0,280,2026-02-04 21:33:07.178646
EEC,39.57,39.56,39.58,50000000.0,50000000.0,0,0,0,0,0,0,280,2026-02-04 21:33:07.178646
TGX,44.49,44.48,44.5,50000000.0,50000000.0,0,0,0,0,0,0,281,2026-02-04 21:33:08.226659
PHR,52.3,52.29,52.31,50000000.0,50000000.0,0,0,0,0,0,0,281,2026-02-04 21:33:08.226659
BYL,37.59,37.58,37.6,50000000.0,50000000.0,0,0,0,0,0,0,281,2026-02-04 21:33:08.226659
CLD,78.67,78.66,78.68,50000000.0,50000000.0,0,0,0,0,0,0,281,2026-02-04 21:33:08.226659
GGD,37.09,37.08,37.1,50000000.0,50000000.0,0,0,0,0,0,0,281,2026-02-04 21:33:08.226659
PNR,64.24,64.23,64.25,50000000.0,50000000.0,0,0,0,0,0,0,281,2026-02-04 21:33:08.226659
FSR,29.11,29.1,29.12,50000000.0,50000000.0,0,0,0,0,0,0,281,2026-02-04 21:33:08.226659
ATB,56.6,56.59,56.61,50000000.0,50000000.0,0,0,0,0,0,0,281,2026-02-04 21:33:08.226659
SPK,48.42,48.41,48.43,50000000.0,50000000.0,0,0,0,0,0,0,281,2026-02-04 21:33:08.226659
EEC,39.5,39.49,39.51,50000000.0,50000000.0,0,0,0,0,0,0,281,2026-02-04 21:33:08.226659
TGX,44.44,44.43,44.45,50000000.0,50000000.0,0,0,0,0,0,0,282,2026-02-04 21:33:09.280788
PHR,52.34,52.33,52.35,50000000.0,50000000.0,0,0,0,0,0,0,282,2026-02-04 21:33:09.280788
BYL,37.79,37.78,37.8,50000000.0,50000000.0,0,0,0,0,0,0,282,2026-02-04 21:33:09.280788
CLD,79.26,79.25,79.27,50000000.0,50000000.0,0,0,0,0,0,0,282,2026-02-04 21:33:09.280788
GGD,37.04,37.03,37.05,50000000.0,50000000.0,0,0,0,0,0,0,282,2026-02-04 21:33:09.280788
PNR,63.88,63.87,63.89,50000000.0,50000000.0,0,0,0,0,0,0,282,2026-02-04 21:33:09.280788
FSR,29.11,29.1,29.12,50000000.0,50000000.0,0,0,0,0,0,0,282,2026-02-04 21:33:09.280788
ATB,56.41,56.4,56.42,50000000.0,50000000.0,0,0,0,0,0,0,282,2026-02-04 21:33:09.280788
SPK,48.3,48.29,48.31,50000000.0,50000000.0,0,0,0,0,0,0,282,2026-02-04 21:33:09.280788
EEC,39.37,39.36,39.38,50000000.0,50000000.0,0,0,0,0,0,0,282,2026-02-04 21:33:09.280788
TGX,44.47,44.46,44.48,50000000.0,50000000.0,0,0,0,0,0,0,283,2026-02-04 21:33:10.390878
PHR,52.09,52.08,52.1,50000000.0,50000000.0,0,0,0,0,0,0,283,2026-02-04 21:33:10.390878
BYL,37.76,37.75,37.77,50000000.0,50000000.0,0,0,0,0,0,0,283,2026-02-04 21:33:10.390878
CLD,79.14,79.13,79.15,50000000.0,50000000.0,0,0,0,0,0,0,283,2026-02-04 21:33:10.390878
GGD,36.99,36.98,37.0,50000000.0,50000000.0,0,0,0,0,0,0,283,2026-02-04 21:33:10.390878
PNR,63.69,63.68,63.7,50000000.0,50000000.0,0,0,0,0,0,0,283,2026-02-04 21:33:10.390878
FSR,28.98,28.97,28.99,50000000.0,50000000.0,0,0,0,0,0,0,283,2026-02-04 21:33:10.390878
ATB,56.66,56.65,56.67,50000000.0,50000000.0,0,0,0,0,0,0,283,2026-02-04 21:33:10.390878
SPK,48.17,48.16,48.18,50000000.0,50000000.0,0,0,0,0,0,0,283,2026-02-04 21:33:10.390878
EEC,39.16,39.15,39.17,50000000.0,50000000.0,0,0,0,0,0,0,283,2026-02-04 21:33:10.390878
TGX,44.43,44.42,44.44,50000000.0,50000000.0,0,0,0,0,0,0,284,2026-02-04 21:33:11.445867
PHR,51.74,51.73,51.75,50000000.0,50000000.0,0,0,0,0,0,0,284,2026-02-04 21:33:11.445867
BYL,37.43,37.42,37.44,50000000.0,50000000.0,0,0,0,0,0,0,284,2026-02-04 21:33:11.445867
CLD,78.06,78.05,78.07,50000000.0,50000000.0,0,0,0,0,0,0,284,2026-02-04 21:33:11.445867
GGD,36.92,36.91,36.93,50000000.0,50000000.0,0,0,0,0,0,0,284,2026-02-04 21:33:11.445867
PNR,63.57,63.56,63.58,50000000.0,50000000.0,0,0,0,0,0,0,284,2026-02-04 21:33:11.445867
FSR,28.96,28.95,28.97,50000000.0,50000000.0,0,0,0,0,0,0,284,2026-02-04 21:33:11.445867
ATB,56.16,56.15,56.17,50000000.0,50000000.0,0,0,0,0,0,0,284,2026-02-04 21:33:11.445867
SPK,48.12,48.11,48.13,50000000.0,50000000.0,0,0,0,0,0,0,284,2026-02-04 21:33:11.445867
EEC,39.14,39.13,39.15,50000000.0,50000000.0,0,0,0,0,0,0,284,2026-02-04 21:33:11.445867
TGX,44.46,44.45,44.47,50000000.0,50000000.0,0,0,0,0,0,0,285,2026-02-04 21:33:12.493105
PHR,51.61,51.6,51.62,50000000.0,50000000.0,0,0,0,0,0,0,285,2026-02-04 21:33:12.493105
BYL,37.46,37.45,37.47,50000000.0,50000000.0,0,0,0,0,0,0,285,2026-02-04 21:33:12.493105
CLD,78.11,78.1,78.12,50000000.0,50000000.0,0,0,0,0,0,0,285,2026-02-04 21:33:12.493105
GGD,36.91,36.9,36.92,50000000.0,50000000.0,0,0,0,0,0,0,285,2026-02-04 21:33:12.493105
PNR,63.41,63.4,63.42,50000000.0,50000000.0,0,0,0,0,0,0,285,2026-02-04 21:33:12.493105
FSR,28.97,28.96,28.98,50000000.0,50000000.0,0,0,0,0,0,0,285,2026-02-04 21:33:12.493105
ATB,56.16,56.15,56.17,50000000.0,50000000.0,0,0,0,0,0,0,285,2026-02-04 21:33:12.493105
SPK,48.27,48.26,48.28,50000000.0,50000000.0,0,0,0,0,0,0,285,2026-02-04 21:33:12.493105
EEC,39.39,39.38,39.4,50000000.0,50000000.0,0,0,0,0,0,0,285,2026-02-04 21:33:12.493105
TGX,44.42,44.41,44.43,50000000.0,50000000.0,0,0,0,0,0,0,286,2026-02-04 21:33:13.547300
PHR,51.52,51.51,51.53,50000000.0,50000000.0,0,0,0,0,0,0,286,2026-02-04 21:33:13.547300
BYL,37.43,37.42,37.44,50000000.0,50000000.0,0,0,0,0,0,0,286,2026-02-04 21:33:13.547300
CLD,77.95,77.94,77.96,50000000.0,50000000.0,0,0,0,0,0,0,286,2026-02-04 21:33:13.547300
GGD,36.97,36.96,36.98,50000000.0,50000000.0,0,0,0,0,0,0,286,2026-02-04 21:33:13.547300
PNR,63.62,63.61,63.63,50000000.0,50000000.0,0,0,0,0,0,0,286,2026-02-04 21:33:13.547300
FSR,28.94,28.93,28.95,50000000.0,50000000.0,0,0,0,0,0,0,286,2026-02-04 21:33:13.547300
ATB,56.09,56.08,56.1,50000000.0,50000000.0,0,0,0,0,0,0,286,2026-02-04 21:33:13.547300
SPK,48.17,48.16,48.18,50000000.0,50000000.0,0,0,0,0,0,0,286,2026-02-04 21:33:13.547300
EEC,39.27,39.26,39.28,50000000.0,50000000.0,0,0,0,0,0,0,286,2026-02-04 21:33:13.547300
TGX,44.42,44.41,44.43,50000000.0,50000000.0,0,0,0,0,0,0,287,2026-02-04 21:33:14.594593
PHR,51.59,51.58,51.6,50000000.0,50000000.0,0,0,0,0,0,0,287,2026-02-04 21:33:14.594593
BYL,37.38,37.37,37.39,50000000.0,50000000.0,0,0,0,0,0,0,287,2026-02-04 21:33:14.594593
CLD,77.79,77.78,77.8,50000000.0,50000000.0,0,0,0,0,0,0,287,2026-02-04 21:33:14.594593
GGD,37.03,37.02,37.04,50000000.0,50000000.0,0,0,0,0,0,0,287,2026-02-04 21:33:14.594593
PNR,63.75,63.74,63.76,50000000.0,50000000.0,0,0,0,0,0,0,287,2026-02-04 21:33:14.594593
FSR,28.9,28.89,28.91,50000000.0,50000000.0,0,0,0,0,0,0,287,2026-02-04 21:33:14.594593
ATB,56.22,56.21,56.23,50000000.0,50000000.0,0,0,0,0,0,0,287,2026-02-04 21:33:14.594593
SPK,48.05,48.04,48.06,50000000.0,50000000.0,0,0,0,0,0,0,287,2026-02-04 21:33:14.594593
EEC,39.06,39.05,39.07,50000000.0,50000000.0,0,0,0,0,0,0,287,2026-02-04 21:33:14.594593
TGX,44.46,44.45,44.47,50000000.0,50000000.0,0,0,0,0,0,0,288,2026-02-04 21:33:15.664053
PHR,51.48,51.47,51.49,50000000.0,50000000.0,0,0,0,0,0,0,288,2026-02-04 21:33:15.664053
BYL,37.51,37.5,37.52,50000000.0,50000000.0,0,0,0,0,0,0,288,2026-02-04 21:33:15.664053
CLD,78.25,78.24,78.26,50000000.0,50000000.0,0,0,0,0,0,0,288,2026-02-04 21:33:15.664053
GGD,37.11,37.1,37.12,50000000.0,50000000.0,0,0,0,0,0,0,288,2026-02-04 21:33:15.664053
PNR,64.21,64.2,64.22,50000000.0,50000000.0,0,0,0,0,0,0,288,2026-02-04 21:33:15.664053
FSR,28.91,28.9,28.92,50000000.0,50000000.0,0,0,0,0,0,0,288,2026-02-04 21:33:15.664053
ATB,56.19,56.18,56.2,50000000.0,50000000.0,0,0,0,0,0,0,288,2026-02-04 21:33:15.664053
SPK,48.04,48.03,48.05,50000000.0,50000000.0,0,0,0,0,0,0,288,2026-02-04 21:33:15.664053
EEC,39.07,39.06,39.08,50000000.0,50000000.0,0,0,0,0,0,0,288,2026-02-04 21:33:15.664053
TGX,44.51,44.5,44.52,50000000.0,50000000.0,0,0,0,0,0,0,289,2026-02-04 21:33:16.218513
PHR,51.46,51.45,51.47,50000000.0,50000000.0,0,0,0,0,0,0,289,2026-02-04 21:33:16.218513
BYL,37.57,37.56,37.58,50000000.0,50000000.0,0,0,0,0,0,0,289,2026-02-04 21:33:16.218513
CLD,78.38,78.37,78.39,50000000.0,50000000.0,0,0,0,0,0,0,289,2026-02-04 21:33:16.218513
GGD,37.11,37.1,37.12,50000000.0,50000000.0,0,0,0,0,0,0,289,2026-02-04 21:33:16.218513
PNR,64.06,64.05,64.07,50000000.0,50000000.0,0,0,0,0,0,0,289,2026-02-04 21:33:16.218513
FSR,28.91,28.9,28.92,50000000.0,50000000.0,0,0,0,0,0,0,289,2026-02-04 21:33:16.218513
ATB,56.08,56.07,56.09,50000000.0,50000000.0,0,0,0,0,0,0,289,2026-02-04 21:33:16.218513
SPK,47.94,47.93,47.95,50000000.0,50000000.0,0,0,0,0,0,0,289,2026-02-04 21:33:16.218513
EEC,38.91,38.9,38.92,50000000.0,50000000.0,0,0,0,0,0,0,289,2026-02-04 21:33:16.218513
TGX,44.53,44.52,44.54,50000000.0,50000000.0,0,0,0,0,0,0,290,2026-02-04 21:33:17.272354
PHR,51.25,51.24,51.26,50000000.0,50000000.0,0,0,0,0,0,0,290,2026-02-04 21:33:17.272354
BYL,37.54,37.53,37.55,50000000.0,50000000.0,0,0,0,0,0,0,290,2026-02-04 21:33:17.272354
CLD,78.25,78.24,78.26,50000000.0,50000000.0,0,0,0,0,0,0,290,2026-02-04 21:33:17.272354
GGD,37.03,37.02,37.04,50000000.0,50000000.0,0,0,0,0,0,0,290,2026-02-04 21:33:17.272354
PNR,63.93,63.92,63.94,50000000.0,50000000.0,0,0,0,0,0,0,290,2026-02-04 21:33:17.272354
FSR,28.99,28.98,29.0,50000000.0,50000000.0,0,0,0,0,0,0,290,2026-02-04 21:33:17.272354
ATB,56.03,56.02,56.04,50000000.0,50000000.0,0,0,0,0,0,0,290,2026-02-04 21:33:17.272354
SPK,47.81,47.8,47.82,50000000.0,50000000.0,0,0,0,0,0,0,290,2026-02-04 21:33:17.272354
EEC,38.63,38.62,38.64,50000000.0,50000000.0,0,0,0,0,0,0,290,2026-02-04 21:33:17.272354
TGX,44.46,44.45,44.47,50000000.0,50000000.0,0,0,0,0,0,0,291,2026-02-04 21:33:18.358565
PHR,50.95,50.94,50.96,50000000.0,50000000.0,0,0,0,0,0,0,291,2026-02-04 21:33:18.358565
BYL,37.7,37.69,37.71,50000000.0,50000000.0,0,0,0,0,0,0,291,2026-02-04 21:33:18.358565
CLD,78.8,78.79,78.81,50000000.0,50000000.0,0,0,0,0,0,0,291,2026-02-04 21:33:18.358565
GGD,37.11,37.1,37.12,50000000.0,50000000.0,0,0,0,0,0,0,291,2026-02-04 21:33:18.358565
PNR,64.01,64.0,64.02,50000000.0,50000000.0,0,0,0,0,0,0,291,2026-02-04 21:33:18.358565
FSR,28.91,28.9,28.92,50000000.0,50000000.0,0,0,0,0,0,0,291,2026-02-04 21:33:18.358565
ATB,56.29,56.28,56.3,50000000.0,50000000.0,0,0,0,0,0,0,291,2026-02-04 21:33:18.358565
SPK,47.9,47.89,47.91,50000000.0,50000000.0,0,0,0,0,0,0,291,2026-02-04 21:33:18.358565
EEC,38.75,38.74,38.76,50000000.0,50000000.0,0,0,0,0,0,0,291,2026-02-04 21:33:18.358565
TGX,44.45,44.44,44.46,50000000.0,50000000.0,0,0,0,0,0,0,292,2026-02-04 21:33:19.453545
PHR,51.25,51.24,51.26,50000000.0,50000000.0,0,0,0,0,0,0,292,2026-02-04 21:33:19.453545
BYL,37.61,37.6,37.62,50000000.0,50000000.0,0,0,0,0,0,0,292,2026-02-04 21:33:19.453545
CLD,78.42,78.41,78.43,50000000.0,50000000.0,0,0,0,0,0,0,292,2026-02-04 21:33:19.453545
GGD,37.16,37.15,37.17,50000000.0,50000000.0,0,0,0,0,0,0,292,2026-02-04 21:33:19.453545
PNR,64.36,64.35,64.37,50000000.0,50000000.0,0,0,0,0,0,0,292,2026-02-04 21:33:19.453545
FSR,28.87,28.86,28.88,50000000.0,50000000.0,0,0,0,0,0,0,292,2026-02-04 21:33:19.453545
ATB,56.27,56.26,56.28,50000000.0,50000000.0,0,0,0,0,0,0,292,2026-02-04 21:33:19.453545
SPK,47.92,47.91,47.93,50000000.0,50000000.0,0,0,0,0,0,0,292,2026-02-04 21:33:19.453545
EEC,38.75,38.74,38.76,50000000.0,50000000.0,0,0,0,0,0,0,292,2026-02-04 21:33:19.453545
TGX,44.44,44.43,44.45,50000000.0,50000000.0,0,0,0,0,0,0,293,2026-02-04 21:33:20.505899
PHR,51.2,51.19,51.21,50000000.0,50000000.0,0,0,0,0,0,0,293,2026-02-04 21:33:20.505899
BYL,37.61,37.6,37.62,50000000.0,50000000.0,0,0,0,0,0,0,293,2026-02-04 21:33:20.505899
CLD,78.43,78.42,78.44,50000000.0,50000000.0,0,0,0,0,0,0,293,2026-02-04 21:33:20.505899
GGD,37.22,37.21,37.23,50000000.0,50000000.0,0,0,0,0,0,0,293,2026-02-04 21:33:20.505899
PNR,64.58,64.57,64.59,50000000.0,50000000.0,0,0,0,0,0,0,293,2026-02-04 21:33:20.505899
FSR,28.82,28.81,28.83,50000000.0,50000000.0,0,0,0,0,0,0,293,2026-02-04 21:33:20.505899
ATB,56.4,56.39,56.41,50000000.0,50000000.0,0,0,0,0,0,0,293,2026-02-04 21:33:20.505899
SPK,47.77,47.76,47.78,50000000.0,50000000.0,0,0,0,0,0,0,293,2026-02-04 21:33:20.505899
EEC,38.42,38.41,38.43,50000000.0,50000000.0,0,0,0,0,0,0,293,2026-02-04 21:33:20.505899
TGX,44.43,44.42,44.44,50000000.0,50000000.0,0,0,0,0,0,0,294,2026-02-04 21:33:21.575565
PHR,51.29,51.28,51.3,50000000.0,50000000.0,0,0,0,0,0,0,294,2026-02-04 21:33:21.575565
BYL,37.32,37.31,37.33,50000000.0,50000000.0,0,0,0,0,0,0,294,2026-02-04 21:33:21.575565
CLD,77.79,77.78,77.8,50000000.0,50000000.0,0,0,0,0,0,0,294,2026-02-04 21:33:21.575565
GGD,37.38,37.37,37.39,50000000.0,50000000.0,0,0,0,0,0,0,294,2026-02-04 21:33:21.575565
PNR,65.2,65.19,65.21,50000000.0,50000000.0,0,0,0,0,0,0,294,2026-02-04 21:33:21.575565
FSR,28.86,28.85,28.87,50000000.0,50000000.0,0,0,0,0,0,0,294,2026-02-04 21:33:21.575565
ATB,56.52,56.51,56.53,50000000.0,50000000.0,0,0,0,0,0,0,294,2026-02-04 21:33:21.575565
SPK,47.66,47.65,47.67,50000000.0,50000000.0,0,0,0,0,0,0,294,2026-02-04 21:33:21.575565
EEC,38.28,38.27,38.29,50000000.0,50000000.0,0,0,0,0,0,0,294,2026-02-04 21:33:21.575565
TGX,44.41,44.4,44.42,50000000.0,50000000.0,0,0,0,0,0,0,295,2026-02-04 21:33:22.640266
PHR,50.65,50.64,50.66,50000000.0,50000000.0,0,0,0,0,0,0,295,2026-02-04 21:33:22.640266
BYL,37.29,37.28,37.3,50000000.0,50000000.0,0,0,0,0,0,0,295,2026-02-04 21:33:22.640266
CLD,77.73,77.72,77.74,50000000.0,50000000.0,0,0,0,0,0,0,295,2026-02-04 21:33:22.640266
GGD,37.36,37.35,37.37,50000000.0,50000000.0,0,0,0,0,0,0,295,2026-02-04 21:33:22.640266
PNR,65.13,65.12,65.14,50000000.0,50000000.0,0,0,0,0,0,0,295,2026-02-04 21:33:22.640266
FSR,28.83,28.82,28.84,50000000.0,50000000.0,0,0,0,0,0,0,295,2026-02-04 21:33:22.640266
ATB,56.6,56.59,56.61,50000000.0,50000000.0,0,0,0,0,0,0,295,2026-02-04 21:33:22.640266
SPK,47.57,47.56,47.58,50000000.0,50000000.0,0,0,0,0,0,0,295,2026-02-04 21:33:22.640266
EEC,38.37,38.36,38.38,50000000.0,50000000.0,0,0,0,0,0,0,295,2026-02-04 21:33:22.640266
TGX,44.42,44.41,44.43,50000000.0,50000000.0,0,0,0,0,0,0,296,2026-02-04 21:33:23.685924
PHR,50.41,50.4,50.42,50000000.0,50000000.0,0,0,0,0,0,0,296,2026-02-04 21:33:23.685924
BYL,37.06,37.05,37.07,50000000.0,50000000.0,0,0,0,0,0,0,296,2026-02-04 21:33:23.685924
CLD,76.86,76.85,76.87,50000000.0,50000000.0,0,0,0,0,0,0,296,2026-02-04 21:33:23.685924
GGD,37.34,37.33,37.35,50000000.0,50000000.0,0,0,0,0,0,0,296,2026-02-04 21:33:23.685924
PNR,65.36,65.35,65.37,50000000.0,50000000.0,0,0,0,0,0,0,296,2026-02-04 21:33:23.685924
FSR,28.87,28.86,28.88,50000000.0,50000000.0,0,0,0,0,0,0,296,2026-02-04 21:33:23.685924
ATB,56.74,56.73,56.75,50000000.0,50000000.0,0,0,0,0,0,0,296,2026-02-04 21:33:23.685924
SPK,47.64,47.63,47.65,50000000.0,50000000.0,0,0,0,0,0,0,296,2026-02-04 21:33:23.685924
EEC,38.55,38.54,38.56,50000000.0,50000000.0,0,0,0,0,0,0,296,2026-02-04 21:33:23.685924
TGX,44.44,44.43,44.45,50000000.0,50000000.0,0,0,0,0,0,0,297,2026-02-04 21:33:24.232579
PHR,50.36,50.35,50.37,50000000.0,50000000.0,0,0,0,0,0,0,297,2026-02-04 21:33:24.232579
BYL,36.68,36.67,36.69,50000000.0,50000000.0,0,0,0,0,0,0,297,2026-02-04 21:33:24.232579
CLD,75.67,75.66,75.68,50000000.0,50000000.0,0,0,0,0,0,0,297,2026-02-04 21:33:24.232579
GGD,37.42,37.41,37.43,50000000.0,50000000.0,0,0,0,0,0,0,297,2026-02-04 21:33:24.232579
PNR,65.89,65.88,65.9,50000000.0,50000000.0,0,0,0,0,0,0,297,2026-02-04 21:33:24.232579
FSR,28.85,28.84,28.86,50000000.0,50000000.0,0,0,0,0,0,0,297,2026-02-04 21:33:24.232579
ATB,56.59,56.58,56.6,50000000.0,50000000.0,0,0,0,0,0,0,297,2026-02-04 21:33:24.232579
SPK,47.46,47.45,47.47,50000000.0,50000000.0,0,0,0,0,0,0,297,2026-02-04 21:33:24.232579
EEC,38.41,38.4,38.42,50000000.0,50000000.0,0,0,0,0,0,0,297,2026-02-04 21:33:24.232579
TGX,44.46,44.45,44.47,50000000.0,50000000.0,0,0,0,0,0,0,298,2026-02-04 21:33:25.280075,30.0,1.0,297.0,D4-FSR/ATB,FDIC Extends Comment Period,FDIC extends public comment period by 30 days citing significant community banking stakeholder interest.
PHR,49.82,49.81,49.83,50000000.0,50000000.0,0,0,0,0,0,0,298,2026-02-04 21:33:25.280075,29.0,1.0,297.0,D3-GGD/PNR,Moody's Places Ratings Under Review,Credit rating agency places PetroNorth on review for possible downgrade citing leverage concerns.
BYL,36.82,36.81,36.83,50000000.0,50000000.0,0,0,0,0,0,0,298,2026-02-04 21:33:25.280075,,,,,,
CLD,76.16,76.15,76.17,50000000.0,50000000.0,0,0,0,0,0,0,298,2026-02-04 21:33:25.280075,,,,,,
GGD,37.34,37.33,37.35,50000000.0,50000000.0,0,0,0,0,0,0,298,2026-02-04 21:33:25.280075,,,,,,
PNR,65.56,65.55,65.57,50000000.0,50000000.0,0,0,0,0,0,0,298,2026-02-04 21:33:25.280075,,,,,,
FSR,28.83,28.82,28.84,50000000.0,50000000.0,0,0,0,0,0,0,298,2026-02-04 21:33:25.280075,,,,,,
ATB,56.34,56.33,56.35,50000000.0,50000000.0,0,0,0,0,0,0,298,2026-02-04 21:33:25.280075,,,,,,
SPK,47.52,47.51,47.53,50000000.0,50000000.0,0,0,0,0,0,0,298,2026-02-04 21:33:25.280075,,,,,,
EEC,38.46,38.45,38.47,50000000.0,50000000.0,0,0,0,0,0,0,298,2026-02-04 21:33:25.280075,,,,,,
TGX,44.45,44.44,44.46,50000000.0,50000000.0,0,0,0,0,0,0,299,2026-02-04 21:33:26.346780,31.0,1.0,298.0,D3-GGD/PNR,Earnings Shortfall Raises MAC Questions,GreenGrid reports significant earnings miss leading to market speculation about material adverse change.
PHR,49.89,49.88,49.9,50000000.0,50000000.0,0,0,0,0,0,0,299,2026-02-04 21:33:26.346780,,,,,,
BYL,36.81,36.8,36.82,50000000.0,50000000.0,0,0,0,0,0,0,299,2026-02-04 21:33:26.346780,,,,,,
CLD,76.19,76.18,76.2,50000000.0,50000000.0,0,0,0,0,0,0,299,2026-02-04 21:33:26.346780,,,,,,
GGD,37.26,37.25,37.27,50000000.0,50000000.0,0,0,0,0,0,0,299,2026-02-04 21:33:26.346780,,,,,,
PNR,65.23,65.22,65.24,50000000.0,50000000.0,0,0,0,0,0,0,299,2026-02-04 21:33:26.346780,,,,,,
FSR,28.88,28.87,28.89,50000000.0,50000000.0,0,0,0,0,0,0,299,2026-02-04 21:33:26.346780,,,,,,
ATB,56.07,56.06,56.08,50000000.0,50000000.0,0,0,0,0,0,0,299,2026-02-04 21:33:26.346780,,,,,,
SPK,47.47,47.46,47.48,50000000.0,50000000.0,0,0,0,0,0,0,299,2026-02-04 21:33:26.346780,,,,,,
EEC,38.37,38.36,38.38,50000000.0,50000000.0,0,0,0,0,0,0,299,2026-02-04 21:33:26.346780,,,,,,
TGX,44.41,44.4,44.42,50000000.0,50000000.0,0,0,0,0,0,0,300,2026-02-04 21:33:27.454003
PHR,49.81,49.8,49.82,50000000.0,50000000.0,0,0,0,0,0,0,300,2026-02-04 21:33:27.454003
BYL,36.82,36.81,36.83,50000000.0,50000000.0,0,0,0,0,0,0,300,2026-02-04 21:33:27.454003
CLD,76.12,76.11,76.13,50000000.0,50000000.0,0,0,0,0,0,0,300,2026-02-04 21:33:27.454003
GGD,37.28,37.27,37.29,50000000.0,50000000.0,0,0,0,0,0,0,300,2026-02-04 21:33:27.454003
PNR,65.11,65.1,65.12,50000000.0,50000000.0,0,0,0,0,0,0,300,2026-02-04 21:33:27.454003
FSR,28.9,28.89,28.91,50000000.0,50000000.0,0,0,0,0,0,0,300,2026-02-04 21:33:27.454003
ATB,55.98,55.97,55.99,50000000.0,50000000.0,0,0,0,0,0,0,300,2026-02-04 21:33:27.454003
SPK,47.49,47.48,47.5,50000000.0,50000000.0,0,0,0,0,0,0,300,2026-02-04 21:33:27.454003
EEC,38.46,38.45,38.47,50000000.0,50000000.0,0,0,0,0,0,0,300,2026-02-04 21:33:27.454003
TGX,44.43,44.42,44.44,50000000.0,50000000.0,0,0,0,0,0,0,301,2026-02-04 21:33:28.531054
PHR,49.75,49.74,49.76,50000000.0,50000000.0,0,0,0,0,0,0,301,2026-02-04 21:33:28.531054
BYL,36.57,36.56,36.58,50000000.0,50000000.0,0,0,0,0,0,0,301,2026-02-04 21:33:28.531054
CLD,75.46,75.45,75.47,50000000.0,50000000.0,0,0,0,0,0,0,301,2026-02-04 21:33:28.531054
GGD,37.35,37.34,37.36,50000000.0,50000000.0,0,0,0,0,0,0,301,2026-02-04 21:33:28.531054
PNR,65.74,65.73,65.75,50000000.0,50000000.0,0,0,0,0,0,0,301,2026-02-04 21:33:28.531054
FSR,28.9,28.89,28.91,50000000.0,50000000.0,0,0,0,0,0,0,301,2026-02-04 21:33:28.531054
ATB,56.06,56.05,56.07,50000000.0,50000000.0,0,0,0,0,0,0,301,2026-02-04 21:33:28.531054
SPK,47.4,47.39,47.41,50000000.0,50000000.0,0,0,0,0,0,0,301,2026-02-04 21:33:28.531054
EEC,38.44,38.43,38.45,50000000.0,50000000.0,0,0,0,0,0,0,301,2026-02-04 21:33:28.531054
TGX,44.42,44.41,44.43,50000000.0,50000000.0,0,0,0,0,0,0,302,2026-02-04 21:33:29.590543
PHR,49.67,49.66,49.68,50000000.0,50000000.0,0,0,0,0,0,0,302,2026-02-04 21:33:29.590543
BYL,36.64,36.63,36.65,50000000.0,50000000.0,0,0,0,0,0,0,302,2026-02-04 21:33:29.590543
CLD,75.84,75.83,75.85,50000000.0,50000000.0,0,0,0,0,0,0,302,2026-02-04 21:33:29.590543
GGD,37.43,37.42,37.44,50000000.0,50000000.0,0,0,0,0,0,0,302,2026-02-04 21:33:29.590543
PNR,65.72,65.71,65.73,50000000.0,50000000.0,0,0,0,0,0,0,302,2026-02-04 21:33:29.590543
FSR,28.85,28.84,28.86,50000000.0,50000000.0,0,0,0,0,0,0,302,2026-02-04 21:33:29.590543
ATB,56.32,56.31,56.33,50000000.0,50000000.0,0,0,0,0,0,0,302,2026-02-04 21:33:29.590543
SPK,47.46,47.45,47.47,50000000.0,50000000.0,0,0,0,0,0,0,302,2026-02-04 21:33:29.590543
EEC,38.49,38.48,38.5,50000000.0,50000000.0,0,0,0,0,0,0,302,2026-02-04 21:33:29.590543
TGX,44.42,44.41,44.43,50000000.0,50000000.0,0,0,0,0,0,0,303,2026-02-04 21:33:30.641086,32.0,1.0,302.0,D4-FSR/ATB,OCC Raises Operational Risk Concerns,Office of Comptroller of Currency requests additional operational integration and compliance plans.
PHR,50.41,50.4,50.42,50000000.0,50000000.0,0,0,0,0,0,0,303,2026-02-04 21:33:30.641086,,,,,,
BYL,36.54,36.53,36.55,50000000.0,50000000.0,0,0,0,0,0,0,303,2026-02-04 21:33:30.641086,,,,,,
CLD,75.43,75.42,75.44,50000000.0,50000000.0,0,0,0,0,0,0,303,2026-02-04 21:33:30.641086,,,,,,
GGD,37.45,37.44,37.46,50000000.0,50000000.0,0,0,0,0,0,0,303,2026-02-04 21:33:30.641086,,,,,,
PNR,65.67,65.66,65.68,50000000.0,50000000.0,0,0,0,0,0,0,303,2026-02-04 21:33:30.641086,,,,,,
FSR,28.89,28.88,28.9,50000000.0,50000000.0,0,0,0,0,0,0,303,2026-02-04 21:33:30.641086,,,,,,
ATB,56.05,56.04,56.06,50000000.0,50000000.0,0,0,0,0,0,0,303,2026-02-04 21:33:30.641086,,,,,,
SPK,47.55,47.54,47.56,50000000.0,50000000.0,0,0,0,0,0,0,303,2026-02-04 21:33:30.641086,,,,,,
EEC,38.49,38.48,38.5,50000000.0,50000000.0,0,0,0,0,0,0,303,2026-02-04 21:33:30.641086,,,,,,
TGX,44.43,44.42,44.44,50000000.0,50000000.0,0,0,0,0,0,0,304,2026-02-04 21:33:31.712207
PHR,50.35,50.34,50.36,50000000.0,50000000.0,0,0,0,0,0,0,304,2026-02-04 21:33:31.712207
BYL,36.43,36.42,36.44,50000000.0,50000000.0,0,0,0,0,0,0,304,2026-02-04 21:33:31.712207
CLD,75.04,75.03,75.05,50000000.0,50000000.0,0,0,0,0,0,0,304,2026-02-04 21:33:31.712207
GGD,37.44,37.43,37.45,50000000.0,50000000.0,0,0,0,0,0,0,304,2026-02-04 21:33:31.712207
PNR,66.05,66.04,66.06,50000000.0,50000000.0,0,0,0,0,0,0,304,2026-02-04 21:33:31.712207
FSR,28.91,28.9,28.92,50000000.0,50000000.0,0,0,0,0,0,0,304,2026-02-04 21:33:31.712207
ATB,56.05,56.04,56.06,50000000.0,50000000.0,0,0,0,0,0,0,304,2026-02-04 21:33:31.712207
SPK,47.53,47.52,47.54,50000000.0,50000000.0,0,0,0,0,0,0,304,2026-02-04 21:33:31.712207
EEC,38.49,38.48,38.5,50000000.0,50000000.0,0,0,0,0,0,0,304,2026-02-04 21:33:31.712207
TGX,44.4,44.39,44.41,50000000.0,50000000.0,0,0,0,0,0,0,305,2026-02-04 21:33:32.754378
PHR,50.63,50.62,50.64,50000000.0,50000000.0,0,0,0,0,0,0,305,2026-02-04 21:33:32.754378
BYL,36.34,36.33,36.35,50000000.0,50000000.0,0,0,0,0,0,0,305,2026-02-04 21:33:32.754378
CLD,74.78,74.77,74.79,50000000.0,50000000.0,0,0,0,0,0,0,305,2026-02-04 21:33:32.754378
GGD,37.39,37.38,37.4,50000000.0,50000000.0,0,0,0,0,0,0,305,2026-02-04 21:33:32.754378
PNR,65.66,65.65,65.67,50000000.0,50000000.0,0,0,0,0,0,0,305,2026-02-04 21:33:32.754378
FSR,28.92,28.91,28.93,50000000.0,50000000.0,0,0,0,0,0,0,305,2026-02-04 21:33:32.754378
ATB,56.15,56.14,56.16,50000000.0,50000000.0,0,0,0,0,0,0,305,2026-02-04 21:33:32.754378
SPK,47.61,47.6,47.62,50000000.0,50000000.0,0,0,0,0,0,0,305,2026-02-04 21:33:32.754378
EEC,38.61,38.6,38.62,50000000.0,50000000.0,0,0,0,0,0,0,305,2026-02-04 21:33:32.754378
TGX,44.42,44.41,44.43,50000000.0,50000000.0,0,0,0,0,0,0,306,2026-02-04 21:33:33.305747
PHR,50.65,50.64,50.66,50000000.0,50000000.0,0,0,0,0,0,0,306,2026-02-04 21:33:33.305747
BYL,36.16,36.15,36.17,50000000.0,50000000.0,0,0,0,0,0,0,306,2026-02-04 21:33:33.305747
CLD,74.2,74.19,74.21,50000000.0,50000000.0,0,0,0,0,0,0,306,2026-02-04 21:33:33.305747
GGD,37.38,37.37,37.39,50000000.0,50000000.0,0,0,0,0,0,0,306,2026-02-04 21:33:33.305747
PNR,65.7,65.69,65.71,50000000.0,50000000.0,0,0,0,0,0,0,306,2026-02-04 21:33:33.305747
FSR,28.93,28.92,28.94,50000000.0,50000000.0,0,0,0,0,0,0,306,2026-02-04 21:33:33.305747
ATB,56.44,56.43,56.45,50000000.0,50000000.0,0,0,0,0,0,0,306,2026-02-04 21:33:33.305747
SPK,47.79,47.78,47.8,50000000.0,50000000.0,0,0,0,0,0,0,306,2026-02-04 21:33:33.305747
EEC,38.93,38.92,38.94,50000000.0,50000000.0,0,0,0,0,0,0,306,2026-02-04 21:33:33.305747
TGX,44.4,44.39,44.41,50000000.0,50000000.0,0,0,0,0,0,0,307,2026-02-04 21:33:34.342146
PHR,50.03,50.02,50.04,50000000.0,50000000.0,0,0,0,0,0,0,307,2026-02-04 21:33:34.342146
BYL,36.11,36.1,36.12,50000000.0,50000000.0,0,0,0,0,0,0,307,2026-02-04 21:33:34.342146
CLD,74.11,74.1,74.12,50000000.0,50000000.0,0,0,0,0,0,0,307,2026-02-04 21:33:34.342146
GGD,37.37,37.36,37.38,50000000.0,50000000.0,0,0,0,0,0,0,307,2026-02-04 21:33:34.342146
PNR,65.4,65.39,65.41,50000000.0,50000000.0,0,0,0,0,0,0,307,2026-02-04 21:33:34.342146
FSR,28.92,28.91,28.93,50000000.0,50000000.0,0,0,0,0,0,0,307,2026-02-04 21:33:34.342146
ATB,56.54,56.53,56.55,50000000.0,50000000.0,0,0,0,0,0,0,307,2026-02-04 21:33:34.342146
SPK,47.68,47.67,47.69,50000000.0,50000000.0,0,0,0,0,0,0,307,2026-02-04 21:33:34.342146
EEC,38.74,38.73,38.75,50000000.0,50000000.0,0,0,0,0,0,0,307,2026-02-04 21:33:34.342146
TGX,44.46,44.45,44.47,50000000.0,50000000.0,0,0,0,0,0,0,308,2026-02-04 21:33:35.412712
PHR,49.61,49.6,49.62,50000000.0,50000000.0,0,0,0,0,0,0,308,2026-02-04 21:33:35.412712
BYL,36.04,36.03,36.05,50000000.0,50000000.0,0,0,0,0,0,0,308,2026-02-04 21:33:35.412712
CLD,73.93,73.92,73.94,50000000.0,50000000.0,0,0,0,0,0,0,308,2026-02-04 21:33:35.412712
GGD,37.34,37.33,37.35,50000000.0,50000000.0,0,0,0,0,0,0,308,2026-02-04 21:33:35.412712
PNR,65.26,65.25,65.27,50000000.0,50000000.0,0,0,0,0,0,0,308,2026-02-04 21:33:35.412712
FSR,28.95,28.94,28.96,50000000.0,50000000.0,0,0,0,0,0,0,308,2026-02-04 21:33:35.412712
ATB,56.31,56.3,56.32,50000000.0,50000000.0,0,0,0,0,0,0,308,2026-02-04 21:33:35.412712
SPK,47.64,47.63,47.65,50000000.0,50000000.0,0,0,0,0,0,0,308,2026-02-04 21:33:35.412712
EEC,38.63,38.62,38.64,50000000.0,50000000.0,0,0,0,0,0,0,308,2026-02-04 21:33:35.412712
TGX,44.5,44.49,44.51,50000000.0,50000000.0,0,0,0,0,0,0,309,2026-02-04 21:33:36.480292
PHR,49.89,49.88,49.9,50000000.0,50000000.0,0,0,0,0,0,0,309,2026-02-04 21:33:36.480292
BYL,35.9,35.89,35.91,50000000.0,50000000.0,0,0,0,0,0,0,309,2026-02-04 21:33:36.480292
CLD,73.4,73.39,73.41,50000000.0,50000000.0,0,0,0,0,0,0,309,2026-02-04 21:33:36.480292
GGD,37.27,37.26,37.28,50000000.0,50000000.0,0,0,0,0,0,0,309,2026-02-04 21:33:36.480292
PNR,65.03,65.02,65.04,50000000.0,50000000.0,0,0,0,0,0,0,309,2026-02-04 21:33:36.480292
FSR,28.98,28.97,28.99,50000000.0,50000000.0,0,0,0,0,0,0,309,2026-02-04 21:33:36.480292
ATB,56.59,56.58,56.6,50000000.0,50000000.0,0,0,0,0,0,0,309,2026-02-04 21:33:36.480292
SPK,47.4,47.39,47.41,50000000.0,50000000.0,0,0,0,0,0,0,309,2026-02-04 21:33:36.480292
EEC,38.31,38.3,38.32,50000000.0,50000000.0,0,0,0,0,0,0,309,2026-02-04 21:33:36.480292
TGX,44.52,44.51,44.53,50000000.0,50000000.0,0,0,0,0,0,0,310,2026-02-04 21:33:37.546905
PHR,49.76,49.75,49.77,50000000.0,50000000.0,0,0,0,0,0,0,310,2026-02-04 21:33:37.546905
BYL,35.99,35.98,36.0,50000000.0,50000000.0,0,0,0,0,0,0,310,2026-02-04 21:33:37.546905
CLD,73.81,73.8,73.82,50000000.0,50000000.0,0,0,0,0,0,0,310,2026-02-04 21:33:37.546905
GGD,37.23,37.22,37.24,50000000.0,50000000.0,0,0,0,0,0,0,310,2026-02-04 21:33:37.546905
PNR,65.01,65.0,65.02,50000000.0,50000000.0,0,0,0,0,0,0,310,2026-02-04 21:33:37.546905
FSR,28.92,28.91,28.93,50000000.0,50000000.0,0,0,0,0,0,0,310,2026-02-04 21:33:37.546905
ATB,56.72,56.71,56.73,50000000.0,50000000.0,0,0,0,0,0,0,310,2026-02-04 21:33:37.546905
SPK,47.38,47.37,47.39,50000000.0,50000000.0,0,0,0,0,0,0,310,2026-02-04 21:33:37.546905
EEC,38.32,38.31,38.33,50000000.0,50000000.0,0,0,0,0,0,0,310,2026-02-04 21:33:37.546905
TGX,44.57,44.56,44.58,50000000.0,50000000.0,0,0,0,0,0,0,311,2026-02-04 21:33:38.607567
PHR,50.15,50.14,50.16,50000000.0,50000000.0,0,0,0,0,0,0,311,2026-02-04 21:33:38.607567
BYL,36.12,36.11,36.13,50000000.0,50000000.0,0,0,0,0,0,0,311,2026-02-04 21:33:38.607567
CLD,74.24,74.23,74.25,50000000.0,50000000.0,0,0,0,0,0,0,311,2026-02-04 21:33:38.607567
GGD,37.21,37.2,37.22,50000000.0,50000000.0,0,0,0,0,0,0,311,2026-02-04 21:33:38.607567
PNR,65.23,65.22,65.24,50000000.0,50000000.0,0,0,0,0,0,0,311,2026-02-04 21:33:38.607567
FSR,28.92,28.91,28.93,50000000.0,50000000.0,0,0,0,0,0,0,311,2026-02-04 21:33:38.607567
ATB,56.74,56.73,56.75,50000000.0,50000000.0,0,0,0,0,0,0,311,2026-02-04 21:33:38.607567
SPK,47.33,47.32,47.34,50000000.0,50000000.0,0,0,0,0,0,0,311,2026-02-04 21:33:38.607567
EEC,38.14,38.13,38.15,50000000.0,50000000.0,0,0,0,0,0,0,311,2026-02-04 21:33:38.607567
TGX,44.56,44.55,44.57,50000000.0,50000000.0,0,0,0,0,0,0,312,2026-02-04 21:33:39.659474
PHR,50.11,50.1,50.12,50000000.0,50000000.0,0,0,0,0,0,0,312,2026-02-04 21:33:39.659474
BYL,35.99,35.98,36.0,50000000.0,50000000.0,0,0,0,0,0,0,312,2026-02-04 21:33:39.659474
CLD,73.92,73.91,73.93,50000000.0,50000000.0,0,0,0,0,0,0,312,2026-02-04 21:33:39.659474
GGD,37.13,37.12,37.14,50000000.0,50000000.0,0,0,0,0,0,0,312,2026-02-04 21:33:39.659474
PNR,64.98,64.97,64.99,50000000.0,50000000.0,0,0,0,0,0,0,312,2026-02-04 21:33:39.659474
FSR,28.93,28.92,28.94,50000000.0,50000000.0,0,0,0,0,0,0,312,2026-02-04 21:33:39.659474
ATB,56.59,56.58,56.6,50000000.0,50000000.0,0,0,0,0,0,0,312,2026-02-04 21:33:39.659474
SPK,47.33,47.32,47.34,50000000.0,50000000.0,0,0,0,0,0,0,312,2026-02-04 21:33:39.659474
EEC,38.15,38.14,38.16,50000000.0,50000000.0,0,0,0,0,0,0,312,2026-02-04 21:33:39.659474
TGX,44.58,44.57,44.59,50000000.0,50000000.0,0,0,0,0,0,0,313,2026-02-04 21:33:40.709930
PHR,49.82,49.81,49.83,50000000.0,50000000.0,0,0,0,0,0,0,313,2026-02-04 21:33:40.709930
BYL,36.02,36.01,36.03,50000000.0,50000000.0,0,0,0,0,0,0,313,2026-02-04 21:33:40.709930
CLD,74.05,74.04,74.06,50000000.0,50000000.0,0,0,0,0,0,0,313,2026-02-04 21:33:40.709930
GGD,37.09,37.08,37.1,50000000.0,50000000.0,0,0,0,0,0,0,313,2026-02-04 21:33:40.709930
PNR,64.97,64.96,64.98,50000000.0,50000000.0,0,0,0,0,0,0,313,2026-02-04 21:33:40.709930
FSR,30.7,30.69,30.71,50000000.0,50000000.0,0,0,0,0,0,0,313,2026-02-04 21:33:40.709930
ATB,56.42,56.41,56.43,50000000.0,50000000.0,0,0,0,0,0,0,313,2026-02-04 21:33:40.709930
SPK,47.49,47.48,47.5,50000000.0,50000000.0,0,0,0,0,0,0,313,2026-02-04 21:33:40.709930
EEC,38.45,38.44,38.46,50000000.0,50000000.0,0,0,0,0,0,0,313,2026-02-04 21:33:40.709930
TGX,44.55,44.54,44.56,50000000.0,50000000.0,0,0,0,0,0,0,314,2026-02-04 21:33:41.771273
PHR,49.91,49.9,49.92,50000000.0,50000000.0,0,0,0,0,0,0,314,2026-02-04 21:33:41.771273
BYL,35.97,35.96,35.98,50000000.0,50000000.0,0,0,0,0,0,0,314,2026-02-04 21:33:41.771273
CLD,73.92,73.91,73.93,50000000.0,50000000.0,0,0,0,0,0,0,314,2026-02-04 21:33:41.771273
GGD,37.0,36.99,37.01,50000000.0,50000000.0,0,0,0,0,0,0,314,2026-02-04 21:33:41.771273
PNR,64.67,64.66,64.68,50000000.0,50000000.0,0,0,0,0,0,0,314,2026-02-04 21:33:41.771273
FSR,30.66,30.65,30.67,50000000.0,50000000.0,0,0,0,0,0,0,314,2026-02-04 21:33:41.771273
ATB,56.67,56.66,56.68,50000000.0,50000000.0,0,0,0,0,0,0,314,2026-02-04 21:33:41.771273
SPK,47.55,47.54,47.56,50000000.0,50000000.0,0,0,0,0,0,0,314,2026-02-04 21:33:41.771273
EEC,38.4,38.39,38.41,50000000.0,50000000.0,0,0,0,0,0,0,314,2026-02-04 21:33:41.771273
TGX,44.53,44.52,44.54,50000000.0,50000000.0,0,0,0,0,0,0,315,2026-02-04 21:33:42.320717
PHR,49.94,49.93,49.95,50000000.0,50000000.0,0,0,0,0,0,0,315,2026-02-04 21:33:42.320717
BYL,35.93,35.92,35.94,50000000.0,50000000.0,0,0,0,0,0,0,315,2026-02-04 21:33:42.320717
CLD,73.84,73.83,73.85,50000000.0,50000000.0,0,0,0,0,0,0,315,2026-02-04 21:33:42.320717
GGD,37.05,37.04,37.06,50000000.0,50000000.0,0,0,0,0,0,0,315,2026-02-04 21:33:42.320717
PNR,64.61,64.6,64.62,50000000.0,50000000.0,0,0,0,0,0,0,315,2026-02-04 21:33:42.320717
FSR,30.61,30.6,30.62,50000000.0,50000000.0,0,0,0,0,0,0,315,2026-02-04 21:33:42.320717
ATB,56.83,56.82,56.84,50000000.0,50000000.0,0,0,0,0,0,0,315,2026-02-04 21:33:42.320717
SPK,47.66,47.65,47.67,50000000.0,50000000.0,0,0,0,0,0,0,315,2026-02-04 21:33:42.320717
EEC,38.64,38.63,38.65,50000000.0,50000000.0,0,0,0,0,0,0,315,2026-02-04 21:33:42.320717
TGX,44.51,44.5,44.52,50000000.0,50000000.0,0,0,0,0,0,0,316,2026-02-04 21:33:43.370985
PHR,49.99,49.98,50.0,50000000.0,50000000.0,0,0,0,0,0,0,316,2026-02-04 21:33:43.370985
BYL,35.92,35.91,35.93,50000000.0,50000000.0,0,0,0,0,0,0,316,2026-02-04 21:33:43.370985
CLD,73.69,73.68,73.7,50000000.0,50000000.0,0,0,0,0,0,0,316,2026-02-04 21:33:43.370985
GGD,37.13,37.12,37.14,50000000.0,50000000.0,0,0,0,0,0,0,316,2026-02-04 21:33:43.370985
PNR,64.81,64.8,64.82,50000000.0,50000000.0,0,0,0,0,0,0,316,2026-02-04 21:33:43.370985
FSR,30.6,30.59,30.61,50000000.0,50000000.0,0,0,0,0,0,0,316,2026-02-04 21:33:43.370985
ATB,57.12,57.11,57.13,50000000.0,50000000.0,0,0,0,0,0,0,316,2026-02-04 21:33:43.370985
SPK,47.8,47.79,47.81,50000000.0,50000000.0,0,0,0,0,0,0,316,2026-02-04 21:33:43.370985
EEC,38.79,38.78,38.8,50000000.0,50000000.0,0,0,0,0,0,0,316,2026-02-04 21:33:43.370985
TGX,44.55,44.54,44.56,50000000.0,50000000.0,0,0,0,0,0,0,317,2026-02-04 21:33:44.440044
PHR,50.07,50.06,50.08,50000000.0,50000000.0,0,0,0,0,0,0,317,2026-02-04 21:33:44.440044
BYL,35.94,35.93,35.95,50000000.0,50000000.0,0,0,0,0,0,0,317,2026-02-04 21:33:44.440044
CLD,73.85,73.84,73.86,50000000.0,50000000.0,0,0,0,0,0,0,317,2026-02-04 21:33:44.440044
GGD,35.91,35.9,35.92,50000000.0,50000000.0,0,0,0,0,0,0,317,2026-02-04 21:33:44.440044
PNR,64.85,64.84,64.86,50000000.0,50000000.0,0,0,0,0,0,0,317,2026-02-04 21:33:44.440044
FSR,30.58,30.57,30.59,50000000.0,50000000.0,0,0,0,0,0,0,317,2026-02-04 21:33:44.440044
ATB,56.99,56.98,57.0,50000000.0,50000000.0,0,0,0,0,0,0,317,2026-02-04 21:33:44.440044
SPK,47.7,47.69,47.71,50000000.0,50000000.0,0,0,0,0,0,0,317,2026-02-04 21:33:44.440044
EEC,38.76,38.75,38.77,50000000.0,50000000.0,0,0,0,0,0,0,317,2026-02-04 21:33:44.440044
TGX,44.55,44.54,44.56,50000000.0,50000000.0,0,0,0,0,0,0,318,2026-02-04 21:33:45.538311
PHR,49.44,49.43,49.45,50000000.0,50000000.0,0,0,0,0,0,0,318,2026-02-04 21:33:45.538311
BYL,36.02,36.01,36.03,50000000.0,50000000.0,0,0,0,0,0,0,318,2026-02-04 21:33:45.538311
CLD,74.15,74.14,74.16,50000000.0,50000000.0,0,0,0,0,0,0,318,2026-02-04 21:33:45.538311
GGD,35.94,35.93,35.95,50000000.0,50000000.0,0,0,0,0,0,0,318,2026-02-04 21:33:45.538311
PNR,65.1,65.09,65.11,50000000.0,50000000.0,0,0,0,0,0,0,318,2026-02-04 21:33:45.538311
FSR,30.63,30.62,30.64,50000000.0,50000000.0,0,0,0,0,0,0,318,2026-02-04 21:33:45.538311
ATB,56.97,56.96,56.98,50000000.0,50000000.0,0,0,0,0,0,0,318,2026-02-04 21:33:45.538311
SPK,47.73,47.72,47.74,50000000.0,50000000.0,0,0,0,0,0,0,318,2026-02-04 21:33:45.538311
EEC,38.74,38.73,38.75,50000000.0,50000000.0,0,0,0,0,0,0,318,2026-02-04 21:33:45.538311
TGX,44.57,44.56,44.58,50000000.0,50000000.0,0,0,0,0,0,0,319,2026-02-04 21:33:46.604496
PHR,49.67,49.66,49.68,50000000.0,50000000.0,0,0,0,0,0,0,319,2026-02-04 21:33:46.604496
BYL,36.11,36.1,36.12,50000000.0,50000000.0,0,0,0,0,0,0,319,2026-02-04 21:33:46.604496
CLD,74.34,74.33,74.35,50000000.0,50000000.0,0,0,0,0,0,0,319,2026-02-04 21:33:46.604496
GGD,35.97,35.96,35.98,50000000.0,50000000.0,0,0,0,0,0,0,319,2026-02-04 21:33:46.604496
PNR,64.8,64.79,64.81,50000000.0,50000000.0,0,0,0,0,0,0,319,2026-02-04 21:33:46.604496
FSR,30.61,30.6,30.62,50000000.0,50000000.0,0,0,0,0,0,0,319,2026-02-04 21:33:46.604496
ATB,57.01,57.0,57.02,50000000.0,50000000.0,0,0,0,0,0,0,319,2026-02-04 21:33:46.604496
SPK,47.76,47.75,47.77,50000000.0,50000000.0,0,0,0,0,0,0,319,2026-02-04 21:33:46.604496
EEC,38.83,38.82,38.84,50000000.0,50000000.0,0,0,0,0,0,0,319,2026-02-04 21:33:46.604496
TGX,44.59,44.58,44.6,50000000.0,50000000.0,0,0,0,0,0,0,320,2026-02-04 21:33:47.665995
PHR,50.1,50.09,50.11,50000000.0,50000000.0,0,0,0,0,0,0,320,2026-02-04 21:33:47.665995
BYL,36.05,36.04,36.06,50000000.0,50000000.0,0,0,0,0,0,0,320,2026-02-04 21:33:47.665995
CLD,74.1,74.09,74.11,50000000.0,50000000.0,0,0,0,0,0,0,320,2026-02-04 21:33:47.665995
GGD,34.7,34.69,34.71,50000000.0,50000000.0,0,0,0,0,0,0,320,2026-02-04 21:33:47.665995
PNR,64.67,64.66,64.68,50000000.0,50000000.0,0,0,0,0,0,0,320,2026-02-04 21:33:47.665995
FSR,30.55,30.54,30.56,50000000.0,50000000.0,0,0,0,0,0,0,320,2026-02-04 21:33:47.665995
ATB,57.06,57.05,57.07,50000000.0,50000000.0,0,0,0,0,0,0,320,2026-02-04 21:33:47.665995
SPK,47.76,47.75,47.77,50000000.0,50000000.0,0,0,0,0,0,0,320,2026-02-04 21:33:47.665995
EEC,38.83,38.82,38.84,50000000.0,50000000.0,0,0,0,0,0,0,320,2026-02-04 21:33:47.665995
TGX,44.58,44.57,44.59,50000000.0,50000000.0,0,0,0,0,0,0,321,2026-02-04 21:33:48.733318
PHR,50.26,50.25,50.27,50000000.0,50000000.0,0,0,0,0,0,0,321,2026-02-04 21:33:48.733318
BYL,36.0,35.99,36.01,50000000.0,50000000.0,0,0,0,0,0,0,321,2026-02-04 21:33:48.733318
CLD,74.06,74.05,74.07,50000000.0,50000000.0,0,0,0,0,0,0,321,2026-02-04 21:33:48.733318
GGD,34.6,34.59,34.61,50000000.0,50000000.0,0,0,0,0,0,0,321,2026-02-04 21:33:48.733318
PNR,64.31,64.3,64.32,50000000.0,50000000.0,0,0,0,0,0,0,321,2026-02-04 21:33:48.733318
FSR,30.53,30.52,30.54,50000000.0,50000000.0,0,0,0,0,0,0,321,2026-02-04 21:33:48.733318
ATB,57.04,57.03,57.05,50000000.0,50000000.0,0,0,0,0,0,0,321,2026-02-04 21:33:48.733318
SPK,47.64,47.63,47.65,50000000.0,50000000.0,0,0,0,0,0,0,321,2026-02-04 21:33:48.733318
EEC,38.59,38.58,38.6,50000000.0,50000000.0,0,0,0,0,0,0,321,2026-02-04 21:33:48.733318
TGX,44.57,44.56,44.58,50000000.0,50000000.0,0,0,0,0,0,0,322,2026-02-04 21:33:49.796310
PHR,50.24,50.23,50.25,50000000.0,50000000.0,0,0,0,0,0,0,322,2026-02-04 21:33:49.796310
BYL,35.91,35.9,35.92,50000000.0,50000000.0,0,0,0,0,0,0,322,2026-02-04 21:33:49.796310
CLD,73.84,73.83,73.85,50000000.0,50000000.0,0,0,0,0,0,0,322,2026-02-04 21:33:49.796310
GGD,33.28,33.27,33.29,50000000.0,50000000.0,0,0,0,0,0,0,322,2026-02-04 21:33:49.796310
PNR,63.66,63.65,63.67,50000000.0,50000000.0,0,0,0,0,0,0,322,2026-02-04 21:33:49.796310
FSR,30.54,30.53,30.55,50000000.0,50000000.0,0,0,0,0,0,0,322,2026-02-04 21:33:49.796310
ATB,56.98,56.97,56.99,50000000.0,50000000.0,0,0,0,0,0,0,322,2026-02-04 21:33:49.796310
SPK,47.68,47.67,47.69,50000000.0,50000000.0,0,0,0,0,0,0,322,2026-02-04 21:33:49.796310
EEC,38.7,38.69,38.71,50000000.0,50000000.0,0,0,0,0,0,0,322,2026-02-04 21:33:49.796310
TGX,44.56,44.55,44.57,50000000.0,50000000.0,0,0,0,0,0,0,323,2026-02-04 21:33:50.848629
PHR,50.4,50.39,50.41,50000000.0,50000000.0,0,0,0,0,0,0,323,2026-02-04 21:33:50.848629
BYL,35.99,35.98,36.0,50000000.0,50000000.0,0,0,0,0,0,0,323,2026-02-04 21:33:50.848629
CLD,74.2,74.19,74.21,50000000.0,50000000.0,0,0,0,0,0,0,323,2026-02-04 21:33:50.848629
GGD,33.26,33.25,33.27,50000000.0,50000000.0,0,0,0,0,0,0,323,2026-02-04 21:33:50.848629
PNR,63.75,63.74,63.76,50000000.0,50000000.0,0,0,0,0,0,0,323,2026-02-04 21:33:50.848629
FSR,32.24,32.23,32.25,50000000.0,50000000.0,0,0,0,0,0,0,323,2026-02-04 21:33:50.848629
ATB,56.78,56.77,56.79,50000000.0,50000000.0,0,0,0,0,0,0,323,2026-02-04 21:33:50.848629
SPK,47.62,47.61,47.63,50000000.0,50000000.0,0,0,0,0,0,0,323,2026-02-04 21:33:50.848629
EEC,38.59,38.58,38.6,50000000.0,50000000.0,0,0,0,0,0,0,323,2026-02-04 21:33:50.848629
TGX,44.54,44.53,44.55,50000000.0,50000000.0,0,0,0,0,0,0,324,2026-02-04 21:33:51.385975
PHR,50.4,50.39,50.41,50000000.0,50000000.0,0,0,0,0,0,0,324,2026-02-04 21:33:51.385975
BYL,35.82,35.81,35.83,50000000.0,50000000.0,0,0,0,0,0,0,324,2026-02-04 21:33:51.385975
CLD,73.56,73.55,73.57,50000000.0,50000000.0,0,0,0,0,0,0,324,2026-02-04 21:33:51.385975
GGD,31.23,31.22,31.24,50000000.0,50000000.0,0,0,0,0,0,0,324,2026-02-04 21:33:51.385975
PNR,63.44,63.43,63.45,50000000.0,50000000.0,0,0,0,0,0,0,324,2026-02-04 21:33:51.385975
FSR,32.25,32.24,32.26,50000000.0,50000000.0,0,0,0,0,0,0,324,2026-02-04 21:33:51.385975
ATB,56.7,56.69,56.71,50000000.0,50000000.0,0,0,0,0,0,0,324,2026-02-04 21:33:51.385975
SPK,47.54,47.53,47.55,50000000.0,50000000.0,0,0,0,0,0,0,324,2026-02-04 21:33:51.385975
EEC,38.38,38.37,38.39,50000000.0,50000000.0,0,0,0,0,0,0,324,2026-02-04 21:33:51.385975
TGX,44.51,44.5,44.52,50000000.0,50000000.0,0,0,0,0,0,0,325,2026-02-04 21:33:52.437508
PHR,50.17,50.16,50.18,50000000.0,50000000.0,0,0,0,0,0,0,325,2026-02-04 21:33:52.437508
BYL,35.81,35.8,35.82,50000000.0,50000000.0,0,0,0,0,0,0,325,2026-02-04 21:33:52.437508
CLD,73.37,73.36,73.38,50000000.0,50000000.0,0,0,0,0,0,0,325,2026-02-04 21:33:52.437508
GGD,31.23,31.22,31.24,50000000.0,50000000.0,0,0,0,0,0,0,325,2026-02-04 21:33:52.437508
PNR,63.34,63.33,63.35,50000000.0,50000000.0,0,0,0,0,0,0,325,2026-02-04 21:33:52.437508
FSR,32.34,32.33,32.35,50000000.0,50000000.0,0,0,0,0,0,0,325,2026-02-04 21:33:52.437508
ATB,56.73,56.72,56.74,50000000.0,50000000.0,0,0,0,0,0,0,325,2026-02-04 21:33:52.437508
SPK,47.65,47.64,47.66,50000000.0,50000000.0,0,0,0,0,0,0,325,2026-02-04 21:33:52.437508
EEC,38.59,38.58,38.6,50000000.0,50000000.0,0,0,0,0,0,0,325,2026-02-04 21:33:52.437508
TGX,44.45,44.44,44.46,50000000.0,50000000.0,0,0,0,0,0,0,326,2026-02-04 21:33:53.483404
PHR,50.12,50.11,50.13,50000000.0,50000000.0,0,0,0,0,0,0,326,2026-02-04 21:33:53.483404
BYL,35.92,35.91,35.93,50000000.0,50000000.0,0,0,0,0,0,0,326,2026-02-04 21:33:53.483404
CLD,73.73,73.72,73.74,50000000.0,50000000.0,0,0,0,0,0,0,326,2026-02-04 21:33:53.483404
GGD,31.24,31.23,31.25,50000000.0,50000000.0,0,0,0,0,0,0,326,2026-02-04 21:33:53.483404
PNR,63.02,63.01,63.03,50000000.0,50000000.0,0,0,0,0,0,0,326,2026-02-04 21:33:53.483404
FSR,32.34,32.33,32.35,50000000.0,50000000.0,0,0,0,0,0,0,326,2026-02-04 21:33:53.483404
ATB,56.81,56.8,56.82,50000000.0,50000000.0,0,0,0,0,0,0,326,2026-02-04 21:33:53.483404
SPK,47.69,47.68,47.7,50000000.0,50000000.0,0,0,0,0,0,0,326,2026-02-04 21:33:53.483404
EEC,38.75,38.74,38.76,50000000.0,50000000.0,0,0,0,0,0,0,326,2026-02-04 21:33:53.483404
TGX,44.43,44.42,44.44,50000000.0,50000000.0,0,0,0,0,0,0,327,2026-02-04 21:33:54.575551
PHR,50.94,50.93,50.95,50000000.0,50000000.0,0,0,0,0,0,0,327,2026-02-04 21:33:54.575551
BYL,35.83,35.82,35.84,50000000.0,50000000.0,0,0,0,0,0,0,327,2026-02-04 21:33:54.575551
CLD,73.37,73.36,73.38,50000000.0,50000000.0,0,0,0,0,0,0,327,2026-02-04 21:33:54.575551
GGD,31.32,31.31,31.33,50000000.0,50000000.0,0,0,0,0,0,0,327,2026-02-04 21:33:54.575551
PNR,63.54,63.53,63.55,50000000.0,50000000.0,0,0,0,0,0,0,327,2026-02-04 21:33:54.575551
FSR,32.33,32.32,32.34,50000000.0,50000000.0,0,0,0,0,0,0,327,2026-02-04 21:33:54.575551
ATB,56.88,56.87,56.89,50000000.0,50000000.0,0,0,0,0,0,0,327,2026-02-04 21:33:54.575551
SPK,47.53,47.52,47.54,50000000.0,50000000.0,0,0,0,0,0,0,327,2026-02-04 21:33:54.575551
EEC,38.44,38.43,38.45,50000000.0,50000000.0,0,0,0,0,0,0,327,2026-02-04 21:33:54.575551
TGX,44.46,44.45,44.47,50000000.0,50000000.0,0,0,0,0,0,0,328,2026-02-04 21:33:55.664833
PHR,51.1,51.09,51.11,50000000.0,50000000.0,0,0,0,0,0,0,328,2026-02-04 21:33:55.664833
BYL,35.92,35.91,35.93,50000000.0,50000000.0,0,0,0,0,0,0,328,2026-02-04 21:33:55.664833
CLD,73.8,73.79,73.81,50000000.0,50000000.0,0,0,0,0,0,0,328,2026-02-04 21:33:55.664833
GGD,31.32,31.31,31.33,50000000.0,50000000.0,0,0,0,0,0,0,328,2026-02-04 21:33:55.664833
PNR,63.27,63.26,63.28,50000000.0,50000000.0,0,0,0,0,0,0,328,2026-02-04 21:33:55.664833
FSR,32.28,32.27,32.29,50000000.0,50000000.0,0,0,0,0,0,0,328,2026-02-04 21:33:55.664833
ATB,56.85,56.84,56.86,50000000.0,50000000.0,0,0,0,0,0,0,328,2026-02-04 21:33:55.664833
SPK,47.54,47.53,47.55,50000000.0,50000000.0,0,0,0,0,0,0,328,2026-02-04 21:33:55.664833
EEC,38.55,38.54,38.56,50000000.0,50000000.0,0,0,0,0,0,0,328,2026-02-04 21:33:55.664833
TGX,44.44,44.43,44.45,50000000.0,50000000.0,0,0,0,0,0,0,329,2026-02-04 21:33:56.726237
PHR,51.02,51.01,51.03,50000000.0,50000000.0,0,0,0,0,0,0,329,2026-02-04 21:33:56.726237
BYL,35.88,35.87,35.89,50000000.0,50000000.0,0,0,0,0,0,0,329,2026-02-04 21:33:56.726237
CLD,73.48,73.47,73.49,50000000.0,50000000.0,0,0,0,0,0,0,329,2026-02-04 21:33:56.726237
GGD,31.26,31.25,31.27,50000000.0,50000000.0,0,0,0,0,0,0,329,2026-02-04 21:33:56.726237
PNR,62.71,62.7,62.72,50000000.0,50000000.0,0,0,0,0,0,0,329,2026-02-04 21:33:56.726237
FSR,32.36,32.35,32.37,50000000.0,50000000.0,0,0,0,0,0,0,329,2026-02-04 21:33:56.726237
ATB,56.99,56.98,57.0,50000000.0,50000000.0,0,0,0,0,0,0,329,2026-02-04 21:33:56.726237
SPK,47.57,47.56,47.58,50000000.0,50000000.0,0,0,0,0,0,0,329,2026-02-04 21:33:56.726237
EEC,38.58,38.57,38.59,50000000.0,50000000.0,0,0,0,0,0,0,329,2026-02-04 21:33:56.726237
TGX,44.43,44.42,44.44,50000000.0,50000000.0,0,0,0,0,0,0,330,2026-02-04 21:33:57.772501
PHR,50.63,50.62,50.64,50000000.0,50000000.0,0,0,0,0,0,0,330,2026-02-04 21:33:57.772501
BYL,35.85,35.84,35.86,50000000.0,50000000.0,0,0,0,0,0,0,330,2026-02-04 21:33:57.772501
CLD,73.18,73.17,73.19,50000000.0,50000000.0,0,0,0,0,0,0,330,2026-02-04 21:33:57.772501
GGD,31.23,31.22,31.24,50000000.0,50000000.0,0,0,0,0,0,0,330,2026-02-04 21:33:57.772501
PNR,62.66,62.65,62.67,50000000.0,50000000.0,0,0,0,0,0,0,330,2026-02-04 21:33:57.772501
FSR,32.33,32.32,32.34,50000000.0,50000000.0,0,0,0,0,0,0,330,2026-02-04 21:33:57.772501
ATB,56.98,56.97,56.99,50000000.0,50000000.0,0,0,0,0,0,0,330,2026-02-04 21:33:57.772501
SPK,47.43,47.42,47.44,50000000.0,50000000.0,0,0,0,0,0,0,330,2026-02-04 21:33:57.772501
EEC,38.47,38.46,38.48,50000000.0,50000000.0,0,0,0,0,0,0,330,2026-02-04 21:33:57.772501
TGX,44.39,44.38,44.4,50000000.0,50000000.0,0,0,0,0,0,0,331,2026-02-04 21:33:58.824782
PHR,50.95,50.94,50.96,50000000.0,50000000.0,0,0,0,0,0,0,331,2026-02-04 21:33:58.824782
BYL,35.78,35.77,35.79,50000000.0,50000000.0,0,0,0,0,0,0,331,2026-02-04 21:33:58.824782
CLD,72.95,72.94,72.96,50000000.0,50000000.0,0,0,0,0,0,0,331,2026-02-04 21:33:58.824782
GGD,31.34,31.33,31.35,50000000.0,50000000.0,0,0,0,0,0,0,331,2026-02-04 21:33:58.824782
PNR,63.01,63.0,63.02,50000000.0,50000000.0,0,0,0,0,0,0,331,2026-02-04 21:33:58.824782
FSR,32.28,32.27,32.29,50000000.0,50000000.0,0,0,0,0,0,0,331,2026-02-04 21:33:58.824782
ATB,57.24,57.23,57.25,50000000.0,50000000.0,0,0,0,0,0,0,331,2026-02-04 21:33:58.824782
SPK,47.42,47.41,47.43,50000000.0,50000000.0,0,0,0,0,0,0,331,2026-02-04 21:33:58.824782
EEC,38.48,38.47,38.49,50000000.0,50000000.0,0,0,0,0,0,0,331,2026-02-04 21:33:58.824782
TGX,44.47,44.46,44.48,50000000.0,50000000.0,0,0,0,0,0,0,332,2026-02-04 21:33:59.885490
PHR,51.26,51.25,51.27,50000000.0,50000000.0,0,0,0,0,0,0,332,2026-02-04 21:33:59.885490
BYL,35.82,35.81,35.83,50000000.0,50000000.0,0,0,0,0,0,0,332,2026-02-04 21:33:59.885490
CLD,73.36,73.35,73.37,50000000.0,50000000.0,0,0,0,0,0,0,332,2026-02-04 21:33:59.885490
GGD,31.32,31.31,31.33,50000000.0,50000000.0,0,0,0,0,0,0,332,2026-02-04 21:33:59.885490
PNR,63.18,63.17,63.19,50000000.0,50000000.0,0,0,0,0,0,0,332,2026-02-04 21:33:59.885490
FSR,32.26,32.25,32.27,50000000.0,50000000.0,0,0,0,0,0,0,332,2026-02-04 21:33:59.885490
ATB,57.63,57.62,57.64,50000000.0,50000000.0,0,0,0,0,0,0,332,2026-02-04 21:33:59.885490
SPK,47.5,47.49,47.51,50000000.0,50000000.0,0,0,0,0,0,0,332,2026-02-04 21:33:59.885490
EEC,38.64,38.63,38.65,50000000.0,50000000.0,0,0,0,0,0,0,332,2026-02-04 21:33:59.885490
TGX,44.47,44.46,44.48,50000000.0,50000000.0,0,0,0,0,0,0,333,2026-02-04 21:34:00.440792
PHR,50.96,50.95,50.97,50000000.0,50000000.0,0,0,0,0,0,0,333,2026-02-04 21:34:00.440792
BYL,35.57,35.56,35.58,50000000.0,50000000.0,0,0,0,0,0,0,333,2026-02-04 21:34:00.440792
CLD,72.65,72.64,72.66,50000000.0,50000000.0,0,0,0,0,0,0,333,2026-02-04 21:34:00.440792
GGD,31.31,31.3,31.32,50000000.0,50000000.0,0,0,0,0,0,0,333,2026-02-04 21:34:00.440792
PNR,63.3,63.29,63.31,50000000.0,50000000.0,0,0,0,0,0,0,333,2026-02-04 21:34:00.440792
FSR,32.2,32.19,32.21,50000000.0,50000000.0,0,0,0,0,0,0,333,2026-02-04 21:34:00.440792
ATB,57.7,57.69,57.71,50000000.0,50000000.0,0,0,0,0,0,0,333,2026-02-04 21:34:00.440792
SPK,47.46,47.45,47.47,50000000.0,50000000.0,0,0,0,0,0,0,333,2026-02-04 21:34:00.440792
EEC,38.6,38.59,38.61,50000000.0,50000000.0,0,0,0,0,0,0,333,2026-02-04 21:34:00.440792
TGX,44.44,44.43,44.45,50000000.0,50000000.0,0,0,0,0,0,0,334,2026-02-04 21:34:01.588131
PHR,51.37,51.36,51.38,50000000.0,50000000.0,0,0,0,0,0,0,334,2026-02-04 21:34:01.588131
BYL,35.47,35.46,35.48,50000000.0,50000000.0,0,0,0,0,0,0,334,2026-02-04 21:34:01.588131
CLD,72.38,72.37,72.39,50000000.0,50000000.0,0,0,0,0,0,0,334,2026-02-04 21:34:01.588131
GGD,31.44,31.43,31.45,50000000.0,50000000.0,0,0,0,0,0,0,334,2026-02-04 21:34:01.588131
PNR,63.8,63.79,63.81,50000000.0,50000000.0,0,0,0,0,0,0,334,2026-02-04 21:34:01.588131
FSR,32.37,32.36,32.38,50000000.0,50000000.0,0,0,0,0,0,0,334,2026-02-04 21:34:01.588131
ATB,57.45,57.44,57.46,50000000.0,50000000.0,0,0,0,0,0,0,334,2026-02-04 21:34:01.588131
SPK,47.45,47.44,47.46,50000000.0,50000000.0,0,0,0,0,0,0,334,2026-02-04 21:34:01.588131
EEC,38.56,38.55,38.57,50000000.0,50000000.0,0,0,0,0,0,0,334,2026-02-04 21:34:01.588131
TGX,44.43,44.42,44.44,50000000.0,50000000.0,0,0,0,0,0,0,335,2026-02-04 21:34:02.737204
PHR,51.36,51.35,51.37,50000000.0,50000000.0,0,0,0,0,0,0,335,2026-02-04 21:34:02.737204
BYL,35.45,35.44,35.46,50000000.0,50000000.0,0,0,0,0,0,0,335,2026-02-04 21:34:02.737204
CLD,72.28,72.27,72.29,50000000.0,50000000.0,0,0,0,0,0,0,335,2026-02-04 21:34:02.737204
GGD,31.4,31.39,31.41,50000000.0,50000000.0,0,0,0,0,0,0,335,2026-02-04 21:34:02.737204
PNR,64.25,64.24,64.26,50000000.0,50000000.0,0,0,0,0,0,0,335,2026-02-04 21:34:02.737204
FSR,32.37,32.36,32.38,50000000.0,50000000.0,0,0,0,0,0,0,335,2026-02-04 21:34:02.737204
ATB,57.27,57.26,57.28,50000000.0,50000000.0,0,0,0,0,0,0,335,2026-02-04 21:34:02.737204
SPK,47.53,47.52,47.54,50000000.0,50000000.0,0,0,0,0,0,0,335,2026-02-04 21:34:02.737204
EEC,38.72,38.71,38.73,50000000.0,50000000.0,0,0,0,0,0,0,335,2026-02-04 21:34:02.737204
TGX,44.42,44.41,44.43,50000000.0,50000000.0,0,0,0,0,0,0,336,2026-02-04 21:34:03.826208
PHR,52.21,52.2,52.22,50000000.0,50000000.0,0,0,0,0,0,0,336,2026-02-04 21:34:03.826208
BYL,35.55,35.54,35.56,50000000.0,50000000.0,0,0,0,0,0,0,336,2026-02-04 21:34:03.826208
CLD,72.71,72.7,72.72,50000000.0,50000000.0,0,0,0,0,0,0,336,2026-02-04 21:34:03.826208
GGD,31.4,31.39,31.41,50000000.0,50000000.0,0,0,0,0,0,0,336,2026-02-04 21:34:03.826208
PNR,64.2,64.19,64.21,50000000.0,50000000.0,0,0,0,0,0,0,336,2026-02-04 21:34:03.826208
FSR,32.38,32.37,32.39,50000000.0,50000000.0,0,0,0,0,0,0,336,2026-02-04 21:34:03.826208
ATB,57.43,57.42,57.44,50000000.0,50000000.0,0,0,0,0,0,0,336,2026-02-04 21:34:03.826208
SPK,47.44,47.43,47.45,50000000.0,50000000.0,0,0,0,0,0,0,336,2026-02-04 21:34:03.826208
EEC,38.57,38.56,38.58,50000000.0,50000000.0,0,0,0,0,0,0,336,2026-02-04 21:34:03.826208
TGX,44.46,44.45,44.47,50000000.0,50000000.0,0,0,0,0,0,0,337,2026-02-04 21:34:04.888170
PHR,51.91,51.9,51.92,50000000.0,50000000.0,0,0,0,0,0,0,337,2026-02-04 21:34:04.888170
BYL,35.58,35.57,35.59,50000000.0,50000000.0,0,0,0,0,0,0,337,2026-02-04 21:34:04.888170
CLD,72.75,72.74,72.76,50000000.0,50000000.0,0,0,0,0,0,0,337,2026-02-04 21:34:04.888170
GGD,31.37,31.36,31.38,50000000.0,50000000.0,0,0,0,0,0,0,337,2026-02-04 21:34:04.888170
PNR,63.7,63.69,63.71,50000000.0,50000000.0,0,0,0,0,0,0,337,2026-02-04 21:34:04.888170
FSR,32.35,32.34,32.36,50000000.0,50000000.0,0,0,0,0,0,0,337,2026-02-04 21:34:04.888170
ATB,57.41,57.4,57.42,50000000.0,50000000.0,0,0,0,0,0,0,337,2026-02-04 21:34:04.888170
SPK,47.59,47.58,47.6,50000000.0,50000000.0,0,0,0,0,0,0,337,2026-02-04 21:34:04.888170
EEC,38.68,38.67,38.69,50000000.0,50000000.0,0,0,0,0,0,0,337,2026-02-04 21:34:04.888170
TGX,44.48,44.47,44.49,50000000.0,50000000.0,0,0,0,0,0,0,338,2026-02-04 21:34:05.968449
PHR,51.67,51.66,51.68,50000000.0,50000000.0,0,0,0,0,0,0,338,2026-02-04 21:34:05.968449
BYL,35.65,35.64,35.66,50000000.0,50000000.0,0,0,0,0,0,0,338,2026-02-04 21:34:05.968449
CLD,72.93,72.92,72.94,50000000.0,50000000.0,0,0,0,0,0,0,338,2026-02-04 21:34:05.968449
GGD,31.35,31.34,31.36,50000000.0,50000000.0,0,0,0,0,0,0,338,2026-02-04 21:34:05.968449
PNR,63.82,63.81,63.83,50000000.0,50000000.0,0,0,0,0,0,0,338,2026-02-04 21:34:05.968449
FSR,32.28,32.27,32.29,50000000.0,50000000.0,0,0,0,0,0,0,338,2026-02-04 21:34:05.968449
ATB,57.38,57.37,57.39,50000000.0,50000000.0,0,0,0,0,0,0,338,2026-02-04 21:34:05.968449
SPK,47.59,47.58,47.6,50000000.0,50000000.0,0,0,0,0,0,0,338,2026-02-04 21:34:05.968449
EEC,38.7,38.69,38.71,50000000.0,50000000.0,0,0,0,0,0,0,338,2026-02-04 21:34:05.968449
TGX,44.48,44.47,44.49,50000000.0,50000000.0,0,0,0,0,0,0,339,2026-02-04 21:34:06.510498
PHR,52.18,52.17,52.19,50000000.0,50000000.0,0,0,0,0,0,0,339,2026-02-04 21:34:06.510498
BYL,35.61,35.6,35.62,50000000.0,50000000.0,0,0,0,0,0,0,339,2026-02-04 21:34:06.510498
CLD,72.72,72.71,72.73,50000000.0,50000000.0,0,0,0,0,0,0,339,2026-02-04 21:34:06.510498
GGD,31.3,31.29,31.31,50000000.0,50000000.0,0,0,0,0,0,0,339,2026-02-04 21:34:06.510498
PNR,63.7,63.69,63.71,50000000.0,50000000.0,0,0,0,0,0,0,339,2026-02-04 21:34:06.510498
FSR,32.26,32.25,32.27,50000000.0,50000000.0,0,0,0,0,0,0,339,2026-02-04 21:34:06.510498
ATB,57.42,57.41,57.43,50000000.0,50000000.0,0,0,0,0,0,0,339,2026-02-04 21:34:06.510498
SPK,47.61,47.6,47.62,50000000.0,50000000.0,0,0,0,0,0,0,339,2026-02-04 21:34:06.510498
EEC,38.7,38.69,38.71,50000000.0,50000000.0,0,0,0,0,0,0,339,2026-02-04 21:34:06.510498
TGX,44.47,44.46,44.48,50000000.0,50000000.0,0,0,0,0,0,0,340,2026-02-04 21:34:07.585120,33.0,1.0,339.0,ALL,Broad Market Sell-Off as Risk Sentiment Deteriorates,"A sharp sell-off has swept across global equity markets following a confluence of macroeconomic concerns, with the S&P 500 declining over two percent in early trading. Volatility indices have spiked to multi-month highs, and merger arbitrage spreads have widened across the board as risk capital retreats. Stock-for-stock transactions are experiencing particularly acute spread widening due to acquirer share price declines, while all-cash deals are seeing modest sympathy widening driven by general risk aversion. Deal completion timelines are not directly affected, but market conditions may influence board and shareholder sentiment."
PHR,51.53,51.52,51.54,50000000.0,50000000.0,0,0,0,0,0,0,340,2026-02-04 21:34:07.585120,,,,,,
BYL,35.8,35.79,35.81,50000000.0,50000000.0,0,0,0,0,0,0,340,2026-02-04 21:34:07.585120,,,,,,
CLD,73.24,73.23,73.25,50000000.0,50000000.0,0,0,0,0,0,0,340,2026-02-04 21:34:07.585120,,,,,,
GGD,31.26,31.25,31.27,50000000.0,50000000.0,0,0,0,0,0,0,340,2026-02-04 21:34:07.585120,,,,,,
PNR,63.63,63.62,63.64,50000000.0,50000000.0,0,0,0,0,0,0,340,2026-02-04 21:34:07.585120,,,,,,
FSR,32.23,32.22,32.24,50000000.0,50000000.0,0,0,0,0,0,0,340,2026-02-04 21:34:07.585120,,,,,,
ATB,57.48,57.47,57.49,50000000.0,50000000.0,0,0,0,0,0,0,340,2026-02-04 21:34:07.585120,,,,,,
SPK,47.55,47.54,47.56,50000000.0,50000000.0,0,0,0,0,0,0,340,2026-02-04 21:34:07.585120,,,,,,
EEC,38.56,38.55,38.57,50000000.0,50000000.0,0,0,0,0,0,0,340,2026-02-04 21:34:07.585120,,,,,,
TGX,44.5,44.49,44.51,50000000.0,50000000.0,0,0,0,0,0,0,341,2026-02-04 21:34:08.743867
PHR,51.2,51.19,51.21,50000000.0,50000000.0,0,0,0,0,0,0,341,2026-02-04 21:34:08.743867
BYL,35.88,35.87,35.89,50000000.0,50000000.0,0,0,0,0,0,0,341,2026-02-04 21:34:08.743867
CLD,73.8,73.79,73.81,50000000.0,50000000.0,0,0,0,0,0,0,341,2026-02-04 21:34:08.743867
GGD,31.23,31.22,31.24,50000000.0,50000000.0,0,0,0,0,0,0,341,2026-02-04 21:34:08.743867
PNR,63.68,63.67,63.69,50000000.0,50000000.0,0,0,0,0,0,0,341,2026-02-04 21:34:08.743867
FSR,32.2,32.19,32.21,50000000.0,50000000.0,0,0,0,0,0,0,341,2026-02-04 21:34:08.743867
ATB,57.59,57.58,57.6,50000000.0,50000000.0,0,0,0,0,0,0,341,2026-02-04 21:34:08.743867
SPK,47.46,47.45,47.47,50000000.0,50000000.0,0,0,0,0,0,0,341,2026-02-04 21:34:08.743867
EEC,38.39,38.38,38.4,50000000.0,50000000.0,0,0,0,0,0,0,341,2026-02-04 21:34:08.743867
TGX,44.46,44.45,44.47,50000000.0,50000000.0,0,0,0,0,0,0,342,2026-02-04 21:34:09.795413
PHR,51.48,51.47,51.49,50000000.0,50000000.0,0,0,0,0,0,0,342,2026-02-04 21:34:09.795413
BYL,35.84,35.83,35.85,50000000.0,50000000.0,0,0,0,0,0,0,342,2026-02-04 21:34:09.795413
CLD,73.69,73.68,73.7,50000000.0,50000000.0,0,0,0,0,0,0,342,2026-02-04 21:34:09.795413
GGD,31.2,31.19,31.21,50000000.0,50000000.0,0,0,0,0,0,0,342,2026-02-04 21:34:09.795413
PNR,63.5,63.49,63.51,50000000.0,50000000.0,0,0,0,0,0,0,342,2026-02-04 21:34:09.795413
FSR,32.26,32.25,32.27,50000000.0,50000000.0,0,0,0,0,0,0,342,2026-02-04 21:34:09.795413
ATB,57.67,57.66,57.68,50000000.0,50000000.0,0,0,0,0,0,0,342,2026-02-04 21:34:09.795413
SPK,47.54,47.53,47.55,50000000.0,50000000.0,0,0,0,0,0,0,342,2026-02-04 21:34:09.795413
EEC,38.54,38.53,38.55,50000000.0,50000000.0,0,0,0,0,0,0,342,2026-02-04 21:34:09.795413
TGX,44.49,44.48,44.5,50000000.0,50000000.0,0,0,0,0,0,0,343,2026-02-04 21:34:10.833818
PHR,51.8,51.79,51.81,50000000.0,50000000.0,0,0,0,0,0,0,343,2026-02-04 21:34:10.833818
BYL,35.99,35.98,36.0,50000000.0,50000000.0,0,0,0,0,0,0,343,2026-02-04 21:34:10.833818
CLD,74.22,74.21,74.23,50000000.0,50000000.0,0,0,0,0,0,0,343,2026-02-04 21:34:10.833818
GGD,31.24,31.23,31.25,50000000.0,50000000.0,0,0,0,0,0,0,343,2026-02-04 21:34:10.833818
PNR,63.8,63.79,63.81,50000000.0,50000000.0,0,0,0,0,0,0,343,2026-02-04 21:34:10.833818
FSR,32.27,32.26,32.28,50000000.0,50000000.0,0,0,0,0,0,0,343,2026-02-04 21:34:10.833818
ATB,57.6,57.59,57.61,50000000.0,50000000.0,0,0,0,0,0,0,343,2026-02-04 21:34:10.833818
SPK,47.51,47.5,47.52,50000000.0,50000000.0,0,0,0,0,0,0,343,2026-02-04 21:34:10.833818
EEC,38.43,38.42,38.44,50000000.0,50000000.0,0,0,0,0,0,0,343,2026-02-04 21:34:10.833818
TGX,44.55,44.54,44.56,50000000.0,50000000.0,0,0,0,0,0,0,344,2026-02-04 21:34:11.884307
PHR,51.49,51.48,51.5,50000000.0,50000000.0,0,0,0,0,0,0,344,2026-02-04 21:34:11.884307
BYL,35.88,35.87,35.89,50000000.0,50000000.0,0,0,0,0,0,0,344,2026-02-04 21:34:11.884307
CLD,73.83,73.82,73.84,50000000.0,50000000.0,0,0,0,0,0,0,344,2026-02-04 21:34:11.884307
GGD,31.27,31.26,31.28,50000000.0,50000000.0,0,0,0,0,0,0,344,2026-02-04 21:34:11.884307
PNR,64.04,64.03,64.05,50000000.0,50000000.0,0,0,0,0,0,0,344,2026-02-04 21:34:11.884307
FSR,32.26,32.25,32.27,50000000.0,50000000.0,0,0,0,0,0,0,344,2026-02-04 21:34:11.884307
ATB,57.93,57.92,57.94,50000000.0,50000000.0,0,0,0,0,0,0,344,2026-02-04 21:34:11.884307
SPK,47.58,47.57,47.59,50000000.0,50000000.0,0,0,0,0,0,0,344,2026-02-04 21:34:11.884307
EEC,38.63,38.62,38.64,50000000.0,50000000.0,0,0,0,0,0,0,344,2026-02-04 21:34:11.884307
TGX,44.54,44.53,44.55,50000000.0,50000000.0,0,0,0,0,0,0,345,2026-02-04 21:34:12.928524
PHR,51.88,51.87,51.89,50000000.0,50000000.0,0,0,0,0,0,0,345,2026-02-04 21:34:12.928524
BYL,35.97,35.96,35.98,50000000.0,50000000.0,0,0,0,0,0,0,345,2026-02-04 21:34:12.928524
CLD,74.08,74.07,74.09,50000000.0,50000000.0,0,0,0,0,0,0,345,2026-02-04 21:34:12.928524
GGD,31.46,31.45,31.47,50000000.0,50000000.0,0,0,0,0,0,0,345,2026-02-04 21:34:12.928524
PNR,64.23,64.22,64.24,50000000.0,50000000.0,0,0,0,0,0,0,345,2026-02-04 21:34:12.928524
FSR,32.28,32.27,32.29,50000000.0,50000000.0,0,0,0,0,0,0,345,2026-02-04 21:34:12.928524
ATB,57.91,57.9,57.92,50000000.0,50000000.0,0,0,0,0,0,0,345,2026-02-04 21:34:12.928524
SPK,47.72,47.71,47.73,50000000.0,50000000.0,0,0,0,0,0,0,345,2026-02-04 21:34:12.928524
EEC,38.83,38.82,38.84,50000000.0,50000000.0,0,0,0,0,0,0,345,2026-02-04 21:34:12.928524
TGX,44.54,44.53,44.55,50000000.0,50000000.0,0,0,0,0,0,0,346,2026-02-04 21:34:13.992703
PHR,51.99,51.98,52.0,50000000.0,50000000.0,0,0,0,0,0,0,346,2026-02-04 21:34:13.992703
BYL,35.88,35.87,35.89,50000000.0,50000000.0,0,0,0,0,0,0,346,2026-02-04 21:34:13.992703
CLD,73.71,73.7,73.72,50000000.0,50000000.0,0,0,0,0,0,0,346,2026-02-04 21:34:13.992703
GGD,31.44,31.43,31.45,50000000.0,50000000.0,0,0,0,0,0,0,346,2026-02-04 21:34:13.992703
PNR,64.14,64.13,64.15,50000000.0,50000000.0,0,0,0,0,0,0,346,2026-02-04 21:34:13.992703
FSR,32.29,32.28,32.3,50000000.0,50000000.0,0,0,0,0,0,0,346,2026-02-04 21:34:13.992703
ATB,57.69,57.68,57.7,50000000.0,50000000.0,0,0,0,0,0,0,346,2026-02-04 21:34:13.992703
SPK,47.68,47.67,47.69,50000000.0,50000000.0,0,0,0,0,0,0,346,2026-02-04 21:34:13.992703
EEC,38.78,38.77,38.79,50000000.0,50000000.0,0,0,0,0,0,0,346,2026-02-04 21:34:13.992703
TGX,44.51,44.5,44.52,50000000.0,50000000.0,0,0,0,0,0,0,347,2026-02-04 21:34:14.547196
PHR,51.71,51.7,51.72,50000000.0,50000000.0,0,0,0,0,0,0,347,2026-02-04 21:34:14.547196
BYL,35.83,35.82,35.84,50000000.0,50000000.0,0,0,0,0,0,0,347,2026-02-04 21:34:14.547196
CLD,73.74,73.73,73.75,50000000.0,50000000.0,0,0,0,0,0,0,347,2026-02-04 21:34:14.547196
GGD,31.37,31.36,31.38,50000000.0,50000000.0,0,0,0,0,0,0,347,2026-02-04 21:34:14.547196
PNR,64.1,64.09,64.11,50000000.0,50000000.0,0,0,0,0,0,0,347,2026-02-04 21:34:14.547196
FSR,32.27,32.26,32.28,50000000.0,50000000.0,0,0,0,0,0,0,347,2026-02-04 21:34:14.547196
ATB,57.82,57.81,57.83,50000000.0,50000000.0,0,0,0,0,0,0,347,2026-02-04 21:34:14.547196
SPK,47.66,47.65,47.67,50000000.0,50000000.0,0,0,0,0,0,0,347,2026-02-04 21:34:14.547196
EEC,38.85,38.84,38.86,50000000.0,50000000.0,0,0,0,0,0,0,347,2026-02-04 21:34:14.547196
TGX,44.48,44.47,44.49,50000000.0,50000000.0,0,0,0,0,0,0,348,2026-02-04 21:34:15.626265
PHR,52.06,52.05,52.07,50000000.0,50000000.0,0,0,0,0,0,0,348,2026-02-04 21:34:15.626265
BYL,35.86,35.85,35.87,50000000.0,50000000.0,0,0,0,0,0,0,348,2026-02-04 21:34:15.626265
CLD,73.94,73.93,73.95,50000000.0,50000000.0,0,0,0,0,0,0,348,2026-02-04 21:34:15.626265
GGD,31.26,31.25,31.27,50000000.0,50000000.0,0,0,0,0,0,0,348,2026-02-04 21:34:15.626265
PNR,63.75,63.74,63.76,50000000.0,50000000.0,0,0,0,0,0,0,348,2026-02-04 21:34:15.626265
FSR,32.22,32.21,32.23,50000000.0,50000000.0,0,0,0,0,0,0,348,2026-02-04 21:34:15.626265
ATB,58.06,58.05,58.07,50000000.0,50000000.0,0,0,0,0,0,0,348,2026-02-04 21:34:15.626265
SPK,47.76,47.75,47.77,50000000.0,50000000.0,0,0,0,0,0,0,348,2026-02-04 21:34:15.626265
EEC,39.01,39.0,39.02,50000000.0,50000000.0,0,0,0,0,0,0,348,2026-02-04 21:34:15.626265
TGX,44.52,44.51,44.53,50000000.0,50000000.0,0,0,0,0,0,0,349,2026-02-04 21:34:16.716851
PHR,52.11,52.1,52.12,50000000.0,50000000.0,0,0,0,0,0,0,349,2026-02-04 21:34:16.716851
BYL,35.77,35.76,35.78,50000000.0,50000000.0,0,0,0,0,0,0,349,2026-02-04 21:34:16.716851
CLD,73.46,73.45,73.47,50000000.0,50000000.0,0,0,0,0,0,0,349,2026-02-04 21:34:16.716851
GGD,31.35,31.34,31.36,50000000.0,50000000.0,0,0,0,0,0,0,349,2026-02-04 21:34:16.716851
PNR,63.65,63.64,63.66,50000000.0,50000000.0,0,0,0,0,0,0,349,2026-02-04 21:34:16.716851
FSR,32.3,32.29,32.31,50000000.0,50000000.0,0,0,0,0,0,0,349,2026-02-04 21:34:16.716851
ATB,58.24,58.23,58.25,50000000.0,50000000.0,0,0,0,0,0,0,349,2026-02-04 21:34:16.716851
SPK,47.84,47.83,47.85,50000000.0,50000000.0,0,0,0,0,0,0,349,2026-02-04 21:34:16.716851
EEC,39.14,39.13,39.15,50000000.0,50000000.0,0,0,0,0,0,0,349,2026-02-04 21:34:16.716851
TGX,44.51,44.5,44.52,50000000.0,50000000.0,0,0,0,0,0,0,350,2026-02-04 21:34:17.803289,34.0,1.0,349.0,D1-TGX/PHR,Industry Conference Generates Transaction Speculation,"Attendees at a major pharmaceutical conference report heightened corridor discussion regarding the Targenix/Pharmaco transaction, with mixed signals from industry executives and advisors. Some sources describe renewed interest from potential strategic parties, while others characterize the speculation as routine conference chatter without substantive backing. No formal approaches have been confirmed through regulatory filings."
PHR,51.92,51.91,51.93,50000000.0,50000000.0,0,0,0,0,0,0,350,2026-02-04 21:34:17.803289,,,,,,
BYL,35.85,35.84,35.86,50000000.0,50000000.0,0,0,0,0,0,0,350,2026-02-04 21:34:17.803289,,,,,,
CLD,73.74,73.73,73.75,50000000.0,50000000.0,0,0,0,0,0,0,350,2026-02-04 21:34:17.803289,,,,,,
GGD,31.39,31.38,31.4,50000000.0,50000000.0,0,0,0,0,0,0,350,2026-02-04 21:34:17.803289,,,,,,
PNR,63.82,63.81,63.83,50000000.0,50000000.0,0,0,0,0,0,0,350,2026-02-04 21:34:17.803289,,,,,,
FSR,32.3,32.29,32.31,50000000.0,50000000.0,0,0,0,0,0,0,350,2026-02-04 21:34:17.803289,,,,,,
ATB,58.4,58.39,58.41,50000000.0,50000000.0,0,0,0,0,0,0,350,2026-02-04 21:34:17.803289,,,,,,
SPK,47.7,47.69,47.71,50000000.0,50000000.0,0,0,0,0,0,0,350,2026-02-04 21:34:17.803289,,,,,,
EEC,38.92,38.91,38.93,50000000.0,50000000.0,0,0,0,0,0,0,350,2026-02-04 21:34:17.803289,,,,,,
TGX,44.53,44.52,44.54,50000000.0,50000000.0,0,0,0,0,0,0,351,2026-02-04 21:34:18.870912
PHR,52.18,52.17,52.19,50000000.0,50000000.0,0,0,0,0,0,0,351,2026-02-04 21:34:18.870912
BYL,35.65,35.64,35.66,50000000.0,50000000.0,0,0,0,0,0,0,351,2026-02-04 21:34:18.870912
CLD,73.11,73.1,73.12,50000000.0,50000000.0,0,0,0,0,0,0,351,2026-02-04 21:34:18.870912
GGD,31.4,31.39,31.41,50000000.0,50000000.0,0,0,0,0,0,0,351,2026-02-04 21:34:18.870912
PNR,63.9,63.89,63.91,50000000.0,50000000.0,0,0,0,0,0,0,351,2026-02-04 21:34:18.870912
FSR,32.26,32.25,32.27,50000000.0,50000000.0,0,0,0,0,0,0,351,2026-02-04 21:34:18.870912
ATB,58.49,58.48,58.5,50000000.0,50000000.0,0,0,0,0,0,0,351,2026-02-04 21:34:18.870912
SPK,47.73,47.72,47.74,50000000.0,50000000.0,0,0,0,0,0,0,351,2026-02-04 21:34:18.870912
EEC,38.92,38.91,38.93,50000000.0,50000000.0,0,0,0,0,0,0,351,2026-02-04 21:34:18.870912
TGX,44.56,44.55,44.57,50000000.0,50000000.0,0,0,0,0,0,0,352,2026-02-04 21:34:19.952933
PHR,52.03,52.02,52.04,50000000.0,50000000.0,0,0,0,0,0,0,352,2026-02-04 21:34:19.952933
BYL,35.68,35.67,35.69,50000000.0,50000000.0,0,0,0,0,0,0,352,2026-02-04 21:34:19.952933
CLD,73.14,73.13,73.15,50000000.0,50000000.0,0,0,0,0,0,0,352,2026-02-04 21:34:19.952933
GGD,31.41,31.4,31.42,50000000.0,50000000.0,0,0,0,0,0,0,352,2026-02-04 21:34:19.952933
PNR,63.76,63.75,63.77,50000000.0,50000000.0,0,0,0,0,0,0,352,2026-02-04 21:34:19.952933
FSR,32.33,32.32,32.34,50000000.0,50000000.0,0,0,0,0,0,0,352,2026-02-04 21:34:19.952933
ATB,58.66,58.65,58.67,50000000.0,50000000.0,0,0,0,0,0,0,352,2026-02-04 21:34:19.952933
SPK,47.69,47.68,47.7,50000000.0,50000000.0,0,0,0,0,0,0,352,2026-02-04 21:34:19.952933
EEC,38.7,38.69,38.71,50000000.0,50000000.0,0,0,0,0,0,0,352,2026-02-04 21:34:19.952933
TGX,44.54,44.53,44.55,50000000.0,50000000.0,0,0,0,0,0,0,353,2026-02-04 21:34:21.010226,35.0,1.0,352.0,D5-SPK/EEC,Termination Fee Structure,Agreement includes $150M termination fee for superior proposal and $75M regulatory failure fee.
PHR,51.62,51.61,51.63,50000000.0,50000000.0,0,0,0,0,0,0,353,2026-02-04 21:34:21.010226,,,,,,
BYL,35.6,35.59,35.61,50000000.0,50000000.0,0,0,0,0,0,0,353,2026-02-04 21:34:21.010226,,,,,,
CLD,72.98,72.97,72.99,50000000.0,50000000.0,0,0,0,0,0,0,353,2026-02-04 21:34:21.010226,,,,,,
GGD,31.35,31.34,31.36,50000000.0,50000000.0,0,0,0,0,0,0,353,2026-02-04 21:34:21.010226,,,,,,
PNR,63.3,63.29,63.31,50000000.0,50000000.0,0,0,0,0,0,0,353,2026-02-04 21:34:21.010226,,,,,,
FSR,32.34,32.33,32.35,50000000.0,50000000.0,0,0,0,0,0,0,353,2026-02-04 21:34:21.010226,,,,,,
ATB,58.44,58.43,58.45,50000000.0,50000000.0,0,0,0,0,0,0,353,2026-02-04 21:34:21.010226,,,,,,
SPK,47.61,47.6,47.62,50000000.0,50000000.0,0,0,0,0,0,0,353,2026-02-04 21:34:21.010226,,,,,,
EEC,38.6,38.59,38.61,50000000.0,50000000.0,0,0,0,0,0,0,353,2026-02-04 21:34:21.010226,,,,,,
TGX,44.54,44.53,44.55,50000000.0,50000000.0,0,0,0,0,0,0,354,2026-02-04 21:34:21.591218
PHR,51.62,51.61,51.63,50000000.0,50000000.0,0,0,0,0,0,0,354,2026-02-04 21:34:21.591218
BYL,35.78,35.77,35.79,50000000.0,50000000.0,0,0,0,0,0,0,354,2026-02-04 21:34:21.591218
CLD,73.61,73.6,73.62,50000000.0,50000000.0,0,0,0,0,0,0,354,2026-02-04 21:34:21.591218
GGD,31.42,31.41,31.43,50000000.0,50000000.0,0,0,0,0,0,0,354,2026-02-04 21:34:21.591218
PNR,63.28,63.27,63.29,50000000.0,50000000.0,0,0,0,0,0,0,354,2026-02-04 21:34:21.591218
FSR,32.42,32.41,32.43,50000000.0,50000000.0,0,0,0,0,0,0,354,2026-02-04 21:34:21.591218
ATB,58.46,58.45,58.47,50000000.0,50000000.0,0,0,0,0,0,0,354,2026-02-04 21:34:21.591218
SPK,47.56,47.55,47.57,50000000.0,50000000.0,0,0,0,0,0,0,354,2026-02-04 21:34:21.591218
EEC,38.5,38.49,38.51,50000000.0,50000000.0,0,0,0,0,0,0,354,2026-02-04 21:34:21.591218
TGX,44.51,44.5,44.52,50000000.0,50000000.0,0,0,0,0,0,0,355,2026-02-04 21:34:22.753456,36.0,1.0,354.0,D4-FSR/ATB,FinSure Sets Meeting for Shareholder Vote,Special meeting scheduled 50 days forward for shareholders to approve merger agreement.
PHR,51.3,51.29,51.31,50000000.0,50000000.0,0,0,0,0,0,0,355,2026-02-04 21:34:22.753456,,,,,,
BYL,35.78,35.77,35.79,50000000.0,50000000.0,0,0,0,0,0,0,355,2026-02-04 21:34:22.753456,,,,,,
CLD,73.7,73.69,73.71,50000000.0,50000000.0,0,0,0,0,0,0,355,2026-02-04 21:34:22.753456,,,,,,
GGD,31.46,31.45,31.47,50000000.0,50000000.0,0,0,0,0,0,0,355,2026-02-04 21:34:22.753456,,,,,,
PNR,63.56,63.55,63.57,50000000.0,50000000.0,0,0,0,0,0,0,355,2026-02-04 21:34:22.753456,,,,,,
FSR,32.35,32.34,32.36,50000000.0,50000000.0,0,0,0,0,0,0,355,2026-02-04 21:34:22.753456,,,,,,
ATB,58.41,58.4,58.42,50000000.0,50000000.0,0,0,0,0,0,0,355,2026-02-04 21:34:22.753456,,,,,,
SPK,47.61,47.6,47.62,50000000.0,50000000.0,0,0,0,0,0,0,355,2026-02-04 21:34:22.753456,,,,,,
EEC,38.58,38.57,38.59,50000000.0,50000000.0,0,0,0,0,0,0,355,2026-02-04 21:34:22.753456,,,,,,
TGX,44.51,44.5,44.52,50000000.0,50000000.0,0,0,0,0,0,0,356,2026-02-04 21:34:23.826188,37.0,1.0,355.0,ALL,Equity Markets Rally on Improved Risk Appetite,"Global equity markets have rallied broadly, with major indices posting their strongest weekly gains in several months. The improved risk sentiment has been accompanied by a compression of merger arbitrage spreads, as deal completion confidence benefits from the constructive market backdrop. Stock-for-stock transactions are seeing the largest spread narrowing as acquirer share prices appreciate, directly improving deal economics for target shareholders. All-cash deals are also benefiting from reduced risk premium demands and improved financing market conditions."
PHR,51.17,51.16,51.18,50000000.0,50000000.0,0,0,0,0,0,0,356,2026-02-04 21:34:23.826188,,,,,,
BYL,35.78,35.77,35.79,50000000.0,50000000.0,0,0,0,0,0,0,356,2026-02-04 21:34:23.826188,,,,,,
CLD,73.72,73.71,73.73,50000000.0,50000000.0,0,0,0,0,0,0,356,2026-02-04 21:34:23.826188,,,,,,
GGD,31.58,31.57,31.59,50000000.0,50000000.0,0,0,0,0,0,0,356,2026-02-04 21:34:23.826188,,,,,,
PNR,64.05,64.04,64.06,50000000.0,50000000.0,0,0,0,0,0,0,356,2026-02-04 21:34:23.826188,,,,,,
FSR,32.3,32.29,32.31,50000000.0,50000000.0,0,0,0,0,0,0,356,2026-02-04 21:34:23.826188,,,,,,
ATB,58.37,58.36,58.38,50000000.0,50000000.0,0,0,0,0,0,0,356,2026-02-04 21:34:23.826188,,,,,,
SPK,47.59,47.58,47.6,50000000.0,50000000.0,0,0,0,0,0,0,356,2026-02-04 21:34:23.826188,,,,,,
EEC,38.63,38.62,38.64,50000000.0,50000000.0,0,0,0,0,0,0,356,2026-02-04 21:34:23.826188,,,,,,
TGX,44.54,44.53,44.55,50000000.0,50000000.0,0,0,0,0,0,0,357,2026-02-04 21:34:24.936667
PHR,50.97,50.96,50.98,50000000.0,50000000.0,0,0,0,0,0,0,357,2026-02-04 21:34:24.936667
BYL,35.69,35.68,35.7,50000000.0,50000000.0,0,0,0,0,0,0,357,2026-02-04 21:34:24.936667
CLD,73.37,73.36,73.38,50000000.0,50000000.0,0,0,0,0,0,0,357,2026-02-04 21:34:24.936667
GGD,30.46,30.45,30.47,50000000.0,50000000.0,0,0,0,0,0,0,357,2026-02-04 21:34:24.936667
PNR,64.16,64.15,64.17,50000000.0,50000000.0,0,0,0,0,0,0,357,2026-02-04 21:34:24.936667
FSR,32.42,32.41,32.43,50000000.0,50000000.0,0,0,0,0,0,0,357,2026-02-04 21:34:24.936667
ATB,58.22,58.21,58.23,50000000.0,50000000.0,0,0,0,0,0,0,357,2026-02-04 21:34:24.936667
SPK,47.47,47.46,47.48,50000000.0,50000000.0,0,0,0,0,0,0,357,2026-02-04 21:34:24.936667
EEC,38.36,38.35,38.37,50000000.0,50000000.0,0,0,0,0,0,0,357,2026-02-04 21:34:24.936667
TGX,44.5,44.49,44.51,50000000.0,50000000.0,0,0,0,0,0,0,358,2026-02-04 21:34:26.038196
PHR,50.42,50.41,50.43,50000000.0,50000000.0,0,0,0,0,0,0,358,2026-02-04 21:34:26.038196
BYL,35.76,35.75,35.77,50000000.0,50000000.0,0,0,0,0,0,0,358,2026-02-04 21:34:26.038196
CLD,73.75,73.74,73.76,50000000.0,50000000.0,0,0,0,0,0,0,358,2026-02-04 21:34:26.038196
GGD,30.39,30.38,30.4,50000000.0,50000000.0,0,0,0,0,0,0,358,2026-02-04 21:34:26.038196
PNR,64.03,64.02,64.04,50000000.0,50000000.0,0,0,0,0,0,0,358,2026-02-04 21:34:26.038196
FSR,31.76,31.75,31.77,50000000.0,50000000.0,0,0,0,0,0,0,358,2026-02-04 21:34:26.038196
ATB,58.29,58.28,58.3,50000000.0,50000000.0,0,0,0,0,0,0,358,2026-02-04 21:34:26.038196
SPK,47.27,47.26,47.28,50000000.0,50000000.0,0,0,0,0,0,0,358,2026-02-04 21:34:26.038196
EEC,38.1,38.09,38.11,50000000.0,50000000.0,0,0,0,0,0,0,358,2026-02-04 21:34:26.038196
TGX,44.5,44.49,44.51,50000000.0,50000000.0,0,0,0,0,0,0,359,2026-02-04 21:34:27.091719
PHR,50.39,50.38,50.4,50000000.0,50000000.0,0,0,0,0,0,0,359,2026-02-04 21:34:27.091719
BYL,35.69,35.68,35.7,50000000.0,50000000.0,0,0,0,0,0,0,359,2026-02-04 21:34:27.091719
CLD,73.7,73.69,73.71,50000000.0,50000000.0,0,0,0,0,0,0,359,2026-02-04 21:34:27.091719
GGD,30.48,30.47,30.49,50000000.0,50000000.0,0,0,0,0,0,0,359,2026-02-04 21:34:27.091719
PNR,64.11,64.1,64.12,50000000.0,50000000.0,0,0,0,0,0,0,359,2026-02-04 21:34:27.091719
FSR,31.88,31.87,31.89,50000000.0,50000000.0,0,0,0,0,0,0,359,2026-02-04 21:34:27.091719
ATB,58.25,58.24,58.26,50000000.0,50000000.0,0,0,0,0,0,0,359,2026-02-04 21:34:27.091719
SPK,47.18,47.17,47.19,50000000.0,50000000.0,0,0,0,0,0,0,359,2026-02-04 21:34:27.091719
EEC,37.89,37.88,37.9,50000000.0,50000000.0,0,0,0,0,0,0,359,2026-02-04 21:34:27.091719
TGX,44.45,44.44,44.46,50000000.0,50000000.0,0,0,0,0,0,0,360,2026-02-04 21:34:27.655509,39.0,1.0,359.0,D5-SPK/EEC,Outside Date Extended to Year-End,Parties extend outside date to December 31 allowing additional time for state approvals.
PHR,50.1,50.09,50.11,50000000.0,50000000.0,0,0,0,0,0,0,360,2026-02-04 21:34:27.655509,38.0,1.0,359.0,D1-TGX/PHR,Bridge Loan Replaced with Term Facility,"The company successfully refinances its bridge facility with a longer-dated term loan, improving financial flexibility post-closing."
BYL,35.68,35.67,35.69,50000000.0,50000000.0,0,0,0,0,0,0,360,2026-02-04 21:34:27.655509,,,,,,
CLD,73.59,73.58,73.6,50000000.0,50000000.0,0,0,0,0,0,0,360,2026-02-04 21:34:27.655509,,,,,,
GGD,30.57,30.56,30.58,50000000.0,50000000.0,0,0,0,0,0,0,360,2026-02-04 21:34:27.655509,,,,,,
PNR,64.86,64.85,64.87,50000000.0,50000000.0,0,0,0,0,0,0,360,2026-02-04 21:34:27.655509,,,,,,
FSR,31.84,31.83,31.85,50000000.0,50000000.0,0,0,0,0,0,0,360,2026-02-04 21:34:27.655509,,,,,,
ATB,58.55,58.54,58.56,50000000.0,50000000.0,0,0,0,0,0,0,360,2026-02-04 21:34:27.655509,,,,,,
SPK,46.93,46.92,46.94,50000000.0,50000000.0,0,0,0,0,0,0,360,2026-02-04 21:34:27.655509,,,,,,
EEC,37.56,37.55,37.57,50000000.0,50000000.0,0,0,0,0,0,0,360,2026-02-04 21:34:27.655509,,,,,,
TGX,44.5,44.49,44.51,50000000.0,50000000.0,0,0,0,0,0,0,361,2026-02-04 21:34:28.822721
PHR,49.74,49.73,49.75,50000000.0,50000000.0,0,0,0,0,0,0,361,2026-02-04 21:34:28.822721
BYL,35.64,35.63,35.65,50000000.0,50000000.0,0,0,0,0,0,0,361,2026-02-04 21:34:28.822721
CLD,73.45,73.44,73.46,50000000.0,50000000.0,0,0,0,0,0,0,361,2026-02-04 21:34:28.822721
GGD,30.5,30.49,30.51,50000000.0,50000000.0,0,0,0,0,0,0,361,2026-02-04 21:34:28.822721
PNR,64.22,64.21,64.23,50000000.0,50000000.0,0,0,0,0,0,0,361,2026-02-04 21:34:28.822721
FSR,31.9,31.89,31.91,50000000.0,50000000.0,0,0,0,0,0,0,361,2026-02-04 21:34:28.822721
ATB,58.76,58.75,58.77,50000000.0,50000000.0,0,0,0,0,0,0,361,2026-02-04 21:34:28.822721
SPK,47.09,47.08,47.1,50000000.0,50000000.0,0,0,0,0,0,0,361,2026-02-04 21:34:28.822721
EEC,37.91,37.9,37.92,50000000.0,50000000.0,0,0,0,0,0,0,361,2026-02-04 21:34:28.822721
TGX,44.44,44.43,44.45,50000000.0,50000000.0,0,0,0,0,0,0,362,2026-02-04 21:34:29.926884,40.0,1.0,361.0,D3-GGD/PNR,GreenGrid Engages Advisors for Strategic Review,"GreenGrid has reportedly retained a second financial advisor to conduct a parallel strategic review, a step that could indicate either a strengthening of the company's negotiating position within the existing deal or exploratory outreach to alternative parties. The engagement was not publicly announced and was identified through regulatory filing amendments. Market interpretation is divided, with some viewing this as standard deal-process diligence and others reading it as a signal of board-level dissatisfaction with current terms."
PHR,49.97,49.96,49.98,50000000.0,50000000.0,0,0,0,0,0,0,362,2026-02-04 21:34:29.926884,,,,,,
BYL,35.61,35.6,35.62,50000000.0,50000000.0,0,0,0,0,0,0,362,2026-02-04 21:34:29.926884,,,,,,
CLD,73.14,73.13,73.15,50000000.0,50000000.0,0,0,0,0,0,0,362,2026-02-04 21:34:29.926884,,,,,,
GGD,30.38,30.37,30.39,50000000.0,50000000.0,0,0,0,0,0,0,362,2026-02-04 21:34:29.926884,,,,,,
PNR,63.69,63.68,63.7,50000000.0,50000000.0,0,0,0,0,0,0,362,2026-02-04 21:34:29.926884,,,,,,
FSR,31.91,31.9,31.92,50000000.0,50000000.0,0,0,0,0,0,0,362,2026-02-04 21:34:29.926884,,,,,,
ATB,58.79,58.78,58.8,50000000.0,50000000.0,0,0,0,0,0,0,362,2026-02-04 21:34:29.926884,,,,,,
SPK,47.1,47.09,47.11,50000000.0,50000000.0,0,0,0,0,0,0,362,2026-02-04 21:34:29.926884,,,,,,
EEC,37.99,37.98,38.0,50000000.0,50000000.0,0,0,0,0,0,0,362,2026-02-04 21:34:29.926884,,,,,,
TGX,44.47,44.46,44.48,50000000.0,50000000.0,0,0,0,0,0,0,363,2026-02-04 21:34:31.053195
PHR,49.98,49.97,49.99,50000000.0,50000000.0,0,0,0,0,0,0,363,2026-02-04 21:34:31.053195
BYL,35.71,35.7,35.72,50000000.0,50000000.0,0,0,0,0,0,0,363,2026-02-04 21:34:31.053195
CLD,73.44,73.43,73.45,50000000.0,50000000.0,0,0,0,0,0,0,363,2026-02-04 21:34:31.053195
GGD,30.3,30.29,30.31,50000000.0,50000000.0,0,0,0,0,0,0,363,2026-02-04 21:34:31.053195
PNR,63.61,63.6,63.62,50000000.0,50000000.0,0,0,0,0,0,0,363,2026-02-04 21:34:31.053195
FSR,31.87,31.86,31.88,50000000.0,50000000.0,0,0,0,0,0,0,363,2026-02-04 21:34:31.053195
ATB,59.08,59.07,59.09,50000000.0,50000000.0,0,0,0,0,0,0,363,2026-02-04 21:34:31.053195
SPK,47.2,47.19,47.21,50000000.0,50000000.0,0,0,0,0,0,0,363,2026-02-04 21:34:31.053195
EEC,38.15,38.14,38.16,50000000.0,50000000.0,0,0,0,0,0,0,363,2026-02-04 21:34:31.053195
TGX,44.48,44.47,44.49,50000000.0,50000000.0,0,0,0,0,0,0,364,2026-02-04 21:34:32.107636
PHR,49.78,49.77,49.79,50000000.0,50000000.0,0,0,0,0,0,0,364,2026-02-04 21:34:32.107636
BYL,35.67,35.66,35.68,50000000.0,50000000.0,0,0,0,0,0,0,364,2026-02-04 21:34:32.107636
CLD,73.43,73.42,73.44,50000000.0,50000000.0,0,0,0,0,0,0,364,2026-02-04 21:34:32.107636
GGD,30.38,30.37,30.39,50000000.0,50000000.0,0,0,0,0,0,0,364,2026-02-04 21:34:32.107636
PNR,63.98,63.97,63.99,50000000.0,50000000.0,0,0,0,0,0,0,364,2026-02-04 21:34:32.107636
FSR,31.81,31.8,31.82,50000000.0,50000000.0,0,0,0,0,0,0,364,2026-02-04 21:34:32.107636
ATB,59.18,59.17,59.19,50000000.0,50000000.0,0,0,0,0,0,0,364,2026-02-04 21:34:32.107636
SPK,47.11,47.1,47.12,50000000.0,50000000.0,0,0,0,0,0,0,364,2026-02-04 21:34:32.107636
EEC,37.94,37.93,37.95,50000000.0,50000000.0,0,0,0,0,0,0,364,2026-02-04 21:34:32.107636
TGX,44.45,44.44,44.46,50000000.0,50000000.0,0,0,0,0,0,0,365,2026-02-04 21:34:32.654038
PHR,49.68,49.67,49.69,50000000.0,50000000.0,0,0,0,0,0,0,365,2026-02-04 21:34:32.654038
BYL,35.69,35.68,35.7,50000000.0,50000000.0,0,0,0,0,0,0,365,2026-02-04 21:34:32.654038
CLD,73.49,73.48,73.5,50000000.0,50000000.0,0,0,0,0,0,0,365,2026-02-04 21:34:32.654038
GGD,30.44,30.43,30.45,50000000.0,50000000.0,0,0,0,0,0,0,365,2026-02-04 21:34:32.654038
PNR,63.71,63.7,63.72,50000000.0,50000000.0,0,0,0,0,0,0,365,2026-02-04 21:34:32.654038
FSR,31.11,31.1,31.12,50000000.0,50000000.0,0,0,0,0,0,0,365,2026-02-04 21:34:32.654038
ATB,59.09,59.08,59.1,50000000.0,50000000.0,0,0,0,0,0,0,365,2026-02-04 21:34:32.654038
SPK,47.04,47.03,47.05,50000000.0,50000000.0,0,0,0,0,0,0,365,2026-02-04 21:34:32.654038
EEC,37.61,37.6,37.62,50000000.0,50000000.0,0,0,0,0,0,0,365,2026-02-04 21:34:32.654038
TGX,44.44,44.43,44.45,50000000.0,50000000.0,0,0,0,0,0,0,366,2026-02-04 21:34:33.795173
PHR,49.5,49.49,49.51,50000000.0,50000000.0,0,0,0,0,0,0,366,2026-02-04 21:34:33.795173
BYL,35.65,35.64,35.66,50000000.0,50000000.0,0,0,0,0,0,0,366,2026-02-04 21:34:33.795173
CLD,73.28,73.27,73.29,50000000.0,50000000.0,0,0,0,0,0,0,366,2026-02-04 21:34:33.795173
GGD,30.38,30.37,30.39,50000000.0,50000000.0,0,0,0,0,0,0,366,2026-02-04 21:34:33.795173
PNR,63.54,63.53,63.55,50000000.0,50000000.0,0,0,0,0,0,0,366,2026-02-04 21:34:33.795173
FSR,31.12,31.11,31.13,50000000.0,50000000.0,0,0,0,0,0,0,366,2026-02-04 21:34:33.795173
ATB,59.09,59.08,59.1,50000000.0,50000000.0,0,0,0,0,0,0,366,2026-02-04 21:34:33.795173
SPK,47.13,47.12,47.14,50000000.0,50000000.0,0,0,0,0,0,0,366,2026-02-04 21:34:33.795173
EEC,37.73,37.72,37.74,50000000.0,50000000.0,0,0,0,0,0,0,366,2026-02-04 21:34:33.795173
TGX,44.44,44.43,44.45,50000000.0,50000000.0,0,0,0,0,0,0,367,2026-02-04 21:34:34.904270
PHR,49.55,49.54,49.56,50000000.0,50000000.0,0,0,0,0,0,0,367,2026-02-04 21:34:34.904270
BYL,35.74,35.73,35.75,50000000.0,50000000.0,0,0,0,0,0,0,367,2026-02-04 21:34:34.904270
CLD,73.66,73.65,73.67,50000000.0,50000000.0,0,0,0,0,0,0,367,2026-02-04 21:34:34.904270
GGD,30.43,30.42,30.44,50000000.0,50000000.0,0,0,0,0,0,0,367,2026-02-04 21:34:34.904270
PNR,63.46,63.45,63.47,50000000.0,50000000.0,0,0,0,0,0,0,367,2026-02-04 21:34:34.904270
FSR,31.14,31.13,31.15,50000000.0,50000000.0,0,0,0,0,0,0,367,2026-02-04 21:34:34.904270
ATB,59.28,59.27,59.29,50000000.0,50000000.0,0,0,0,0,0,0,367,2026-02-04 21:34:34.904270
SPK,47.29,47.28,47.3,50000000.0,50000000.0,0,0,0,0,0,0,367,2026-02-04 21:34:34.904270
EEC,38.06,38.05,38.07,50000000.0,50000000.0,0,0,0,0,0,0,367,2026-02-04 21:34:34.904270
TGX,44.45,44.44,44.46,50000000.0,50000000.0,0,0,0,0,0,0,368,2026-02-04 21:34:35.972828
PHR,49.82,49.81,49.83,50000000.0,50000000.0,0,0,0,0,0,0,368,2026-02-04 21:34:35.972828
BYL,35.54,35.53,35.55,50000000.0,50000000.0,0,0,0,0,0,0,368,2026-02-04 21:34:35.972828
CLD,73.11,73.1,73.12,50000000.0,50000000.0,0,0,0,0,0,0,368,2026-02-04 21:34:35.972828
GGD,30.43,30.42,30.44,50000000.0,50000000.0,0,0,0,0,0,0,368,2026-02-04 21:34:35.972828
PNR,63.67,63.66,63.68,50000000.0,50000000.0,0,0,0,0,0,0,368,2026-02-04 21:34:35.972828
FSR,31.14,31.13,31.15,50000000.0,50000000.0,0,0,0,0,0,0,368,2026-02-04 21:34:35.972828
ATB,59.48,59.47,59.49,50000000.0,50000000.0,0,0,0,0,0,0,368,2026-02-04 21:34:35.972828
SPK,47.25,47.24,47.26,50000000.0,50000000.0,0,0,0,0,0,0,368,2026-02-04 21:34:35.972828
EEC,37.91,37.9,37.92,50000000.0,50000000.0,0,0,0,0,0,0,368,2026-02-04 21:34:35.972828
TGX,44.48,44.47,44.49,50000000.0,50000000.0,0,0,0,0,0,0,369,2026-02-04 21:34:37.028823
PHR,49.84,49.83,49.85,50000000.0,50000000.0,0,0,0,0,0,0,369,2026-02-04 21:34:37.028823
BYL,35.82,35.81,35.83,50000000.0,50000000.0,0,0,0,0,0,0,369,2026-02-04 21:34:37.028823
CLD,73.95,73.94,73.96,50000000.0,50000000.0,0,0,0,0,0,0,369,2026-02-04 21:34:37.028823
GGD,30.48,30.47,30.49,50000000.0,50000000.0,0,0,0,0,0,0,369,2026-02-04 21:34:37.028823
PNR,63.61,63.6,63.62,50000000.0,50000000.0,0,0,0,0,0,0,369,2026-02-04 21:34:37.028823
FSR,31.17,31.16,31.18,50000000.0,50000000.0,0,0,0,0,0,0,369,2026-02-04 21:34:37.028823
ATB,59.25,59.24,59.26,50000000.0,50000000.0,0,0,0,0,0,0,369,2026-02-04 21:34:37.028823
SPK,47.26,47.25,47.27,50000000.0,50000000.0,0,0,0,0,0,0,369,2026-02-04 21:34:37.028823
EEC,37.98,37.97,37.99,50000000.0,50000000.0,0,0,0,0,0,0,369,2026-02-04 21:34:37.028823
TGX,44.5,44.49,44.51,50000000.0,50000000.0,0,0,0,0,0,0,370,2026-02-04 21:34:38.093675
PHR,49.84,49.83,49.85,50000000.0,50000000.0,0,0,0,0,0,0,370,2026-02-04 21:34:38.093675
BYL,35.96,35.95,35.97,50000000.0,50000000.0,0,0,0,0,0,0,370,2026-02-04 21:34:38.093675
CLD,74.37,74.36,74.38,50000000.0,50000000.0,0,0,0,0,0,0,370,2026-02-04 21:34:38.093675
GGD,30.48,30.47,30.49,50000000.0,50000000.0,0,0,0,0,0,0,370,2026-02-04 21:34:38.093675
PNR,64.22,64.21,64.23,50000000.0,50000000.0,0,0,0,0,0,0,370,2026-02-04 21:34:38.093675
FSR,31.23,31.22,31.24,50000000.0,50000000.0,0,0,0,0,0,0,370,2026-02-04 21:34:38.093675
ATB,59.66,59.65,59.67,50000000.0,50000000.0,0,0,0,0,0,0,370,2026-02-04 21:34:38.093675
SPK,47.19,47.18,47.2,50000000.0,50000000.0,0,0,0,0,0,0,370,2026-02-04 21:34:38.093675
EEC,37.85,37.84,37.86,50000000.0,50000000.0,0,0,0,0,0,0,370,2026-02-04 21:34:38.093675
TGX,44.53,44.52,44.54,50000000.0,50000000.0,0,0,0,0,0,0,371,2026-02-04 21:34:39.149841
PHR,49.63,49.62,49.64,50000000.0,50000000.0,0,0,0,0,0,0,371,2026-02-04 21:34:39.149841
BYL,35.92,35.91,35.93,50000000.0,50000000.0,0,0,0,0,0,0,371,2026-02-04 21:34:39.149841
CLD,74.1,74.09,74.11,50000000.0,50000000.0,0,0,0,0,0,0,371,2026-02-04 21:34:39.149841
GGD,30.52,30.51,30.53,50000000.0,50000000.0,0,0,0,0,0,0,371,2026-02-04 21:34:39.149841
PNR,63.83,63.82,63.84,50000000.0,50000000.0,0,0,0,0,0,0,371,2026-02-04 21:34:39.149841
FSR,31.69,31.68,31.7,50000000.0,50000000.0,0,0,0,0,0,0,371,2026-02-04 21:34:39.149841
ATB,59.94,59.93,59.95,50000000.0,50000000.0,0,0,0,0,0,0,371,2026-02-04 21:34:39.149841
SPK,47.23,47.22,47.24,50000000.0,50000000.0,0,0,0,0,0,0,371,2026-02-04 21:34:39.149841
EEC,37.9,37.89,37.91,50000000.0,50000000.0,0,0,0,0,0,0,371,2026-02-04 21:34:39.149841
TGX,44.56,44.55,44.57,50000000.0,50000000.0,0,0,0,0,0,0,372,2026-02-04 21:34:39.702853
PHR,49.17,49.16,49.18,50000000.0,50000000.0,0,0,0,0,0,0,372,2026-02-04 21:34:39.702853
BYL,35.86,35.85,35.87,50000000.0,50000000.0,0,0,0,0,0,0,372,2026-02-04 21:34:39.702853
CLD,74.1,74.09,74.11,50000000.0,50000000.0,0,0,0,0,0,0,372,2026-02-04 21:34:39.702853
GGD,30.43,30.42,30.44,50000000.0,50000000.0,0,0,0,0,0,0,372,2026-02-04 21:34:39.702853
PNR,62.86,62.85,62.87,50000000.0,50000000.0,0,0,0,0,0,0,372,2026-02-04 21:34:39.702853
FSR,31.69,31.68,31.7,50000000.0,50000000.0,0,0,0,0,0,0,372,2026-02-04 21:34:39.702853
ATB,60.03,60.02,60.04,50000000.0,50000000.0,0,0,0,0,0,0,372,2026-02-04 21:34:39.702853
SPK,47.22,47.21,47.23,50000000.0,50000000.0,0,0,0,0,0,0,372,2026-02-04 21:34:39.702853
EEC,37.75,37.74,37.76,50000000.0,50000000.0,0,0,0,0,0,0,372,2026-02-04 21:34:39.702853
TGX,44.54,44.53,44.55,50000000.0,50000000.0,0,0,0,0,0,0,373,2026-02-04 21:34:40.803768
PHR,49.19,49.18,49.2,50000000.0,50000000.0,0,0,0,0,0,0,373,2026-02-04 21:34:40.803768
BYL,35.88,35.87,35.89,50000000.0,50000000.0,0,0,0,0,0,0,373,2026-02-04 21:34:40.803768
CLD,74.23,74.22,74.24,50000000.0,50000000.0,0,0,0,0,0,0,373,2026-02-04 21:34:40.803768
GGD,30.37,30.36,30.38,50000000.0,50000000.0,0,0,0,0,0,0,373,2026-02-04 21:34:40.803768
PNR,62.59,62.58,62.6,50000000.0,50000000.0,0,0,0,0,0,0,373,2026-02-04 21:34:40.803768
FSR,31.71,31.7,31.72,50000000.0,50000000.0,0,0,0,0,0,0,373,2026-02-04 21:34:40.803768
ATB,59.81,59.8,59.82,50000000.0,50000000.0,0,0,0,0,0,0,373,2026-02-04 21:34:40.803768
SPK,47.22,47.21,47.23,50000000.0,50000000.0,0,0,0,0,0,0,373,2026-02-04 21:34:40.803768
EEC,37.7,37.69,37.71,50000000.0,50000000.0,0,0,0,0,0,0,373,2026-02-04 21:34:40.803768
TGX,44.97,44.96,44.98,50000000.0,50000000.0,0,0,0,0,0,0,374,2026-02-04 21:34:41.910636
PHR,49.4,49.39,49.41,50000000.0,50000000.0,0,0,0,0,0,0,374,2026-02-04 21:34:41.910636
BYL,35.89,35.88,35.9,50000000.0,50000000.0,0,0,0,0,0,0,374,2026-02-04 21:34:41.910636
CLD,74.27,74.26,74.28,50000000.0,50000000.0,0,0,0,0,0,0,374,2026-02-04 21:34:41.910636
GGD,30.37,30.36,30.38,50000000.0,50000000.0,0,0,0,0,0,0,374,2026-02-04 21:34:41.910636
PNR,62.89,62.88,62.9,50000000.0,50000000.0,0,0,0,0,0,0,374,2026-02-04 21:34:41.910636
FSR,31.75,31.74,31.76,50000000.0,50000000.0,0,0,0,0,0,0,374,2026-02-04 21:34:41.910636
ATB,59.69,59.68,59.7,50000000.0,50000000.0,0,0,0,0,0,0,374,2026-02-04 21:34:41.910636
SPK,47.42,47.41,47.43,50000000.0,50000000.0,0,0,0,0,0,0,374,2026-02-04 21:34:41.910636
EEC,38.08,38.07,38.09,50000000.0,50000000.0,0,0,0,0,0,0,374,2026-02-04 21:34:41.910636
TGX,44.96,44.95,44.97,50000000.0,50000000.0,0,0,0,0,0,0,375,2026-02-04 21:34:42.982856
PHR,49.48,49.47,49.49,50000000.0,50000000.0,0,0,0,0,0,0,375,2026-02-04 21:34:42.982856
BYL,35.92,35.91,35.93,50000000.0,50000000.0,0,0,0,0,0,0,375,2026-02-04 21:34:42.982856
CLD,74.36,74.35,74.37,50000000.0,50000000.0,0,0,0,0,0,0,375,2026-02-04 21:34:42.982856
GGD,30.43,30.42,30.44,50000000.0,50000000.0,0,0,0,0,0,0,375,2026-02-04 21:34:42.982856
PNR,62.83,62.82,62.84,50000000.0,50000000.0,0,0,0,0,0,0,375,2026-02-04 21:34:42.982856
FSR,31.81,31.8,31.82,50000000.0,50000000.0,0,0,0,0,0,0,375,2026-02-04 21:34:42.982856
ATB,59.68,59.67,59.69,50000000.0,50000000.0,0,0,0,0,0,0,375,2026-02-04 21:34:42.982856
SPK,47.63,47.63,47.65,50000000.0,50000000.0,0,0,0,0,0,0,375,2026-02-04 21:34:42.982856
EEC,38.0,37.99,38.01,50000000.0,50000000.0,0,0,0,0,0,0,375,2026-02-04 21:34:42.982856
TGX,44.97,44.96,44.98,50000000.0,50000000.0,0,0,0,0,0,0,376,2026-02-04 21:34:44.066123
PHR,49.53,49.52,49.54,50000000.0,50000000.0,0,0,0,0,0,0,376,2026-02-04 21:34:44.066123
BYL,35.97,35.96,35.98,50000000.0,50000000.0,0,0,0,0,0,0,376,2026-02-04 21:34:44.066123
CLD,74.56,74.55,74.57,50000000.0,50000000.0,0,0,0,0,0,0,376,2026-02-04 21:34:44.066123
GGD,30.43,30.42,30.44,50000000.0,50000000.0,0,0,0,0,0,0,376,2026-02-04 21:34:44.066123
PNR,62.82,62.81,62.83,50000000.0,50000000.0,0,0,0,0,0,0,376,2026-02-04 21:34:44.066123
FSR,31.87,31.86,31.88,50000000.0,50000000.0,0,0,0,0,0,0,376,2026-02-04 21:34:44.066123
ATB,59.99,59.98,60.0,50000000.0,50000000.0,0,0,0,0,0,0,376,2026-02-04 21:34:44.066123
SPK,47.66,47.66,47.68,50000000.0,50000000.0,0,0,0,0,0,0,376,2026-02-04 21:34:44.066123
EEC,38.16,38.15,38.17,50000000.0,50000000.0,0,0,0,0,0,0,376,2026-02-04 21:34:44.066123
TGX,44.95,44.94,44.96,50000000.0,50000000.0,0,0,0,0,0,0,377,2026-02-04 21:34:45.120700
PHR,50.14,50.13,50.15,50000000.0,50000000.0,0,0,0,0,0,0,377,2026-02-04 21:34:45.120700
BYL,35.87,35.86,35.88,50000000.0,50000000.0,0,0,0,0,0,0,377,2026-02-04 21:34:45.120700
CLD,74.08,74.07,74.09,50000000.0,50000000.0,0,0,0,0,0,0,377,2026-02-04 21:34:45.120700
GGD,30.39,30.38,30.4,50000000.0,50000000.0,0,0,0,0,0,0,377,2026-02-04 21:34:45.120700
PNR,62.44,62.43,62.45,50000000.0,50000000.0,0,0,0,0,0,0,377,2026-02-04 21:34:45.120700
FSR,31.88,31.87,31.89,50000000.0,50000000.0,0,0,0,0,0,0,377,2026-02-04 21:34:45.120700
ATB,60.01,60.0,60.02,50000000.0,50000000.0,0,0,0,0,0,0,377,2026-02-04 21:34:45.120700
SPK,47.69,47.69,47.71,50000000.0,50000000.0,0,0,0,0,0,0,377,2026-02-04 21:34:45.120700
EEC,38.16,38.15,38.17,50000000.0,50000000.0,0,0,0,0,0,0,377,2026-02-04 21:34:45.120700
TGX,45.0,44.99,45.01,50000000.0,50000000.0,0,0,0,0,0,0,378,2026-02-04 21:34:45.692426
PHR,50.66,50.65,50.67,50000000.0,50000000.0,0,0,0,0,0,0,378,2026-02-04 21:34:45.692426
BYL,35.8,35.79,35.81,50000000.0,50000000.0,0,0,0,0,0,0,378,2026-02-04 21:34:45.692426
CLD,73.96,73.95,73.97,50000000.0,50000000.0,0,0,0,0,0,0,378,2026-02-04 21:34:45.692426
GGD,30.36,30.35,30.37,50000000.0,50000000.0,0,0,0,0,0,0,378,2026-02-04 21:34:45.692426
PNR,62.22,62.21,62.23,50000000.0,50000000.0,0,0,0,0,0,0,378,2026-02-04 21:34:45.692426
FSR,32.41,32.4,32.42,50000000.0,50000000.0,0,0,0,0,0,0,378,2026-02-04 21:34:45.692426
ATB,59.87,59.86,59.88,50000000.0,50000000.0,0,0,0,0,0,0,378,2026-02-04 21:34:45.692426
SPK,47.77,47.76,47.78,50000000.0,50000000.0,0,0,0,0,0,0,378,2026-02-04 21:34:45.692426
EEC,38.38,38.37,38.39,50000000.0,50000000.0,0,0,0,0,0,0,378,2026-02-04 21:34:45.692426
TGX,44.98,44.97,44.99,50000000.0,50000000.0,0,0,0,0,0,0,379,2026-02-04 21:34:46.812885
PHR,50.58,50.57,50.59,50000000.0,50000000.0,0,0,0,0,0,0,379,2026-02-04 21:34:46.812885
BYL,35.77,35.76,35.78,50000000.0,50000000.0,0,0,0,0,0,0,379,2026-02-04 21:34:46.812885
CLD,73.64,73.63,73.65,50000000.0,50000000.0,0,0,0,0,0,0,379,2026-02-04 21:34:46.812885
GGD,31.14,31.13,31.15,50000000.0,50000000.0,0,0,0,0,0,0,379,2026-02-04 21:34:46.812885
PNR,62.07,62.06,62.08,50000000.0,50000000.0,0,0,0,0,0,0,379,2026-02-04 21:34:46.812885
FSR,32.45,32.44,32.46,50000000.0,50000000.0,0,0,0,0,0,0,379,2026-02-04 21:34:46.812885
ATB,59.82,59.81,59.83,50000000.0,50000000.0,0,0,0,0,0,0,379,2026-02-04 21:34:46.812885
SPK,47.66,47.65,47.67,50000000.0,50000000.0,0,0,0,0,0,0,379,2026-02-04 21:34:46.812885
EEC,38.47,38.46,38.48,50000000.0,50000000.0,0,0,0,0,0,0,379,2026-02-04 21:34:46.812885
TGX,45.03,45.02,45.04,50000000.0,50000000.0,0,0,0,0,0,0,380,2026-02-04 21:34:47.968922
PHR,50.96,50.95,50.97,50000000.0,50000000.0,0,0,0,0,0,0,380,2026-02-04 21:34:47.968922
BYL,35.82,35.81,35.83,50000000.0,50000000.0,0,0,0,0,0,0,380,2026-02-04 21:34:47.968922
CLD,73.81,73.8,73.82,50000000.0,50000000.0,0,0,0,0,0,0,380,2026-02-04 21:34:47.968922
GGD,31.18,31.17,31.19,50000000.0,50000000.0,0,0,0,0,0,0,380,2026-02-04 21:34:47.968922
PNR,62.13,62.12,62.14,50000000.0,50000000.0,0,0,0,0,0,0,380,2026-02-04 21:34:47.968922
FSR,32.37,32.36,32.38,50000000.0,50000000.0,0,0,0,0,0,0,380,2026-02-04 21:34:47.968922
ATB,60.05,60.04,60.06,50000000.0,50000000.0,0,0,0,0,0,0,380,2026-02-04 21:34:47.968922
SPK,47.85,47.84,47.86,50000000.0,50000000.0,0,0,0,0,0,0,380,2026-02-04 21:34:47.968922
EEC,38.74,38.73,38.75,50000000.0,50000000.0,0,0,0,0,0,0,380,2026-02-04 21:34:47.968922
TGX,45.63,45.62,45.64,50000000.0,50000000.0,0,0,0,0,0,0,381,2026-02-04 21:34:49.022068
PHR,50.54,50.53,50.55,50000000.0,50000000.0,0,0,0,0,0,0,381,2026-02-04 21:34:49.022068
BYL,37.29,37.28,37.3,50000000.0,50000000.0,0,0,0,0,0,0,381,2026-02-04 21:34:49.022068
CLD,74.49,74.48,74.5,50000000.0,50000000.0,0,0,0,0,0,0,381,2026-02-04 21:34:49.022068
GGD,31.26,31.25,31.27,50000000.0,50000000.0,0,0,0,0,0,0,381,2026-02-04 21:34:49.022068
PNR,62.72,62.71,62.73,50000000.0,50000000.0,0,0,0,0,0,0,381,2026-02-04 21:34:49.022068
FSR,32.37,32.36,32.38,50000000.0,50000000.0,0,0,0,0,0,0,381,2026-02-04 21:34:49.022068
ATB,59.8,59.79,59.81,50000000.0,50000000.0,0,0,0,0,0,0,381,2026-02-04 21:34:49.022068
SPK,47.8,47.79,47.81,50000000.0,50000000.0,0,0,0,0,0,0,381,2026-02-04 21:34:49.022068
EEC,38.75,38.74,38.76,50000000.0,50000000.0,0,0,0,0,0,0,381,2026-02-04 21:34:49.022068
TGX,45.62,45.61,45.63,50000000.0,50000000.0,0,0,0,0,0,0,382,2026-02-04 21:34:50.072284
PHR,50.37,50.36,50.38,50000000.0,50000000.0,0,0,0,0,0,0,382,2026-02-04 21:34:50.072284
BYL,37.5,37.49,37.51,50000000.0,50000000.0,0,0,0,0,0,0,382,2026-02-04 21:34:50.072284
CLD,75.07,75.06,75.08,50000000.0,50000000.0,0,0,0,0,0,0,382,2026-02-04 21:34:50.072284
GGD,31.27,31.26,31.28,50000000.0,50000000.0,0,0,0,0,0,0,382,2026-02-04 21:34:50.072284
PNR,62.61,62.6,62.62,50000000.0,50000000.0,0,0,0,0,0,0,382,2026-02-04 21:34:50.072284
FSR,32.39,32.38,32.4,50000000.0,50000000.0,0,0,0,0,0,0,382,2026-02-04 21:34:50.072284
ATB,59.95,59.94,59.96,50000000.0,50000000.0,0,0,0,0,0,0,382,2026-02-04 21:34:50.072284
SPK,47.69,47.68,47.7,50000000.0,50000000.0,0,0,0,0,0,0,382,2026-02-04 21:34:50.072284
EEC,38.58,38.57,38.59,50000000.0,50000000.0,0,0,0,0,0,0,382,2026-02-04 21:34:50.072284
TGX,45.62,45.61,45.63,50000000.0,50000000.0,0,0,0,0,0,0,383,2026-02-04 21:34:51.116350
PHR,50.17,50.16,50.18,50000000.0,50000000.0,0,0,0,0,0,0,383,2026-02-04 21:34:51.116350
BYL,37.49,37.48,37.5,50000000.0,50000000.0,0,0,0,0,0,0,383,2026-02-04 21:34:51.116350
CLD,74.94,74.93,74.95,50000000.0,50000000.0,0,0,0,0,0,0,383,2026-02-04 21:34:51.116350
GGD,31.19,31.18,31.2,50000000.0,50000000.0,0,0,0,0,0,0,383,2026-02-04 21:34:51.116350
PNR,61.97,61.96,61.98,50000000.0,50000000.0,0,0,0,0,0,0,383,2026-02-04 21:34:51.116350
FSR,32.44,32.43,32.45,50000000.0,50000000.0,0,0,0,0,0,0,383,2026-02-04 21:34:51.116350
ATB,59.95,59.94,59.96,50000000.0,50000000.0,0,0,0,0,0,0,383,2026-02-04 21:34:51.116350
SPK,47.78,47.77,47.79,50000000.0,50000000.0,0,0,0,0,0,0,383,2026-02-04 21:34:51.116350
EEC,38.82,38.81,38.83,50000000.0,50000000.0,0,0,0,0,0,0,383,2026-02-04 21:34:51.116350
TGX,45.61,45.6,45.62,50000000.0,50000000.0,0,0,0,0,0,0,384,2026-02-04 21:34:52.174846
PHR,50.07,50.06,50.08,50000000.0,50000000.0,0,0,0,0,0,0,384,2026-02-04 21:34:52.174846
BYL,37.31,37.3,37.32,50000000.0,50000000.0,0,0,0,0,0,0,384,2026-02-04 21:34:52.174846
CLD,74.47,74.46,74.48,50000000.0,50000000.0,0,0,0,0,0,0,384,2026-02-04 21:34:52.174846
GGD,30.76,30.75,30.77,50000000.0,50000000.0,0,0,0,0,0,0,384,2026-02-04 21:34:52.174846
PNR,62.17,62.16,62.18,50000000.0,50000000.0,0,0,0,0,0,0,384,2026-02-04 21:34:52.174846
FSR,32.47,32.46,32.48,50000000.0,50000000.0,0,0,0,0,0,0,384,2026-02-04 21:34:52.174846
ATB,59.93,59.92,59.94,50000000.0,50000000.0,0,0,0,0,0,0,384,2026-02-04 21:34:52.174846
SPK,47.82,47.81,47.83,50000000.0,50000000.0,0,0,0,0,0,0,384,2026-02-04 21:34:52.174846
EEC,38.87,38.86,38.88,50000000.0,50000000.0,0,0,0,0,0,0,384,2026-02-04 21:34:52.174846
TGX,45.64,45.63,45.65,50000000.0,50000000.0,0,0,0,0,0,0,385,2026-02-04 21:34:52.738877
PHR,49.51,49.5,49.52,50000000.0,50000000.0,0,0,0,0,0,0,385,2026-02-04 21:34:52.738877
BYL,37.31,37.3,37.32,50000000.0,50000000.0,0,0,0,0,0,0,385,2026-02-04 21:34:52.738877
CLD,74.48,74.47,74.49,50000000.0,50000000.0,0,0,0,0,0,0,385,2026-02-04 21:34:52.738877
GGD,30.79,30.78,30.8,50000000.0,50000000.0,0,0,0,0,0,0,385,2026-02-04 21:34:52.738877
PNR,62.32,62.31,62.33,50000000.0,50000000.0,0,0,0,0,0,0,385,2026-02-04 21:34:52.738877
FSR,32.49,32.48,32.5,50000000.0,50000000.0,0,0,0,0,0,0,385,2026-02-04 21:34:52.738877
ATB,59.98,59.97,59.99,50000000.0,50000000.0,0,0,0,0,0,0,385,2026-02-04 21:34:52.738877
SPK,47.8,47.79,47.81,50000000.0,50000000.0,0,0,0,0,0,0,385,2026-02-04 21:34:52.738877
EEC,38.84,38.83,38.85,50000000.0,50000000.0,0,0,0,0,0,0,385,2026-02-04 21:34:52.738877
TGX,45.66,45.65,45.67,50000000.0,50000000.0,0,0,0,0,0,0,386,2026-02-04 21:34:53.863231
PHR,49.58,49.57,49.59,50000000.0,50000000.0,0,0,0,0,0,0,386,2026-02-04 21:34:53.863231
BYL,37.16,37.15,37.17,50000000.0,50000000.0,0,0,0,0,0,0,386,2026-02-04 21:34:53.863231
CLD,73.87,73.86,73.88,50000000.0,50000000.0,0,0,0,0,0,0,386,2026-02-04 21:34:53.863231
GGD,30.25,30.24,30.26,50000000.0,50000000.0,0,0,0,0,0,0,386,2026-02-04 21:34:53.863231
PNR,61.83,61.82,61.84,50000000.0,50000000.0,0,0,0,0,0,0,386,2026-02-04 21:34:53.863231
FSR,32.49,32.48,32.5,50000000.0,50000000.0,0,0,0,0,0,0,386,2026-02-04 21:34:53.863231
ATB,59.75,59.74,59.76,50000000.0,50000000.0,0,0,0,0,0,0,386,2026-02-04 21:34:53.863231
SPK,47.78,47.77,47.79,50000000.0,50000000.0,0,0,0,0,0,0,386,2026-02-04 21:34:53.863231
EEC,38.79,38.78,38.8,50000000.0,50000000.0,0,0,0,0,0,0,386,2026-02-04 21:34:53.863231
TGX,45.68,45.67,45.69,50000000.0,50000000.0,0,0,0,0,0,0,387,2026-02-04 21:34:54.947739
PHR,49.81,49.8,49.82,50000000.0,50000000.0,0,0,0,0,0,0,387,2026-02-04 21:34:54.947739
BYL,37.3,37.29,37.31,50000000.0,50000000.0,0,0,0,0,0,0,387,2026-02-04 21:34:54.947739
CLD,74.23,74.22,74.24,50000000.0,50000000.0,0,0,0,0,0,0,387,2026-02-04 21:34:54.947739
GGD,30.2,30.19,30.21,50000000.0,50000000.0,0,0,0,0,0,0,387,2026-02-04 21:34:54.947739
PNR,61.7,61.69,61.71,50000000.0,50000000.0,0,0,0,0,0,0,387,2026-02-04 21:34:54.947739
FSR,32.5,32.49,32.51,50000000.0,50000000.0,0,0,0,0,0,0,387,2026-02-04 21:34:54.947739
ATB,59.69,59.68,59.7,50000000.0,50000000.0,0,0,0,0,0,0,387,2026-02-04 21:34:54.947739
SPK,47.84,47.83,47.85,50000000.0,50000000.0,0,0,0,0,0,0,387,2026-02-04 21:34:54.947739
EEC,38.94,38.93,38.95,50000000.0,50000000.0,0,0,0,0,0,0,387,2026-02-04 21:34:54.947739
TGX,45.71,45.7,45.72,50000000.0,50000000.0,0,0,0,0,0,0,388,2026-02-04 21:34:56.009446
PHR,49.52,49.51,49.53,50000000.0,50000000.0,0,0,0,0,0,0,388,2026-02-04 21:34:56.009446
BYL,37.43,37.42,37.44,50000000.0,50000000.0,0,0,0,0,0,0,388,2026-02-04 21:34:56.009446
CLD,74.68,74.67,74.69,50000000.0,50000000.0,0,0,0,0,0,0,388,2026-02-04 21:34:56.009446
GGD,30.19,30.18,30.2,50000000.0,50000000.0,0,0,0,0,0,0,388,2026-02-04 21:34:56.009446
PNR,61.72,61.71,61.73,50000000.0,50000000.0,0,0,0,0,0,0,388,2026-02-04 21:34:56.009446
FSR,32.44,32.43,32.45,50000000.0,50000000.0,0,0,0,0,0,0,388,2026-02-04 21:34:56.009446
ATB,59.81,59.8,59.82,50000000.0,50000000.0,0,0,0,0,0,0,388,2026-02-04 21:34:56.009446
SPK,47.64,47.63,47.65,50000000.0,50000000.0,0,0,0,0,0,0,388,2026-02-04 21:34:56.009446
EEC,38.64,38.63,38.65,50000000.0,50000000.0,0,0,0,0,0,0,388,2026-02-04 21:34:56.009446
TGX,45.68,45.67,45.69,50000000.0,50000000.0,0,0,0,0,0,0,389,2026-02-04 21:34:57.063861
PHR,49.65,49.64,49.66,50000000.0,50000000.0,0,0,0,0,0,0,389,2026-02-04 21:34:57.063861
BYL,37.61,37.6,37.62,50000000.0,50000000.0,0,0,0,0,0,0,389,2026-02-04 21:34:57.063861
CLD,75.24,75.23,75.25,50000000.0,50000000.0,0,0,0,0,0,0,389,2026-02-04 21:34:57.063861
GGD,30.16,30.15,30.17,50000000.0,50000000.0,0,0,0,0,0,0,389,2026-02-04 21:34:57.063861
PNR,61.87,61.86,61.88,50000000.0,50000000.0,0,0,0,0,0,0,389,2026-02-04 21:34:57.063861
FSR,32.43,32.42,32.44,50000000.0,50000000.0,0,0,0,0,0,0,389,2026-02-04 21:34:57.063861
ATB,59.96,59.95,59.97,50000000.0,50000000.0,0,0,0,0,0,0,389,2026-02-04 21:34:57.063861
SPK,47.74,47.73,47.75,50000000.0,50000000.0,0,0,0,0,0,0,389,2026-02-04 21:34:57.063861
EEC,38.66,38.65,38.67,50000000.0,50000000.0,0,0,0,0,0,0,389,2026-02-04 21:34:57.063861
TGX,45.66,45.65,45.67,50000000.0,50000000.0,0,0,0,0,0,0,390,2026-02-04 21:34:58.114478
PHR,49.7,49.69,49.71,50000000.0,50000000.0,0,0,0,0,0,0,390,2026-02-04 21:34:58.114478
BYL,37.69,37.68,37.7,50000000.0,50000000.0,0,0,0,0,0,0,390,2026-02-04 21:34:58.114478
CLD,75.38,75.37,75.39,50000000.0,50000000.0,0,0,0,0,0,0,390,2026-02-04 21:34:58.114478
GGD,30.15,30.14,30.16,50000000.0,50000000.0,0,0,0,0,0,0,390,2026-02-04 21:34:58.114478
PNR,61.48,61.47,61.49,50000000.0,50000000.0,0,0,0,0,0,0,390,2026-02-04 21:34:58.114478
FSR,32.38,32.37,32.39,50000000.0,50000000.0,0,0,0,0,0,0,390,2026-02-04 21:34:58.114478
ATB,60.1,60.09,60.11,50000000.0,50000000.0,0,0,0,0,0,0,390,2026-02-04 21:34:58.114478
SPK,47.81,47.8,47.82,50000000.0,50000000.0,0,0,0,0,0,0,390,2026-02-04 21:34:58.114478
EEC,38.87,38.86,38.88,50000000.0,50000000.0,0,0,0,0,0,0,390,2026-02-04 21:34:58.114478
TGX,45.69,45.68,45.7,50000000.0,50000000.0,0,0,0,0,0,0,391,2026-02-04 21:34:59.201372
PHR,49.64,49.63,49.65,50000000.0,50000000.0,0,0,0,0,0,0,391,2026-02-04 21:34:59.201372
BYL,37.72,37.71,37.73,50000000.0,50000000.0,0,0,0,0,0,0,391,2026-02-04 21:34:59.201372
CLD,75.55,75.54,75.56,50000000.0,50000000.0,0,0,0,0,0,0,391,2026-02-04 21:34:59.201372
GGD,30.19,30.18,30.2,50000000.0,50000000.0,0,0,0,0,0,0,391,2026-02-04 21:34:59.201372
PNR,62.06,62.05,62.07,50000000.0,50000000.0,0,0,0,0,0,0,391,2026-02-04 21:34:59.201372
FSR,32.45,32.44,32.46,50000000.0,50000000.0,0,0,0,0,0,0,391,2026-02-04 21:34:59.201372
ATB,60.28,60.27,60.29,50000000.0,50000000.0,0,0,0,0,0,0,391,2026-02-04 21:34:59.201372
SPK,47.8,47.79,47.81,50000000.0,50000000.0,0,0,0,0,0,0,391,2026-02-04 21:34:59.201372
EEC,38.76,38.75,38.77,50000000.0,50000000.0,0,0,0,0,0,0,391,2026-02-04 21:34:59.201372
TGX,45.7,45.69,45.71,50000000.0,50000000.0,0,0,0,0,0,0,392,2026-02-04 21:34:59.816377
PHR,49.89,49.88,49.9,50000000.0,50000000.0,0,0,0,0,0,0,392,2026-02-04 21:34:59.816377
BYL,37.56,37.55,37.57,50000000.0,50000000.0,0,0,0,0,0,0,392,2026-02-04 21:34:59.816377
CLD,75.08,75.07,75.09,50000000.0,50000000.0,0,0,0,0,0,0,392,2026-02-04 21:34:59.816377
GGD,30.21,30.2,30.22,50000000.0,50000000.0,0,0,0,0,0,0,392,2026-02-04 21:34:59.816377
PNR,61.64,61.63,61.65,50000000.0,50000000.0,0,0,0,0,0,0,392,2026-02-04 21:34:59.816377
FSR,32.45,32.44,32.46,50000000.0,50000000.0,0,0,0,0,0,0,392,2026-02-04 21:34:59.816377
ATB,60.18,60.17,60.19,50000000.0,50000000.0,0,0,0,0,0,0,392,2026-02-04 21:34:59.816377
SPK,47.82,47.81,47.83,50000000.0,50000000.0,0,0,0,0,0,0,392,2026-02-04 21:34:59.816377
EEC,38.87,38.86,38.88,50000000.0,50000000.0,0,0,0,0,0,0,392,2026-02-04 21:34:59.816377
TGX,45.75,45.74,45.76,50000000.0,50000000.0,0,0,0,0,0,0,393,2026-02-04 21:35:00.927891
PHR,49.43,49.42,49.44,50000000.0,50000000.0,0,0,0,0,0,0,393,2026-02-04 21:35:00.927891
BYL,37.8,37.79,37.81,50000000.0,50000000.0,0,0,0,0,0,0,393,2026-02-04 21:35:00.927891
CLD,75.67,75.66,75.68,50000000.0,50000000.0,0,0,0,0,0,0,393,2026-02-04 21:35:00.927891
GGD,30.33,30.32,30.34,50000000.0,50000000.0,0,0,0,0,0,0,393,2026-02-04 21:35:00.927891
PNR,61.57,61.56,61.58,50000000.0,50000000.0,0,0,0,0,0,0,393,2026-02-04 21:35:00.927891
FSR,32.55,32.54,32.56,50000000.0,50000000.0,0,0,0,0,0,0,393,2026-02-04 21:35:00.927891
ATB,60.13,60.12,60.14,50000000.0,50000000.0,0,0,0,0,0,0,393,2026-02-04 21:35:00.927891
SPK,47.68,47.67,47.69,50000000.0,50000000.0,0,0,0,0,0,0,393,2026-02-04 21:35:00.927891
EEC,38.75,38.74,38.76,50000000.0,50000000.0,0,0,0,0,0,0,393,2026-02-04 21:35:00.927891
TGX,45.74,45.73,45.75,50000000.0,50000000.0,0,0,0,0,0,0,394,2026-02-04 21:35:02.080919
PHR,49.04,49.03,49.05,50000000.0,50000000.0,0,0,0,0,0,0,394,2026-02-04 21:35:02.080919
BYL,37.85,37.84,37.86,50000000.0,50000000.0,0,0,0,0,0,0,394,2026-02-04 21:35:02.080919
CLD,75.95,75.94,75.96,50000000.0,50000000.0,0,0,0,0,0,0,394,2026-02-04 21:35:02.080919
GGD,30.34,30.33,30.35,50000000.0,50000000.0,0,0,0,0,0,0,394,2026-02-04 21:35:02.080919
PNR,61.75,61.74,61.76,50000000.0,50000000.0,0,0,0,0,0,0,394,2026-02-04 21:35:02.080919
FSR,32.53,32.52,32.54,50000000.0,50000000.0,0,0,0,0,0,0,394,2026-02-04 21:35:02.080919
ATB,60.32,60.31,60.33,50000000.0,50000000.0,0,0,0,0,0,0,394,2026-02-04 21:35:02.080919
SPK,47.59,47.58,47.6,50000000.0,50000000.0,0,0,0,0,0,0,394,2026-02-04 21:35:02.080919
EEC,38.62,38.61,38.63,50000000.0,50000000.0,0,0,0,0,0,0,394,2026-02-04 21:35:02.080919
TGX,45.76,45.75,45.77,50000000.0,50000000.0,0,0,0,0,0,0,395,2026-02-04 21:35:03.125760
PHR,49.16,49.15,49.17,50000000.0,50000000.0,0,0,0,0,0,0,395,2026-02-04 21:35:03.125760
BYL,37.79,37.78,37.8,50000000.0,50000000.0,0,0,0,0,0,0,395,2026-02-04 21:35:03.125760
CLD,75.66,75.65,75.67,50000000.0,50000000.0,0,0,0,0,0,0,395,2026-02-04 21:35:03.125760
GGD,30.31,30.3,30.32,50000000.0,50000000.0,0,0,0,0,0,0,395,2026-02-04 21:35:03.125760
PNR,61.72,61.71,61.73,50000000.0,50000000.0,0,0,0,0,0,0,395,2026-02-04 21:35:03.125760
FSR,32.49,32.48,32.5,50000000.0,50000000.0,0,0,0,0,0,0,395,2026-02-04 21:35:03.125760
ATB,60.05,60.04,60.06,50000000.0,50000000.0,0,0,0,0,0,0,395,2026-02-04 21:35:03.125760
SPK,47.53,47.52,47.54,50000000.0,50000000.0,0,0,0,0,0,0,395,2026-02-04 21:35:03.125760
EEC,38.59,38.58,38.6,50000000.0,50000000.0,0,0,0,0,0,0,395,2026-02-04 21:35:03.125760
TGX,45.75,45.74,45.76,50000000.0,50000000.0,0,0,0,0,0,0,396,2026-02-04 21:35:04.186417
PHR,49.11,49.1,49.12,50000000.0,50000000.0,0,0,0,0,0,0,396,2026-02-04 21:35:04.186417
BYL,37.63,37.62,37.64,50000000.0,50000000.0,0,0,0,0,0,0,396,2026-02-04 21:35:04.186417
CLD,75.29,75.28,75.3,50000000.0,50000000.0,0,0,0,0,0,0,396,2026-02-04 21:35:04.186417
GGD,30.21,30.2,30.22,50000000.0,50000000.0,0,0,0,0,0,0,396,2026-02-04 21:35:04.186417
PNR,61.0,60.99,61.01,50000000.0,50000000.0,0,0,0,0,0,0,396,2026-02-04 21:35:04.186417
FSR,32.58,32.57,32.59,50000000.0,50000000.0,0,0,0,0,0,0,396,2026-02-04 21:35:04.186417
ATB,60.01,60.0,60.02,50000000.0,50000000.0,0,0,0,0,0,0,396,2026-02-04 21:35:04.186417
SPK,47.62,47.61,47.63,50000000.0,50000000.0,0,0,0,0,0,0,396,2026-02-04 21:35:04.186417
EEC,38.82,38.81,38.83,50000000.0,50000000.0,0,0,0,0,0,0,396,2026-02-04 21:35:04.186417
TGX,45.69,45.68,45.7,50000000.0,50000000.0,0,0,0,0,0,0,397,2026-02-04 21:35:05.238433
PHR,48.63,48.62,48.64,50000000.0,50000000.0,0,0,0,0,0,0,397,2026-02-04 21:35:05.238433
BYL,37.63,37.62,37.64,50000000.0,50000000.0,0,0,0,0,0,0,397,2026-02-04 21:35:05.238433
CLD,75.29,75.28,75.3,50000000.0,50000000.0,0,0,0,0,0,0,397,2026-02-04 21:35:05.238433
GGD,30.26,30.25,30.27,50000000.0,50000000.0,0,0,0,0,0,0,397,2026-02-04 21:35:05.238433
PNR,61.32,61.31,61.33,50000000.0,50000000.0,0,0,0,0,0,0,397,2026-02-04 21:35:05.238433
FSR,32.52,32.51,32.53,50000000.0,50000000.0,0,0,0,0,0,0,397,2026-02-04 21:35:05.238433
ATB,59.91,59.9,59.92,50000000.0,50000000.0,0,0,0,0,0,0,397,2026-02-04 21:35:05.238433
SPK,47.59,47.58,47.6,50000000.0,50000000.0,0,0,0,0,0,0,397,2026-02-04 21:35:05.238433
EEC,38.77,38.76,38.78,50000000.0,50000000.0,0,0,0,0,0,0,397,2026-02-04 21:35:05.238433
TGX,45.65,45.64,45.66,50000000.0,50000000.0,0,0,0,0,0,0,398,2026-02-04 21:35:06.290487
PHR,48.69,48.68,48.7,50000000.0,50000000.0,0,0,0,0,0,0,398,2026-02-04 21:35:06.290487
BYL,37.68,37.67,37.69,50000000.0,50000000.0,0,0,0,0,0,0,398,2026-02-04 21:35:06.290487
CLD,75.39,75.38,75.4,50000000.0,50000000.0,0,0,0,0,0,0,398,2026-02-04 21:35:06.290487
GGD,30.36,30.35,30.37,50000000.0,50000000.0,0,0,0,0,0,0,398,2026-02-04 21:35:06.290487
PNR,61.73,61.72,61.74,50000000.0,50000000.0,0,0,0,0,0,0,398,2026-02-04 21:35:06.290487
FSR,32.61,32.6,32.62,50000000.0,50000000.0,0,0,0,0,0,0,398,2026-02-04 21:35:06.290487
ATB,60.02,60.01,60.03,50000000.0,50000000.0,0,0,0,0,0,0,398,2026-02-04 21:35:06.290487
SPK,47.5,47.49,47.51,50000000.0,50000000.0,0,0,0,0,0,0,398,2026-02-04 21:35:06.290487
EEC,38.67,38.66,38.68,50000000.0,50000000.0,0,0,0,0,0,0,398,2026-02-04 21:35:06.290487
TGX,45.6,45.59,45.61,50000000.0,50000000.0,0,0,0,0,0,0,399,2026-02-04 21:35:06.827383
PHR,48.51,48.5,48.52,50000000.0,50000000.0,0,0,0,0,0,0,399,2026-02-04 21:35:06.827383
BYL,37.66,37.65,37.67,50000000.0,50000000.0,0,0,0,0,0,0,399,2026-02-04 21:35:06.827383
CLD,75.24,75.23,75.25,50000000.0,50000000.0,0,0,0,0,0,0,399,2026-02-04 21:35:06.827383
GGD,30.34,30.33,30.35,50000000.0,50000000.0,0,0,0,0,0,0,399,2026-02-04 21:35:06.827383
PNR,61.59,61.58,61.6,50000000.0,50000000.0,0,0,0,0,0,0,399,2026-02-04 21:35:06.827383
FSR,32.54,32.53,32.55,50000000.0,50000000.0,0,0,0,0,0,0,399,2026-02-04 21:35:06.827383
ATB,60.06,60.05,60.07,50000000.0,50000000.0,0,0,0,0,0,0,399,2026-02-04 21:35:06.827383
SPK,47.53,47.52,47.54,50000000.0,50000000.0,0,0,0,0,0,0,399,2026-02-04 21:35:06.827383
EEC,38.75,38.74,38.76,50000000.0,50000000.0,0,0,0,0,0,0,399,2026-02-04 21:35:06.827383
TGX,45.61,45.6,45.62,50000000.0,50000000.0,0,0,0,0,0,0,400,2026-02-04 21:35:07.882586
PHR,48.64,48.63,48.65,50000000.0,50000000.0,0,0,0,0,0,0,400,2026-02-04 21:35:07.882586
BYL,37.43,37.42,37.44,50000000.0,50000000.0,0,0,0,0,0,0,400,2026-02-04 21:35:07.882586
CLD,74.66,74.65,74.67,50000000.0,50000000.0,0,0,0,0,0,0,400,2026-02-04 21:35:07.882586
GGD,30.37,30.36,30.38,50000000.0,50000000.0,0,0,0,0,0,0,400,2026-02-04 21:35:07.882586
PNR,61.82,61.81,61.83,50000000.0,50000000.0,0,0,0,0,0,0,400,2026-02-04 21:35:07.882586
FSR,32.54,32.53,32.55,50000000.0,50000000.0,0,0,0,0,0,0,400,2026-02-04 21:35:07.882586
ATB,59.79,59.78,59.8,50000000.0,50000000.0,0,0,0,0,0,0,400,2026-02-04 21:35:07.882586
SPK,47.59,47.58,47.6,50000000.0,50000000.0,0,0,0,0,0,0,400,2026-02-04 21:35:07.882586
EEC,38.81,38.8,38.82,50000000.0,50000000.0,0,0,0,0,0,0,400,2026-02-04 21:35:07.882586
TGX,45.61,45.6,45.62,50000000.0,50000000.0,0,0,0,0,0,0,401,2026-02-04 21:35:08.962843
PHR,48.48,48.47,48.49,50000000.0,50000000.0,0,0,0,0,0,0,401,2026-02-04 21:35:08.962843
BYL,37.32,37.31,37.33,50000000.0,50000000.0,0,0,0,0,0,0,401,2026-02-04 21:35:08.962843
CLD,74.25,74.24,74.26,50000000.0,50000000.0,0,0,0,0,0,0,401,2026-02-04 21:35:08.962843
GGD,30.37,30.36,30.38,50000000.0,50000000.0,0,0,0,0,0,0,401,2026-02-04 21:35:08.962843
PNR,61.72,61.71,61.73,50000000.0,50000000.0,0,0,0,0,0,0,401,2026-02-04 21:35:08.962843
FSR,32.53,32.52,32.54,50000000.0,50000000.0,0,0,0,0,0,0,401,2026-02-04 21:35:08.962843
ATB,59.66,59.65,59.67,50000000.0,50000000.0,0,0,0,0,0,0,401,2026-02-04 21:35:08.962843
SPK,47.53,47.52,47.54,50000000.0,50000000.0,0,0,0,0,0,0,401,2026-02-04 21:35:08.962843
EEC,38.6,38.59,38.61,50000000.0,50000000.0,0,0,0,0,0,0,401,2026-02-04 21:35:08.962843
TGX,45.64,45.63,45.65,50000000.0,50000000.0,0,0,0,0,0,0,402,2026-02-04 21:35:10.051153
PHR,48.28,48.27,48.29,50000000.0,50000000.0,0,0,0,0,0,0,402,2026-02-04 21:35:10.051153
BYL,37.25,37.24,37.26,50000000.0,50000000.0,0,0,0,0,0,0,402,2026-02-04 21:35:10.051153
CLD,73.96,73.95,73.97,50000000.0,50000000.0,0,0,0,0,0,0,402,2026-02-04 21:35:10.051153
GGD,30.31,30.3,30.32,50000000.0,50000000.0,0,0,0,0,0,0,402,2026-02-04 21:35:10.051153
PNR,61.49,61.48,61.5,50000000.0,50000000.0,0,0,0,0,0,0,402,2026-02-04 21:35:10.051153
FSR,32.5,32.49,32.51,50000000.0,50000000.0,0,0,0,0,0,0,402,2026-02-04 21:35:10.051153
ATB,59.68,59.67,59.69,50000000.0,50000000.0,0,0,0,0,0,0,402,2026-02-04 21:35:10.051153
SPK,47.64,47.63,47.65,50000000.0,50000000.0,0,0,0,0,0,0,402,2026-02-04 21:35:10.051153
EEC,38.67,38.66,38.68,50000000.0,50000000.0,0,0,0,0,0,0,402,2026-02-04 21:35:10.051153
TGX,45.64,45.63,45.65,50000000.0,50000000.0,0,0,0,0,0,0,403,2026-02-04 21:35:11.115460
PHR,48.56,48.55,48.57,50000000.0,50000000.0,0,0,0,0,0,0,403,2026-02-04 21:35:11.115460
BYL,37.14,37.13,37.15,50000000.0,50000000.0,0,0,0,0,0,0,403,2026-02-04 21:35:11.115460
CLD,73.58,73.57,73.59,50000000.0,50000000.0,0,0,0,0,0,0,403,2026-02-04 21:35:11.115460
GGD,30.34,30.33,30.35,50000000.0,50000000.0,0,0,0,0,0,0,403,2026-02-04 21:35:11.115460
PNR,61.8,61.79,61.81,50000000.0,50000000.0,0,0,0,0,0,0,403,2026-02-04 21:35:11.115460
FSR,32.47,32.46,32.48,50000000.0,50000000.0,0,0,0,0,0,0,403,2026-02-04 21:35:11.115460
ATB,59.89,59.88,59.9,50000000.0,50000000.0,0,0,0,0,0,0,403,2026-02-04 21:35:11.115460
SPK,47.77,47.76,47.78,50000000.0,50000000.0,0,0,0,0,0,0,403,2026-02-04 21:35:11.115460
EEC,38.85,38.84,38.86,50000000.0,50000000.0,0,0,0,0,0,0,403,2026-02-04 21:35:11.115460
TGX,45.69,45.68,45.7,50000000.0,50000000.0,0,0,0,0,0,0,404,2026-02-04 21:35:12.167749
PHR,48.74,48.73,48.75,50000000.0,50000000.0,0,0,0,0,0,0,404,2026-02-04 21:35:12.167749
BYL,37.32,37.31,37.33,50000000.0,50000000.0,0,0,0,0,0,0,404,2026-02-04 21:35:12.167749
CLD,74.1,74.09,74.11,50000000.0,50000000.0,0,0,0,0,0,0,404,2026-02-04 21:35:12.167749
GGD,30.38,30.37,30.39,50000000.0,50000000.0,0,0,0,0,0,0,404,2026-02-04 21:35:12.167749
PNR,61.73,61.72,61.74,50000000.0,50000000.0,0,0,0,0,0,0,404,2026-02-04 21:35:12.167749
FSR,32.49,32.48,32.5,50000000.0,50000000.0,0,0,0,0,0,0,404,2026-02-04 21:35:12.167749
ATB,59.76,59.75,59.77,50000000.0,50000000.0,0,0,0,0,0,0,404,2026-02-04 21:35:12.167749
SPK,47.72,47.71,47.73,50000000.0,50000000.0,0,0,0,0,0,0,404,2026-02-04 21:35:12.167749
EEC,38.82,38.81,38.83,50000000.0,50000000.0,0,0,0,0,0,0,404,2026-02-04 21:35:12.167749
TGX,45.7,45.69,45.71,50000000.0,50000000.0,0,0,0,0,0,0,405,2026-02-04 21:35:13.232941
PHR,48.82,48.81,48.83,50000000.0,50000000.0,0,0,0,0,0,0,405,2026-02-04 21:35:13.232941
BYL,37.36,37.35,37.37,50000000.0,50000000.0,0,0,0,0,0,0,405,2026-02-04 21:35:13.232941
CLD,74.14,74.13,74.15,50000000.0,50000000.0,0,0,0,0,0,0,405,2026-02-04 21:35:13.232941
GGD,30.3,30.29,30.31,50000000.0,50000000.0,0,0,0,0,0,0,405,2026-02-04 21:35:13.232941
PNR,61.04,61.03,61.05,50000000.0,50000000.0,0,0,0,0,0,0,405,2026-02-04 21:35:13.232941
FSR,32.53,32.52,32.54,50000000.0,50000000.0,0,0,0,0,0,0,405,2026-02-04 21:35:13.232941
ATB,59.37,59.36,59.38,50000000.0,50000000.0,0,0,0,0,0,0,405,2026-02-04 21:35:13.232941
SPK,47.75,47.74,47.76,50000000.0,50000000.0,0,0,0,0,0,0,405,2026-02-04 21:35:13.232941
EEC,38.93,38.92,38.94,50000000.0,50000000.0,0,0,0,0,0,0,405,2026-02-04 21:35:13.232941
TGX,45.69,45.68,45.7,50000000.0,50000000.0,0,0,0,0,0,0,406,2026-02-04 21:35:14.286497
PHR,48.81,48.8,48.82,50000000.0,50000000.0,0,0,0,0,0,0,406,2026-02-04 21:35:14.286497
BYL,37.44,37.43,37.45,50000000.0,50000000.0,0,0,0,0,0,0,406,2026-02-04 21:35:14.286497
CLD,74.18,74.17,74.19,50000000.0,50000000.0,0,0,0,0,0,0,406,2026-02-04 21:35:14.286497
GGD,30.29,30.28,30.3,50000000.0,50000000.0,0,0,0,0,0,0,406,2026-02-04 21:35:14.286497
PNR,61.12,61.11,61.13,50000000.0,50000000.0,0,0,0,0,0,0,406,2026-02-04 21:35:14.286497
FSR,32.53,32.52,32.54,50000000.0,50000000.0,0,0,0,0,0,0,406,2026-02-04 21:35:14.286497
ATB,59.11,59.1,59.12,50000000.0,50000000.0,0,0,0,0,0,0,406,2026-02-04 21:35:14.286497
SPK,47.81,47.8,47.82,50000000.0,50000000.0,0,0,0,0,0,0,406,2026-02-04 21:35:14.286497
EEC,38.96,38.95,38.97,50000000.0,50000000.0,0,0,0,0,0,0,406,2026-02-04 21:35:14.286497
TGX,45.69,45.68,45.7,50000000.0,50000000.0,0,0,0,0,0,0,407,2026-02-04 21:35:14.842883,41.0,1.0,406.0,D3-GGD/PNR,GreenGrid Schedules Shareholder Vote,Special meeting scheduled 75 days forward for shareholders to vote on merger transaction.
PHR,48.78,48.77,48.79,50000000.0,50000000.0,0,0,0,0,0,0,407,2026-02-04 21:35:14.842883,,,,,,
BYL,37.43,37.42,37.44,50000000.0,50000000.0,0,0,0,0,0,0,407,2026-02-04 21:35:14.842883,,,,,,
CLD,74.05,74.04,74.06,50000000.0,50000000.0,0,0,0,0,0,0,407,2026-02-04 21:35:14.842883,,,,,,
GGD,30.26,30.25,30.27,50000000.0,50000000.0,0,0,0,0,0,0,407,2026-02-04 21:35:14.842883,,,,,,
PNR,60.75,60.74,60.76,50000000.0,50000000.0,0,0,0,0,0,0,407,2026-02-04 21:35:14.842883,,,,,,
FSR,32.48,32.47,32.49,50000000.0,50000000.0,0,0,0,0,0,0,407,2026-02-04 21:35:14.842883,,,,,,
ATB,59.21,59.2,59.22,50000000.0,50000000.0,0,0,0,0,0,0,407,2026-02-04 21:35:14.842883,,,,,,
SPK,47.72,47.71,47.73,50000000.0,50000000.0,0,0,0,0,0,0,407,2026-02-04 21:35:14.842883,,,,,,
EEC,38.93,38.92,38.94,50000000.0,50000000.0,0,0,0,0,0,0,407,2026-02-04 21:35:14.842883,,,,,,
TGX,45.63,45.62,45.64,50000000.0,50000000.0,0,0,0,0,0,0,408,2026-02-04 21:35:15.913999,42.0,1.0,407.0,D2-BYL/CLD,Antitrust Experts Raise Competition Concerns,Independent antitrust economists publish analysis highlighting potential anti-competitive effects in enterprise software markets.
PHR,48.62,48.61,48.63,50000000.0,50000000.0,0,0,0,0,0,0,408,2026-02-04 21:35:15.913999,,,,,,
BYL,37.5,37.49,37.51,50000000.0,50000000.0,0,0,0,0,0,0,408,2026-02-04 21:35:15.913999,,,,,,
CLD,74.28,74.27,74.29,50000000.0,50000000.0,0,0,0,0,0,0,408,2026-02-04 21:35:15.913999,,,,,,
GGD,30.22,30.21,30.23,50000000.0,50000000.0,0,0,0,0,0,0,408,2026-02-04 21:35:15.913999,,,,,,
PNR,60.92,60.91,60.93,50000000.0,50000000.0,0,0,0,0,0,0,408,2026-02-04 21:35:15.913999,,,,,,
FSR,32.45,32.44,32.46,50000000.0,50000000.0,0,0,0,0,0,0,408,2026-02-04 21:35:15.913999,,,,,,
ATB,58.94,58.93,58.95,50000000.0,50000000.0,0,0,0,0,0,0,408,2026-02-04 21:35:15.913999,,,,,,
SPK,47.65,47.64,47.66,50000000.0,50000000.0,0,0,0,0,0,0,408,2026-02-04 21:35:15.913999,,,,,,
EEC,38.76,38.75,38.77,50000000.0,50000000.0,0,0,0,0,0,0,408,2026-02-04 21:35:15.913999,,,,,,
TGX,45.6,45.59,45.61,50000000.0,50000000.0,0,0,0,0,0,0,409,2026-02-04 21:35:17.015415
PHR,48.38,48.37,48.39,50000000.0,50000000.0,0,0,0,0,0,0,409,2026-02-04 21:35:17.015415
BYL,37.34,37.33,37.35,50000000.0,50000000.0,0,0,0,0,0,0,409,2026-02-04 21:35:17.015415
CLD,73.73,73.72,73.74,50000000.0,50000000.0,0,0,0,0,0,0,409,2026-02-04 21:35:17.015415
GGD,30.19,30.18,30.2,50000000.0,50000000.0,0,0,0,0,0,0,409,2026-02-04 21:35:17.015415
PNR,60.67,60.66,60.68,50000000.0,50000000.0,0,0,0,0,0,0,409,2026-02-04 21:35:17.015415
FSR,32.48,32.47,32.49,50000000.0,50000000.0,0,0,0,0,0,0,409,2026-02-04 21:35:17.015415
ATB,59.11,59.1,59.12,50000000.0,50000000.0,0,0,0,0,0,0,409,2026-02-04 21:35:17.015415
SPK,47.65,47.64,47.66,50000000.0,50000000.0,0,0,0,0,0,0,409,2026-02-04 21:35:17.015415
EEC,38.78,38.77,38.79,50000000.0,50000000.0,0,0,0,0,0,0,409,2026-02-04 21:35:17.015415
TGX,45.6,45.59,45.61,50000000.0,50000000.0,0,0,0,0,0,0,410,2026-02-04 21:35:18.172427
PHR,48.62,48.61,48.63,50000000.0,50000000.0,0,0,0,0,0,0,410,2026-02-04 21:35:18.172427
BYL,37.26,37.25,37.27,50000000.0,50000000.0,0,0,0,0,0,0,410,2026-02-04 21:35:18.172427
CLD,73.5,73.49,73.51,50000000.0,50000000.0,0,0,0,0,0,0,410,2026-02-04 21:35:18.172427
GGD,30.19,30.18,30.2,50000000.0,50000000.0,0,0,0,0,0,0,410,2026-02-04 21:35:18.172427
PNR,60.49,60.48,60.5,50000000.0,50000000.0,0,0,0,0,0,0,410,2026-02-04 21:35:18.172427
FSR,32.48,32.47,32.49,50000000.0,50000000.0,0,0,0,0,0,0,410,2026-02-04 21:35:18.172427
ATB,59.22,59.21,59.23,50000000.0,50000000.0,0,0,0,0,0,0,410,2026-02-04 21:35:18.172427
SPK,47.49,47.48,47.5,50000000.0,50000000.0,0,0,0,0,0,0,410,2026-02-04 21:35:18.172427
EEC,38.69,38.68,38.7,50000000.0,50000000.0,0,0,0,0,0,0,410,2026-02-04 21:35:18.172427
TGX,45.6,45.59,45.61,50000000.0,50000000.0,0,0,0,0,0,0,411,2026-02-04 21:35:19.322536,43.0,1.0,410.0,D5-SPK/EEC,EastEnergy Share Price Volatility,EEC shares experience 25% intraday volatility on sector rotation and profit-taking.
PHR,48.71,48.7,48.72,50000000.0,50000000.0,0,0,0,0,0,0,411,2026-02-04 21:35:19.322536,,,,,,
BYL,37.44,37.43,37.45,50000000.0,50000000.0,0,0,0,0,0,0,411,2026-02-04 21:35:19.322536,,,,,,
CLD,74.08,74.07,74.09,50000000.0,50000000.0,0,0,0,0,0,0,411,2026-02-04 21:35:19.322536,,,,,,
GGD,30.19,30.18,30.2,50000000.0,50000000.0,0,0,0,0,0,0,411,2026-02-04 21:35:19.322536,,,,,,
PNR,60.27,60.26,60.28,50000000.0,50000000.0,0,0,0,0,0,0,411,2026-02-04 21:35:19.322536,,,,,,
FSR,32.5,32.49,32.51,50000000.0,50000000.0,0,0,0,0,0,0,411,2026-02-04 21:35:19.322536,,,,,,
ATB,59.16,59.15,59.17,50000000.0,50000000.0,0,0,0,0,0,0,411,2026-02-04 21:35:19.322536,,,,,,
SPK,47.43,47.42,47.44,50000000.0,50000000.0,0,0,0,0,0,0,411,2026-02-04 21:35:19.322536,,,,,,
EEC,38.64,38.63,38.65,50000000.0,50000000.0,0,0,0,0,0,0,411,2026-02-04 21:35:19.322536,,,,,,
TGX,45.62,45.61,45.63,50000000.0,50000000.0,0,0,0,0,0,0,412,2026-02-04 21:35:19.924984
PHR,49.27,49.26,49.28,50000000.0,50000000.0,0,0,0,0,0,0,412,2026-02-04 21:35:19.924984
BYL,37.55,37.54,37.56,50000000.0,50000000.0,0,0,0,0,0,0,412,2026-02-04 21:35:19.924984
CLD,74.44,74.43,74.45,50000000.0,50000000.0,0,0,0,0,0,0,412,2026-02-04 21:35:19.924984
GGD,30.14,30.13,30.15,50000000.0,50000000.0,0,0,0,0,0,0,412,2026-02-04 21:35:19.924984
PNR,60.49,60.48,60.5,50000000.0,50000000.0,0,0,0,0,0,0,412,2026-02-04 21:35:19.924984
FSR,32.45,32.44,32.46,50000000.0,50000000.0,0,0,0,0,0,0,412,2026-02-04 21:35:19.924984
ATB,59.01,59.0,59.02,50000000.0,50000000.0,0,0,0,0,0,0,412,2026-02-04 21:35:19.924984
SPK,47.5,47.49,47.51,50000000.0,50000000.0,0,0,0,0,0,0,412,2026-02-04 21:35:19.924984
EEC,38.79,38.78,38.8,50000000.0,50000000.0,0,0,0,0,0,0,412,2026-02-04 21:35:19.924984
TGX,45.63,45.62,45.64,50000000.0,50000000.0,0,0,0,0,0,0,413,2026-02-04 21:35:20.985937,44.0,1.0,412.0,D5-SPK/EEC,ISS Strongly Recommends Approval,Proxy advisor issues strong buy recommendation citing strategic fit and valuation.
PHR,48.83,48.82,48.84,50000000.0,50000000.0,0,0,0,0,0,0,413,2026-02-04 21:35:20.985937,,,,,,
BYL,37.51,37.5,37.52,50000000.0,50000000.0,0,0,0,0,0,0,413,2026-02-04 21:35:20.985937,,,,,,
CLD,74.31,74.3,74.32,50000000.0,50000000.0,0,0,0,0,0,0,413,2026-02-04 21:35:20.985937,,,,,,
GGD,30.17,30.16,30.18,50000000.0,50000000.0,0,0,0,0,0,0,413,2026-02-04 21:35:20.985937,,,,,,
PNR,60.93,60.92,60.94,50000000.0,50000000.0,0,0,0,0,0,0,413,2026-02-04 21:35:20.985937,,,,,,
FSR,32.5,32.49,32.51,50000000.0,50000000.0,0,0,0,0,0,0,413,2026-02-04 21:35:20.985937,,,,,,
ATB,59.21,59.2,59.22,50000000.0,50000000.0,0,0,0,0,0,0,413,2026-02-04 21:35:20.985937,,,,,,
SPK,47.34,47.33,47.35,50000000.0,50000000.0,0,0,0,0,0,0,413,2026-02-04 21:35:20.985937,,,,,,
EEC,38.63,38.62,38.64,50000000.0,50000000.0,0,0,0,0,0,0,413,2026-02-04 21:35:20.985937,,,,,,
TGX,45.68,45.67,45.69,50000000.0,50000000.0,0,0,0,0,0,0,414,2026-02-04 21:35:22.075965
PHR,48.84,48.83,48.85,50000000.0,50000000.0,0,0,0,0,0,0,414,2026-02-04 21:35:22.075965
BYL,37.33,37.32,37.34,50000000.0,50000000.0,0,0,0,0,0,0,414,2026-02-04 21:35:22.075965
CLD,73.57,73.56,73.58,50000000.0,50000000.0,0,0,0,0,0,0,414,2026-02-04 21:35:22.075965
GGD,30.17,30.16,30.18,50000000.0,50000000.0,0,0,0,0,0,0,414,2026-02-04 21:35:22.075965
PNR,61.24,61.23,61.25,50000000.0,50000000.0,0,0,0,0,0,0,414,2026-02-04 21:35:22.075965
FSR,32.5,32.49,32.51,50000000.0,50000000.0,0,0,0,0,0,0,414,2026-02-04 21:35:22.075965
ATB,59.33,59.32,59.34,50000000.0,50000000.0,0,0,0,0,0,0,414,2026-02-04 21:35:22.075965
SPK,47.41,47.4,47.42,50000000.0,50000000.0,0,0,0,0,0,0,414,2026-02-04 21:35:22.075965
EEC,38.71,38.7,38.72,50000000.0,50000000.0,0,0,0,0,0,0,414,2026-02-04 21:35:22.075965
TGX,45.71,45.7,45.72,50000000.0,50000000.0,0,0,0,0,0,0,415,2026-02-04 21:35:23.153215,45.0,1.0,414.0,D3-GGD/PNR,Counsel Provides Updated Risk Factor Disclosure,Legal counsel for GreenGrid has filed an amended proxy statement containing updated risk factor disclosures related to the pending PetroNorth transaction. The amendments include both newly identified risks and downward revisions to previously disclosed risk factors. Proxy specialists note that such amendments can reflect routine legal diligence or may signal evolving conditions that counsel believes warrant additional shareholder attention.
PHR,48.69,48.68,48.7,50000000.0,50000000.0,0,0,0,0,0,0,415,2026-02-04 21:35:23.153215,,,,,,
BYL,37.3,37.29,37.31,50000000.0,50000000.0,0,0,0,0,0,0,415,2026-02-04 21:35:23.153215,,,,,,
CLD,73.37,73.36,73.38,50000000.0,50000000.0,0,0,0,0,0,0,415,2026-02-04 21:35:23.153215,,,,,,
GGD,30.06,30.05,30.07,50000000.0,50000000.0,0,0,0,0,0,0,415,2026-02-04 21:35:23.153215,,,,,,
PNR,61.22,61.21,61.23,50000000.0,50000000.0,0,0,0,0,0,0,415,2026-02-04 21:35:23.153215,,,,,,
FSR,32.59,32.58,32.6,50000000.0,50000000.0,0,0,0,0,0,0,415,2026-02-04 21:35:23.153215,,,,,,
ATB,59.59,59.58,59.6,50000000.0,50000000.0,0,0,0,0,0,0,415,2026-02-04 21:35:23.153215,,,,,,
SPK,47.45,47.44,47.46,50000000.0,50000000.0,0,0,0,0,0,0,415,2026-02-04 21:35:23.153215,,,,,,
EEC,38.74,38.73,38.75,50000000.0,50000000.0,0,0,0,0,0,0,415,2026-02-04 21:35:23.153215,,,,,,
TGX,45.69,45.68,45.7,50000000.0,50000000.0,0,0,0,0,0,0,416,2026-02-04 21:35:24.255739
PHR,48.27,48.26,48.28,50000000.0,50000000.0,0,0,0,0,0,0,416,2026-02-04 21:35:24.255739
BYL,37.54,37.53,37.55,50000000.0,50000000.0,0,0,0,0,0,0,416,2026-02-04 21:35:24.255739
CLD,74.04,74.03,74.05,50000000.0,50000000.0,0,0,0,0,0,0,416,2026-02-04 21:35:24.255739
GGD,30.05,30.04,30.06,50000000.0,50000000.0,0,0,0,0,0,0,416,2026-02-04 21:35:24.255739
PNR,61.15,61.14,61.16,50000000.0,50000000.0,0,0,0,0,0,0,416,2026-02-04 21:35:24.255739
FSR,32.57,32.56,32.58,50000000.0,50000000.0,0,0,0,0,0,0,416,2026-02-04 21:35:24.255739
ATB,59.45,59.44,59.46,50000000.0,50000000.0,0,0,0,0,0,0,416,2026-02-04 21:35:24.255739
SPK,47.49,47.48,47.5,50000000.0,50000000.0,0,0,0,0,0,0,416,2026-02-04 21:35:24.255739
EEC,38.82,38.81,38.83,50000000.0,50000000.0,0,0,0,0,0,0,416,2026-02-04 21:35:24.255739
TGX,45.67,45.66,45.68,50000000.0,50000000.0,0,0,0,0,0,0,417,2026-02-04 21:35:25.315875,46.0,1.0,416.0,D4-FSR/ATB,Termination Fee Set at $240M,Agreement includes reciprocal termination fees with regulatory failure sharing provision.
PHR,47.78,47.77,47.79,50000000.0,50000000.0,0,0,0,0,0,0,417,2026-02-04 21:35:25.315875,,,,,,
BYL,37.46,37.45,37.47,50000000.0,50000000.0,0,0,0,0,0,0,417,2026-02-04 21:35:25.315875,,,,,,
CLD,73.9,73.89,73.91,50000000.0,50000000.0,0,0,0,0,0,0,417,2026-02-04 21:35:25.315875,,,,,,
GGD,30.14,30.13,30.15,50000000.0,50000000.0,0,0,0,0,0,0,417,2026-02-04 21:35:25.315875,,,,,,
PNR,61.59,61.58,61.6,50000000.0,50000000.0,0,0,0,0,0,0,417,2026-02-04 21:35:25.315875,,,,,,
FSR,32.55,32.54,32.56,50000000.0,50000000.0,0,0,0,0,0,0,417,2026-02-04 21:35:25.315875,,,,,,
ATB,59.6,59.59,59.61,50000000.0,50000000.0,0,0,0,0,0,0,417,2026-02-04 21:35:25.315875,,,,,,
SPK,47.59,47.58,47.6,50000000.0,50000000.0,0,0,0,0,0,0,417,2026-02-04 21:35:25.315875,,,,,,
EEC,38.97,38.96,38.98,50000000.0,50000000.0,0,0,0,0,0,0,417,2026-02-04 21:35:25.315875,,,,,,
TGX,45.71,45.7,45.72,50000000.0,50000000.0,0,0,0,0,0,0,418,2026-02-04 21:35:26.374054
PHR,48.04,48.03,48.05,50000000.0,50000000.0,0,0,0,0,0,0,418,2026-02-04 21:35:26.374054
BYL,37.35,37.34,37.36,50000000.0,50000000.0,0,0,0,0,0,0,418,2026-02-04 21:35:26.374054
CLD,73.47,73.46,73.48,50000000.0,50000000.0,0,0,0,0,0,0,418,2026-02-04 21:35:26.374054
GGD,30.08,30.07,30.09,50000000.0,50000000.0,0,0,0,0,0,0,418,2026-02-04 21:35:26.374054
PNR,61.09,61.08,61.1,50000000.0,50000000.0,0,0,0,0,0,0,418,2026-02-04 21:35:26.374054
FSR,32.56,32.55,32.57,50000000.0,50000000.0,0,0,0,0,0,0,418,2026-02-04 21:35:26.374054
ATB,59.61,59.6,59.62,50000000.0,50000000.0,0,0,0,0,0,0,418,2026-02-04 21:35:26.374054
SPK,47.58,47.57,47.59,50000000.0,50000000.0,0,0,0,0,0,0,418,2026-02-04 21:35:26.374054
EEC,38.89,38.88,38.9,50000000.0,50000000.0,0,0,0,0,0,0,418,2026-02-04 21:35:26.374054
TGX,45.66,45.65,45.67,50000000.0,50000000.0,0,0,0,0,0,0,419,2026-02-04 21:35:26.928429
PHR,47.89,47.88,47.9,50000000.0,50000000.0,0,0,0,0,0,0,419,2026-02-04 21:35:26.928429
BYL,37.32,37.31,37.33,50000000.0,50000000.0,0,0,0,0,0,0,419,2026-02-04 21:35:26.928429
CLD,73.55,73.54,73.56,50000000.0,50000000.0,0,0,0,0,0,0,419,2026-02-04 21:35:26.928429
GGD,29.96,29.95,29.97,50000000.0,50000000.0,0,0,0,0,0,0,419,2026-02-04 21:35:26.928429
PNR,60.62,60.61,60.63,50000000.0,50000000.0,0,0,0,0,0,0,419,2026-02-04 21:35:26.928429
FSR,32.62,32.61,32.63,50000000.0,50000000.0,0,0,0,0,0,0,419,2026-02-04 21:35:26.928429
ATB,59.21,59.2,59.22,50000000.0,50000000.0,0,0,0,0,0,0,419,2026-02-04 21:35:26.928429
SPK,47.58,47.57,47.59,50000000.0,50000000.0,0,0,0,0,0,0,419,2026-02-04 21:35:26.928429
EEC,38.9,38.89,38.91,50000000.0,50000000.0,0,0,0,0,0,0,419,2026-02-04 21:35:26.928429
TGX,45.74,45.73,45.75,50000000.0,50000000.0,0,0,0,0,0,0,420,2026-02-04 21:35:27.984221
PHR,47.79,47.78,47.8,50000000.0,50000000.0,0,0,0,0,0,0,420,2026-02-04 21:35:27.984221
BYL,37.2,37.19,37.21,50000000.0,50000000.0,0,0,0,0,0,0,420,2026-02-04 21:35:27.984221
CLD,72.92,72.91,72.93,50000000.0,50000000.0,0,0,0,0,0,0,420,2026-02-04 21:35:27.984221
GGD,29.98,29.97,29.99,50000000.0,50000000.0,0,0,0,0,0,0,420,2026-02-04 21:35:27.984221
PNR,60.93,60.92,60.94,50000000.0,50000000.0,0,0,0,0,0,0,420,2026-02-04 21:35:27.984221
FSR,32.63,32.62,32.64,50000000.0,50000000.0,0,0,0,0,0,0,420,2026-02-04 21:35:27.984221
ATB,59.01,59.0,59.02,50000000.0,50000000.0,0,0,0,0,0,0,420,2026-02-04 21:35:27.984221
SPK,47.52,47.51,47.53,50000000.0,50000000.0,0,0,0,0,0,0,420,2026-02-04 21:35:27.984221
EEC,38.88,38.87,38.89,50000000.0,50000000.0,0,0,0,0,0,0,420,2026-02-04 21:35:27.984221
TGX,45.74,45.73,45.75,50000000.0,50000000.0,0,0,0,0,0,0,421,2026-02-04 21:35:29.109370
PHR,48.29,48.28,48.3,50000000.0,50000000.0,0,0,0,0,0,0,421,2026-02-04 21:35:29.109370
BYL,37.09,37.08,37.1,50000000.0,50000000.0,0,0,0,0,0,0,421,2026-02-04 21:35:29.109370
CLD,72.69,72.68,72.7,50000000.0,50000000.0,0,0,0,0,0,0,421,2026-02-04 21:35:29.109370
GGD,29.91,29.9,29.92,50000000.0,50000000.0,0,0,0,0,0,0,421,2026-02-04 21:35:29.109370
PNR,60.59,60.58,60.6,50000000.0,50000000.0,0,0,0,0,0,0,421,2026-02-04 21:35:29.109370
FSR,32.54,32.53,32.55,50000000.0,50000000.0,0,0,0,0,0,0,421,2026-02-04 21:35:29.109370
ATB,59.05,59.04,59.06,50000000.0,50000000.0,0,0,0,0,0,0,421,2026-02-04 21:35:29.109370
SPK,47.42,47.41,47.43,50000000.0,50000000.0,0,0,0,0,0,0,421,2026-02-04 21:35:29.109370
EEC,38.71,38.7,38.72,50000000.0,50000000.0,0,0,0,0,0,0,421,2026-02-04 21:35:29.109370
TGX,45.75,45.74,45.76,50000000.0,50000000.0,0,0,0,0,0,0,422,2026-02-04 21:35:30.218181
PHR,48.35,48.34,48.36,50000000.0,50000000.0,0,0,0,0,0,0,422,2026-02-04 21:35:30.218181
BYL,37.14,37.13,37.15,50000000.0,50000000.0,0,0,0,0,0,0,422,2026-02-04 21:35:30.218181
CLD,72.7,72.69,72.71,50000000.0,50000000.0,0,0,0,0,0,0,422,2026-02-04 21:35:30.218181
GGD,29.85,29.84,29.86,50000000.0,50000000.0,0,0,0,0,0,0,422,2026-02-04 21:35:30.218181
PNR,60.16,60.15,60.17,50000000.0,50000000.0,0,0,0,0,0,0,422,2026-02-04 21:35:30.218181
FSR,32.55,32.54,32.56,50000000.0,50000000.0,0,0,0,0,0,0,422,2026-02-04 21:35:30.218181
ATB,58.93,58.92,58.94,50000000.0,50000000.0,0,0,0,0,0,0,422,2026-02-04 21:35:30.218181
SPK,47.69,47.68,47.7,50000000.0,50000000.0,0,0,0,0,0,0,422,2026-02-04 21:35:30.218181
EEC,39.01,39.0,39.02,50000000.0,50000000.0,0,0,0,0,0,0,422,2026-02-04 21:35:30.218181
TGX,45.8,45.79,45.81,50000000.0,50000000.0,0,0,0,0,0,0,423,2026-02-04 21:35:31.312239
PHR,48.55,48.54,48.56,50000000.0,50000000.0,0,0,0,0,0,0,423,2026-02-04 21:35:31.312239
BYL,37.11,37.1,37.12,50000000.0,50000000.0,0,0,0,0,0,0,423,2026-02-04 21:35:31.312239
CLD,72.75,72.74,72.76,50000000.0,50000000.0,0,0,0,0,0,0,423,2026-02-04 21:35:31.312239
GGD,29.84,29.83,29.85,50000000.0,50000000.0,0,0,0,0,0,0,423,2026-02-04 21:35:31.312239
PNR,60.57,60.56,60.58,50000000.0,50000000.0,0,0,0,0,0,0,423,2026-02-04 21:35:31.312239
FSR,32.56,32.55,32.57,50000000.0,50000000.0,0,0,0,0,0,0,423,2026-02-04 21:35:31.312239
ATB,59.21,59.2,59.22,50000000.0,50000000.0,0,0,0,0,0,0,423,2026-02-04 21:35:31.312239
SPK,47.64,47.63,47.65,50000000.0,50000000.0,0,0,0,0,0,0,423,2026-02-04 21:35:31.312239
EEC,39.01,39.0,39.02,50000000.0,50000000.0,0,0,0,0,0,0,423,2026-02-04 21:35:31.312239
TGX,45.77,45.76,45.78,50000000.0,50000000.0,0,0,0,0,0,0,424,2026-02-04 21:35:31.935751
PHR,49.22,49.21,49.23,50000000.0,50000000.0,0,0,0,0,0,0,424,2026-02-04 21:35:31.935751
BYL,36.96,36.95,36.97,50000000.0,50000000.0,0,0,0,0,0,0,424,2026-02-04 21:35:31.935751
CLD,72.18,72.17,72.19,50000000.0,50000000.0,0,0,0,0,0,0,424,2026-02-04 21:35:31.935751
GGD,29.95,29.94,29.96,50000000.0,50000000.0,0,0,0,0,0,0,424,2026-02-04 21:35:31.935751
PNR,60.85,60.84,60.86,50000000.0,50000000.0,0,0,0,0,0,0,424,2026-02-04 21:35:31.935751
FSR,32.45,32.44,32.46,50000000.0,50000000.0,0,0,0,0,0,0,424,2026-02-04 21:35:31.935751
ATB,58.86,58.85,58.87,50000000.0,50000000.0,0,0,0,0,0,0,424,2026-02-04 21:35:31.935751
SPK,47.53,47.52,47.54,50000000.0,50000000.0,0,0,0,0,0,0,424,2026-02-04 21:35:31.935751
EEC,38.9,38.89,38.91,50000000.0,50000000.0,0,0,0,0,0,0,424,2026-02-04 21:35:31.935751
TGX,45.7,45.69,45.71,50000000.0,50000000.0,0,0,0,0,0,0,425,2026-02-04 21:35:33.009190
PHR,48.8,48.79,48.81,50000000.0,50000000.0,0,0,0,0,0,0,425,2026-02-04 21:35:33.009190
BYL,36.98,36.97,36.99,50000000.0,50000000.0,0,0,0,0,0,0,425,2026-02-04 21:35:33.009190
CLD,72.26,72.25,72.27,50000000.0,50000000.0,0,0,0,0,0,0,425,2026-02-04 21:35:33.009190
GGD,29.84,29.83,29.85,50000000.0,50000000.0,0,0,0,0,0,0,425,2026-02-04 21:35:33.009190
PNR,60.75,60.74,60.76,50000000.0,50000000.0,0,0,0,0,0,0,425,2026-02-04 21:35:33.009190
FSR,32.44,32.43,32.45,50000000.0,50000000.0,0,0,0,0,0,0,425,2026-02-04 21:35:33.009190
ATB,58.76,58.75,58.77,50000000.0,50000000.0,0,0,0,0,0,0,425,2026-02-04 21:35:33.009190
SPK,47.58,47.57,47.59,50000000.0,50000000.0,0,0,0,0,0,0,425,2026-02-04 21:35:33.009190
EEC,38.89,38.88,38.9,50000000.0,50000000.0,0,0,0,0,0,0,425,2026-02-04 21:35:33.009190
TGX,45.71,45.7,45.72,50000000.0,50000000.0,0,0,0,0,0,0,426,2026-02-04 21:35:34.110416
PHR,49.01,49.0,49.02,50000000.0,50000000.0,0,0,0,0,0,0,426,2026-02-04 21:35:34.110416
BYL,36.79,36.78,36.8,50000000.0,50000000.0,0,0,0,0,0,0,426,2026-02-04 21:35:34.110416
CLD,71.81,71.8,71.82,50000000.0,50000000.0,0,0,0,0,0,0,426,2026-02-04 21:35:34.110416
GGD,29.9,29.89,29.91,50000000.0,50000000.0,0,0,0,0,0,0,426,2026-02-04 21:35:34.110416
PNR,60.62,60.61,60.63,50000000.0,50000000.0,0,0,0,0,0,0,426,2026-02-04 21:35:34.110416
FSR,32.39,32.38,32.4,50000000.0,50000000.0,0,0,0,0,0,0,426,2026-02-04 21:35:34.110416
ATB,58.94,58.93,58.95,50000000.0,50000000.0,0,0,0,0,0,0,426,2026-02-04 21:35:34.110416
SPK,47.74,47.73,47.75,50000000.0,50000000.0,0,0,0,0,0,0,426,2026-02-04 21:35:34.110416
EEC,39.07,39.06,39.08,50000000.0,50000000.0,0,0,0,0,0,0,426,2026-02-04 21:35:34.110416
TGX,45.68,45.67,45.69,50000000.0,50000000.0,0,0,0,0,0,0,427,2026-02-04 21:35:35.218563
PHR,48.96,48.95,48.97,50000000.0,50000000.0,0,0,0,0,0,0,427,2026-02-04 21:35:35.218563
BYL,33.16,33.15,33.17,50000000.0,50000000.0,0,0,0,0,0,0,427,2026-02-04 21:35:35.218563
CLD,71.51,71.5,71.52,50000000.0,50000000.0,0,0,0,0,0,0,427,2026-02-04 21:35:35.218563
GGD,29.91,29.9,29.92,50000000.0,50000000.0,0,0,0,0,0,0,427,2026-02-04 21:35:35.218563
PNR,61.04,61.03,61.05,50000000.0,50000000.0,0,0,0,0,0,0,427,2026-02-04 21:35:35.218563
FSR,32.43,32.42,32.44,50000000.0,50000000.0,0,0,0,0,0,0,427,2026-02-04 21:35:35.218563
ATB,58.94,58.93,58.95,50000000.0,50000000.0,0,0,0,0,0,0,427,2026-02-04 21:35:35.218563
SPK,47.6,47.59,47.61,50000000.0,50000000.0,0,0,0,0,0,0,427,2026-02-04 21:35:35.218563
EEC,38.93,38.92,38.94,50000000.0,50000000.0,0,0,0,0,0,0,427,2026-02-04 21:35:35.218563
TGX,45.66,45.65,45.67,50000000.0,50000000.0,0,0,0,0,0,0,428,2026-02-04 21:35:36.281347
PHR,48.8,48.79,48.81,50000000.0,50000000.0,0,0,0,0,0,0,428,2026-02-04 21:35:36.281347
BYL,33.1,33.09,33.11,50000000.0,50000000.0,0,0,0,0,0,0,428,2026-02-04 21:35:36.281347
CLD,71.38,71.37,71.39,50000000.0,50000000.0,0,0,0,0,0,0,428,2026-02-04 21:35:36.281347
GGD,29.85,29.84,29.86,50000000.0,50000000.0,0,0,0,0,0,0,428,2026-02-04 21:35:36.281347
PNR,61.26,61.25,61.27,50000000.0,50000000.0,0,0,0,0,0,0,428,2026-02-04 21:35:36.281347
FSR,32.45,32.44,32.46,50000000.0,50000000.0,0,0,0,0,0,0,428,2026-02-04 21:35:36.281347
ATB,59.0,58.99,59.01,50000000.0,50000000.0,0,0,0,0,0,0,428,2026-02-04 21:35:36.281347
SPK,47.53,47.52,47.54,50000000.0,50000000.0,0,0,0,0,0,0,428,2026-02-04 21:35:36.281347
EEC,38.78,38.77,38.79,50000000.0,50000000.0,0,0,0,0,0,0,428,2026-02-04 21:35:36.281347
TGX,45.65,45.64,45.66,50000000.0,50000000.0,0,0,0,0,0,0,429,2026-02-04 21:35:37.326824
PHR,49.15,49.14,49.16,50000000.0,50000000.0,0,0,0,0,0,0,429,2026-02-04 21:35:37.326824
BYL,33.07,33.06,33.08,50000000.0,50000000.0,0,0,0,0,0,0,429,2026-02-04 21:35:37.326824
CLD,71.3,71.29,71.31,50000000.0,50000000.0,0,0,0,0,0,0,429,2026-02-04 21:35:37.326824
GGD,29.78,29.77,29.79,50000000.0,50000000.0,0,0,0,0,0,0,429,2026-02-04 21:35:37.326824
PNR,61.06,61.05,61.07,50000000.0,50000000.0,0,0,0,0,0,0,429,2026-02-04 21:35:37.326824
FSR,32.39,32.38,32.4,50000000.0,50000000.0,0,0,0,0,0,0,429,2026-02-04 21:35:37.326824
ATB,59.04,59.03,59.05,50000000.0,50000000.0,0,0,0,0,0,0,429,2026-02-04 21:35:37.326824
SPK,47.51,47.5,47.52,50000000.0,50000000.0,0,0,0,0,0,0,429,2026-02-04 21:35:37.326824
EEC,38.78,38.77,38.79,50000000.0,50000000.0,0,0,0,0,0,0,429,2026-02-04 21:35:37.326824
TGX,45.59,45.58,45.6,50000000.0,50000000.0,0,0,0,0,0,0,430,2026-02-04 21:35:38.378035
PHR,49.26,49.25,49.27,50000000.0,50000000.0,0,0,0,0,0,0,430,2026-02-04 21:35:38.378035
BYL,33.16,33.15,33.17,50000000.0,50000000.0,0,0,0,0,0,0,430,2026-02-04 21:35:38.378035
CLD,71.53,71.52,71.54,50000000.0,50000000.0,0,0,0,0,0,0,430,2026-02-04 21:35:38.378035
GGD,29.78,29.77,29.79,50000000.0,50000000.0,0,0,0,0,0,0,430,2026-02-04 21:35:38.378035
PNR,61.01,61.0,61.02,50000000.0,50000000.0,0,0,0,0,0,0,430,2026-02-04 21:35:38.378035
FSR,32.37,32.36,32.38,50000000.0,50000000.0,0,0,0,0,0,0,430,2026-02-04 21:35:38.378035
ATB,58.94,58.93,58.95,50000000.0,50000000.0,0,0,0,0,0,0,430,2026-02-04 21:35:38.378035
SPK,47.59,47.58,47.6,50000000.0,50000000.0,0,0,0,0,0,0,430,2026-02-04 21:35:38.378035
EEC,38.89,38.88,38.9,50000000.0,50000000.0,0,0,0,0,0,0,430,2026-02-04 21:35:38.378035
TGX,45.59,45.58,45.6,50000000.0,50000000.0,0,0,0,0,0,0,431,2026-02-04 21:35:39.431881
PHR,48.81,48.8,48.82,50000000.0,50000000.0,0,0,0,0,0,0,431,2026-02-04 21:35:39.431881
BYL,33.21,33.2,33.22,50000000.0,50000000.0,0,0,0,0,0,0,431,2026-02-04 21:35:39.431881
CLD,71.66,71.65,71.67,50000000.0,50000000.0,0,0,0,0,0,0,431,2026-02-04 21:35:39.431881
GGD,30.45,30.44,30.46,50000000.0,50000000.0,0,0,0,0,0,0,431,2026-02-04 21:35:39.431881
PNR,61.05,61.04,61.06,50000000.0,50000000.0,0,0,0,0,0,0,431,2026-02-04 21:35:39.431881
FSR,32.34,32.33,32.35,50000000.0,50000000.0,0,0,0,0,0,0,431,2026-02-04 21:35:39.431881
ATB,58.96,58.95,58.97,50000000.0,50000000.0,0,0,0,0,0,0,431,2026-02-04 21:35:39.431881
SPK,47.49,47.48,47.5,50000000.0,50000000.0,0,0,0,0,0,0,431,2026-02-04 21:35:39.431881
EEC,38.81,38.8,38.82,50000000.0,50000000.0,0,0,0,0,0,0,431,2026-02-04 21:35:39.431881
TGX,45.6,45.59,45.61,50000000.0,50000000.0,0,0,0,0,0,0,432,2026-02-04 21:35:39.976050
PHR,49.15,49.14,49.16,50000000.0,50000000.0,0,0,0,0,0,0,432,2026-02-04 21:35:39.976050
BYL,33.18,33.17,33.19,50000000.0,50000000.0,0,0,0,0,0,0,432,2026-02-04 21:35:39.976050
CLD,71.69,71.68,71.7,50000000.0,50000000.0,0,0,0,0,0,0,432,2026-02-04 21:35:39.976050
GGD,30.96,30.95,30.97,50000000.0,50000000.0,0,0,0,0,0,0,432,2026-02-04 21:35:39.976050
PNR,61.33,61.32,61.34,50000000.0,50000000.0,0,0,0,0,0,0,432,2026-02-04 21:35:39.976050
FSR,32.3,32.29,32.31,50000000.0,50000000.0,0,0,0,0,0,0,432,2026-02-04 21:35:39.976050
ATB,58.97,58.96,58.98,50000000.0,50000000.0,0,0,0,0,0,0,432,2026-02-04 21:35:39.976050
SPK,47.72,47.71,47.73,50000000.0,50000000.0,0,0,0,0,0,0,432,2026-02-04 21:35:39.976050
EEC,39.0,38.99,39.01,50000000.0,50000000.0,0,0,0,0,0,0,432,2026-02-04 21:35:39.976050
TGX,45.61,45.6,45.62,50000000.0,50000000.0,0,0,0,0,0,0,433,2026-02-04 21:35:41.029917
PHR,48.97,48.96,48.98,50000000.0,50000000.0,0,0,0,0,0,0,433,2026-02-04 21:35:41.029917
BYL,33.18,33.17,33.19,50000000.0,50000000.0,0,0,0,0,0,0,433,2026-02-04 21:35:41.029917
CLD,71.61,71.6,71.62,50000000.0,50000000.0,0,0,0,0,0,0,433,2026-02-04 21:35:41.029917
GGD,30.9,30.89,30.91,50000000.0,50000000.0,0,0,0,0,0,0,433,2026-02-04 21:35:41.029917
PNR,61.08,61.07,61.09,50000000.0,50000000.0,0,0,0,0,0,0,433,2026-02-04 21:35:41.029917
FSR,32.26,32.25,32.27,50000000.0,50000000.0,0,0,0,0,0,0,433,2026-02-04 21:35:41.029917
ATB,59.19,59.18,59.2,50000000.0,50000000.0,0,0,0,0,0,0,433,2026-02-04 21:35:41.029917
SPK,47.73,47.72,47.74,50000000.0,50000000.0,0,0,0,0,0,0,433,2026-02-04 21:35:41.029917
EEC,39.11,39.1,39.12,50000000.0,50000000.0,0,0,0,0,0,0,433,2026-02-04 21:35:41.029917
TGX,45.67,45.66,45.68,50000000.0,50000000.0,0,0,0,0,0,0,434,2026-02-04 21:35:42.109696
PHR,49.1,49.09,49.11,50000000.0,50000000.0,0,0,0,0,0,0,434,2026-02-04 21:35:42.109696
BYL,33.15,33.14,33.16,50000000.0,50000000.0,0,0,0,0,0,0,434,2026-02-04 21:35:42.109696
CLD,71.47,71.46,71.48,50000000.0,50000000.0,0,0,0,0,0,0,434,2026-02-04 21:35:42.109696
GGD,30.95,30.94,30.96,50000000.0,50000000.0,0,0,0,0,0,0,434,2026-02-04 21:35:42.109696
PNR,61.11,61.1,61.12,50000000.0,50000000.0,0,0,0,0,0,0,434,2026-02-04 21:35:42.109696
FSR,32.23,32.22,32.24,50000000.0,50000000.0,0,0,0,0,0,0,434,2026-02-04 21:35:42.109696
ATB,59.31,59.3,59.32,50000000.0,50000000.0,0,0,0,0,0,0,434,2026-02-04 21:35:42.109696
SPK,47.73,47.72,47.74,50000000.0,50000000.0,0,0,0,0,0,0,434,2026-02-04 21:35:42.109696
EEC,39.18,39.17,39.19,50000000.0,50000000.0,0,0,0,0,0,0,434,2026-02-04 21:35:42.109696
TGX,45.57,45.56,45.58,50000000.0,50000000.0,0,0,0,0,0,0,435,2026-02-04 21:35:43.203883
PHR,49.13,49.12,49.14,50000000.0,50000000.0,0,0,0,0,0,0,435,2026-02-04 21:35:43.203883
BYL,33.03,33.02,33.04,50000000.0,50000000.0,0,0,0,0,0,0,435,2026-02-04 21:35:43.203883
CLD,71.26,71.25,71.27,50000000.0,50000000.0,0,0,0,0,0,0,435,2026-02-04 21:35:43.203883
GGD,30.99,30.98,31.0,50000000.0,50000000.0,0,0,0,0,0,0,435,2026-02-04 21:35:43.203883
PNR,61.2,61.19,61.21,50000000.0,50000000.0,0,0,0,0,0,0,435,2026-02-04 21:35:43.203883
FSR,32.15,32.14,32.16,50000000.0,50000000.0,0,0,0,0,0,0,435,2026-02-04 21:35:43.203883
ATB,59.65,59.64,59.66,50000000.0,50000000.0,0,0,0,0,0,0,435,2026-02-04 21:35:43.203883
SPK,47.64,47.63,47.65,50000000.0,50000000.0,0,0,0,0,0,0,435,2026-02-04 21:35:43.203883
EEC,39.04,39.03,39.05,50000000.0,50000000.0,0,0,0,0,0,0,435,2026-02-04 21:35:43.203883
TGX,45.56,45.55,45.57,50000000.0,50000000.0,0,0,0,0,0,0,436,2026-02-04 21:35:44.313012
PHR,49.3,49.29,49.31,50000000.0,50000000.0,0,0,0,0,0,0,436,2026-02-04 21:35:44.313012
BYL,33.26,33.25,33.27,50000000.0,50000000.0,0,0,0,0,0,0,436,2026-02-04 21:35:44.313012
CLD,71.98,71.97,71.99,50000000.0,50000000.0,0,0,0,0,0,0,436,2026-02-04 21:35:44.313012
GGD,31.01,31.0,31.02,50000000.0,50000000.0,0,0,0,0,0,0,436,2026-02-04 21:35:44.313012
PNR,61.3,61.29,61.31,50000000.0,50000000.0,0,0,0,0,0,0,436,2026-02-04 21:35:44.313012
FSR,32.14,32.13,32.15,50000000.0,50000000.0,0,0,0,0,0,0,436,2026-02-04 21:35:44.313012
ATB,59.46,59.45,59.47,50000000.0,50000000.0,0,0,0,0,0,0,436,2026-02-04 21:35:44.313012
SPK,47.82,47.81,47.83,50000000.0,50000000.0,0,0,0,0,0,0,436,2026-02-04 21:35:44.313012
EEC,39.19,39.18,39.2,50000000.0,50000000.0,0,0,0,0,0,0,436,2026-02-04 21:35:44.313012
TGX,45.57,45.56,45.58,50000000.0,50000000.0,0,0,0,0,0,0,437,2026-02-04 21:35:45.375768
PHR,49.52,49.51,49.53,50000000.0,50000000.0,0,0,0,0,0,0,437,2026-02-04 21:35:45.375768
BYL,33.28,33.27,33.29,50000000.0,50000000.0,0,0,0,0,0,0,437,2026-02-04 21:35:45.375768
CLD,72.07,72.06,72.08,50000000.0,50000000.0,0,0,0,0,0,0,437,2026-02-04 21:35:45.375768
GGD,31.08,31.07,31.09,50000000.0,50000000.0,0,0,0,0,0,0,437,2026-02-04 21:35:45.375768
PNR,61.3,61.29,61.31,50000000.0,50000000.0,0,0,0,0,0,0,437,2026-02-04 21:35:45.375768
FSR,32.14,32.13,32.15,50000000.0,50000000.0,0,0,0,0,0,0,437,2026-02-04 21:35:45.375768
ATB,59.61,59.6,59.62,50000000.0,50000000.0,0,0,0,0,0,0,437,2026-02-04 21:35:45.375768
SPK,47.8,47.79,47.81,50000000.0,50000000.0,0,0,0,0,0,0,437,2026-02-04 21:35:45.375768
EEC,39.02,39.01,39.03,50000000.0,50000000.0,0,0,0,0,0,0,437,2026-02-04 21:35:45.375768
TGX,45.56,45.55,45.57,50000000.0,50000000.0,0,0,0,0,0,0,438,2026-02-04 21:35:46.425956
PHR,49.9,49.89,49.91,50000000.0,50000000.0,0,0,0,0,0,0,438,2026-02-04 21:35:46.425956
BYL,33.36,33.35,33.37,50000000.0,50000000.0,0,0,0,0,0,0,438,2026-02-04 21:35:46.425956
CLD,72.45,72.44,72.46,50000000.0,50000000.0,0,0,0,0,0,0,438,2026-02-04 21:35:46.425956
GGD,31.07,31.06,31.08,50000000.0,50000000.0,0,0,0,0,0,0,438,2026-02-04 21:35:46.425956
PNR,61.57,61.56,61.58,50000000.0,50000000.0,0,0,0,0,0,0,438,2026-02-04 21:35:46.425956
FSR,32.13,32.12,32.14,50000000.0,50000000.0,0,0,0,0,0,0,438,2026-02-04 21:35:46.425956
ATB,59.88,59.87,59.89,50000000.0,50000000.0,0,0,0,0,0,0,438,2026-02-04 21:35:46.425956
SPK,47.71,47.7,47.72,50000000.0,50000000.0,0,0,0,0,0,0,438,2026-02-04 21:35:46.425956
EEC,38.9,38.89,38.91,50000000.0,50000000.0,0,0,0,0,0,0,438,2026-02-04 21:35:46.425956
TGX,45.57,45.56,45.58,50000000.0,50000000.0,0,0,0,0,0,0,439,2026-02-04 21:35:47.478964
PHR,49.75,49.74,49.76,50000000.0,50000000.0,0,0,0,0,0,0,439,2026-02-04 21:35:47.478964
BYL,33.32,33.31,33.33,50000000.0,50000000.0,0,0,0,0,0,0,439,2026-02-04 21:35:47.478964
CLD,72.37,72.36,72.38,50000000.0,50000000.0,0,0,0,0,0,0,439,2026-02-04 21:35:47.478964
GGD,31.04,31.03,31.05,50000000.0,50000000.0,0,0,0,0,0,0,439,2026-02-04 21:35:47.478964
PNR,61.11,61.1,61.12,50000000.0,50000000.0,0,0,0,0,0,0,439,2026-02-04 21:35:47.478964
FSR,32.1,32.09,32.11,50000000.0,50000000.0,0,0,0,0,0,0,439,2026-02-04 21:35:47.478964
ATB,59.77,59.76,59.78,50000000.0,50000000.0,0,0,0,0,0,0,439,2026-02-04 21:35:47.478964
SPK,47.82,47.81,47.83,50000000.0,50000000.0,0,0,0,0,0,0,439,2026-02-04 21:35:47.478964
EEC,39.02,39.01,39.03,50000000.0,50000000.0,0,0,0,0,0,0,439,2026-02-04 21:35:47.478964
TGX,45.55,45.54,45.56,50000000.0,50000000.0,0,0,0,0,0,0,440,2026-02-04 21:35:48.026581
PHR,49.66,49.65,49.67,50000000.0,50000000.0,0,0,0,0,0,0,440,2026-02-04 21:35:48.026581
BYL,33.27,33.26,33.28,50000000.0,50000000.0,0,0,0,0,0,0,440,2026-02-04 21:35:48.026581
CLD,72.18,72.17,72.19,50000000.0,50000000.0,0,0,0,0,0,0,440,2026-02-04 21:35:48.026581
GGD,31.09,31.08,31.1,50000000.0,50000000.0,0,0,0,0,0,0,440,2026-02-04 21:35:48.026581
PNR,61.07,61.06,61.08,50000000.0,50000000.0,0,0,0,0,0,0,440,2026-02-04 21:35:48.026581
FSR,32.1,32.09,32.11,50000000.0,50000000.0,0,0,0,0,0,0,440,2026-02-04 21:35:48.026581
ATB,60.01,60.0,60.02,50000000.0,50000000.0,0,0,0,0,0,0,440,2026-02-04 21:35:48.026581
SPK,47.66,47.65,47.67,50000000.0,50000000.0,0,0,0,0,0,0,440,2026-02-04 21:35:48.026581
EEC,38.84,38.83,38.85,50000000.0,50000000.0,0,0,0,0,0,0,440,2026-02-04 21:35:48.026581
TGX,45.58,45.57,45.59,50000000.0,50000000.0,0,0,0,0,0,0,441,2026-02-04 21:35:49.070991
PHR,49.93,49.92,49.94,50000000.0,50000000.0,0,0,0,0,0,0,441,2026-02-04 21:35:49.070991
BYL,33.16,33.15,33.17,50000000.0,50000000.0,0,0,0,0,0,0,441,2026-02-04 21:35:49.070991
CLD,71.64,71.63,71.65,50000000.0,50000000.0,0,0,0,0,0,0,441,2026-02-04 21:35:49.070991
GGD,31.04,31.03,31.05,50000000.0,50000000.0,0,0,0,0,0,0,441,2026-02-04 21:35:49.070991
PNR,60.43,60.42,60.44,50000000.0,50000000.0,0,0,0,0,0,0,441,2026-02-04 21:35:49.070991
FSR,32.13,32.12,32.14,50000000.0,50000000.0,0,0,0,0,0,0,441,2026-02-04 21:35:49.070991
ATB,59.88,59.87,59.89,50000000.0,50000000.0,0,0,0,0,0,0,441,2026-02-04 21:35:49.070991
SPK,47.61,47.6,47.62,50000000.0,50000000.0,0,0,0,0,0,0,441,2026-02-04 21:35:49.070991
EEC,38.79,38.78,38.8,50000000.0,50000000.0,0,0,0,0,0,0,441,2026-02-04 21:35:49.070991
TGX,45.54,45.53,45.55,50000000.0,50000000.0,0,0,0,0,0,0,442,2026-02-04 21:35:50.115779
PHR,49.89,49.88,49.9,50000000.0,50000000.0,0,0,0,0,0,0,442,2026-02-04 21:35:50.115779
BYL,33.18,33.17,33.19,50000000.0,50000000.0,0,0,0,0,0,0,442,2026-02-04 21:35:50.115779
CLD,71.58,71.57,71.59,50000000.0,50000000.0,0,0,0,0,0,0,442,2026-02-04 21:35:50.115779
GGD,31.09,31.08,31.1,50000000.0,50000000.0,0,0,0,0,0,0,442,2026-02-04 21:35:50.115779
PNR,60.96,60.95,60.97,50000000.0,50000000.0,0,0,0,0,0,0,442,2026-02-04 21:35:50.115779
FSR,32.13,32.12,32.14,50000000.0,50000000.0,0,0,0,0,0,0,442,2026-02-04 21:35:50.115779
ATB,59.91,59.9,59.92,50000000.0,50000000.0,0,0,0,0,0,0,442,2026-02-04 21:35:50.115779
SPK,47.77,47.76,47.78,50000000.0,50000000.0,0,0,0,0,0,0,442,2026-02-04 21:35:50.115779
EEC,39.01,39.0,39.02,50000000.0,50000000.0,0,0,0,0,0,0,442,2026-02-04 21:35:50.115779
TGX,45.54,45.53,45.55,50000000.0,50000000.0,0,0,0,0,0,0,443,2026-02-04 21:35:51.178357
PHR,50.13,50.12,50.14,50000000.0,50000000.0,0,0,0,0,0,0,443,2026-02-04 21:35:51.178357
BYL,33.24,33.23,33.25,50000000.0,50000000.0,0,0,0,0,0,0,443,2026-02-04 21:35:51.178357
CLD,71.79,71.78,71.8,50000000.0,50000000.0,0,0,0,0,0,0,443,2026-02-04 21:35:51.178357
GGD,31.04,31.03,31.05,50000000.0,50000000.0,0,0,0,0,0,0,443,2026-02-04 21:35:51.178357
PNR,60.67,60.66,60.68,50000000.0,50000000.0,0,0,0,0,0,0,443,2026-02-04 21:35:51.178357
FSR,32.18,32.17,32.19,50000000.0,50000000.0,0,0,0,0,0,0,443,2026-02-04 21:35:51.178357
ATB,59.88,59.87,59.89,50000000.0,50000000.0,0,0,0,0,0,0,443,2026-02-04 21:35:51.178357
SPK,47.82,47.81,47.83,50000000.0,50000000.0,0,0,0,0,0,0,443,2026-02-04 21:35:51.178357
EEC,39.24,39.23,39.25,50000000.0,50000000.0,0,0,0,0,0,0,443,2026-02-04 21:35:51.178357
TGX,45.54,45.53,45.55,50000000.0,50000000.0,0,0,0,0,0,0,444,2026-02-04 21:35:52.267835
PHR,49.6,49.59,49.61,50000000.0,50000000.0,0,0,0,0,0,0,444,2026-02-04 21:35:52.267835
BYL,33.23,33.22,33.24,50000000.0,50000000.0,0,0,0,0,0,0,444,2026-02-04 21:35:52.267835
CLD,71.63,71.62,71.64,50000000.0,50000000.0,0,0,0,0,0,0,444,2026-02-04 21:35:52.267835
GGD,31.14,31.13,31.15,50000000.0,50000000.0,0,0,0,0,0,0,444,2026-02-04 21:35:52.267835
PNR,61.0,60.99,61.01,50000000.0,50000000.0,0,0,0,0,0,0,444,2026-02-04 21:35:52.267835
FSR,32.18,32.17,32.19,50000000.0,50000000.0,0,0,0,0,0,0,444,2026-02-04 21:35:52.267835
ATB,59.83,59.82,59.84,50000000.0,50000000.0,0,0,0,0,0,0,444,2026-02-04 21:35:52.267835
SPK,47.96,47.95,47.97,50000000.0,50000000.0,0,0,0,0,0,0,444,2026-02-04 21:35:52.267835
EEC,39.41,39.4,39.42,50000000.0,50000000.0,0,0,0,0,0,0,444,2026-02-04 21:35:52.267835
TGX,45.55,45.54,45.56,50000000.0,50000000.0,0,0,0,0,0,0,445,2026-02-04 21:35:53.393715
PHR,49.78,49.77,49.79,50000000.0,50000000.0,0,0,0,0,0,0,445,2026-02-04 21:35:53.393715
BYL,33.15,33.14,33.16,50000000.0,50000000.0,0,0,0,0,0,0,445,2026-02-04 21:35:53.393715
CLD,71.4,71.39,71.41,50000000.0,50000000.0,0,0,0,0,0,0,445,2026-02-04 21:35:53.393715
GGD,31.17,31.16,31.18,50000000.0,50000000.0,0,0,0,0,0,0,445,2026-02-04 21:35:53.393715
PNR,60.75,60.74,60.76,50000000.0,50000000.0,0,0,0,0,0,0,445,2026-02-04 21:35:53.393715
FSR,32.17,32.16,32.18,50000000.0,50000000.0,0,0,0,0,0,0,445,2026-02-04 21:35:53.393715
ATB,59.76,59.75,59.77,50000000.0,50000000.0,0,0,0,0,0,0,445,2026-02-04 21:35:53.393715
SPK,47.99,47.98,48.0,50000000.0,50000000.0,0,0,0,0,0,0,445,2026-02-04 21:35:53.393715
EEC,39.5,39.49,39.51,50000000.0,50000000.0,0,0,0,0,0,0,445,2026-02-04 21:35:53.393715
TGX,45.57,45.56,45.58,50000000.0,50000000.0,0,0,0,0,0,0,446,2026-02-04 21:35:54.466235
PHR,49.95,49.94,49.96,50000000.0,50000000.0,0,0,0,0,0,0,446,2026-02-04 21:35:54.466235
BYL,33.19,33.18,33.2,50000000.0,50000000.0,0,0,0,0,0,0,446,2026-02-04 21:35:54.466235
CLD,71.6,71.59,71.61,50000000.0,50000000.0,0,0,0,0,0,0,446,2026-02-04 21:35:54.466235
GGD,31.27,31.26,31.28,50000000.0,50000000.0,0,0,0,0,0,0,446,2026-02-04 21:35:54.466235
PNR,61.45,61.44,61.46,50000000.0,50000000.0,0,0,0,0,0,0,446,2026-02-04 21:35:54.466235
FSR,32.19,32.18,32.2,50000000.0,50000000.0,0,0,0,0,0,0,446,2026-02-04 21:35:54.466235
ATB,59.79,59.78,59.8,50000000.0,50000000.0,0,0,0,0,0,0,446,2026-02-04 21:35:54.466235
SPK,47.91,47.9,47.92,50000000.0,50000000.0,0,0,0,0,0,0,446,2026-02-04 21:35:54.466235
EEC,39.4,39.39,39.41,50000000.0,50000000.0,0,0,0,0,0,0,446,2026-02-04 21:35:54.466235
TGX,45.58,45.57,45.59,50000000.0,50000000.0,0,0,0,0,0,0,447,2026-02-04 21:35:55.530725
PHR,49.87,49.86,49.88,50000000.0,50000000.0,0,0,0,0,0,0,447,2026-02-04 21:35:55.530725
BYL,33.22,33.21,33.23,50000000.0,50000000.0,0,0,0,0,0,0,447,2026-02-04 21:35:55.530725
CLD,71.69,71.68,71.7,50000000.0,50000000.0,0,0,0,0,0,0,447,2026-02-04 21:35:55.530725
GGD,31.16,31.15,31.17,50000000.0,50000000.0,0,0,0,0,0,0,447,2026-02-04 21:35:55.530725
PNR,61.53,61.52,61.54,50000000.0,50000000.0,0,0,0,0,0,0,447,2026-02-04 21:35:55.530725
FSR,32.14,32.13,32.15,50000000.0,50000000.0,0,0,0,0,0,0,447,2026-02-04 21:35:55.530725
ATB,59.88,59.87,59.89,50000000.0,50000000.0,0,0,0,0,0,0,447,2026-02-04 21:35:55.530725
SPK,47.96,47.95,47.97,50000000.0,50000000.0,0,0,0,0,0,0,447,2026-02-04 21:35:55.530725
EEC,39.45,39.44,39.46,50000000.0,50000000.0,0,0,0,0,0,0,447,2026-02-04 21:35:55.530725
TGX,45.6,45.59,45.61,50000000.0,50000000.0,0,0,0,0,0,0,448,2026-02-04 21:35:56.096829
PHR,49.93,49.92,49.94,50000000.0,50000000.0,0,0,0,0,0,0,448,2026-02-04 21:35:56.096829
BYL,33.33,33.32,33.34,50000000.0,50000000.0,0,0,0,0,0,0,448,2026-02-04 21:35:56.096829
CLD,72.1,72.09,72.11,50000000.0,50000000.0,0,0,0,0,0,0,448,2026-02-04 21:35:56.096829
GGD,31.26,31.25,31.27,50000000.0,50000000.0,0,0,0,0,0,0,448,2026-02-04 21:35:56.096829
PNR,61.73,61.72,61.74,50000000.0,50000000.0,0,0,0,0,0,0,448,2026-02-04 21:35:56.096829
FSR,32.15,32.14,32.16,50000000.0,50000000.0,0,0,0,0,0,0,448,2026-02-04 21:35:56.096829
ATB,60.18,60.17,60.19,50000000.0,50000000.0,0,0,0,0,0,0,448,2026-02-04 21:35:56.096829
SPK,47.84,47.83,47.85,50000000.0,50000000.0,0,0,0,0,0,0,448,2026-02-04 21:35:56.096829
EEC,39.32,39.31,39.33,50000000.0,50000000.0,0,0,0,0,0,0,448,2026-02-04 21:35:56.096829
TGX,45.56,45.55,45.57,50000000.0,50000000.0,0,0,0,0,0,0,449,2026-02-04 21:35:57.188269
PHR,49.6,49.59,49.61,50000000.0,50000000.0,0,0,0,0,0,0,449,2026-02-04 21:35:57.188269
BYL,33.31,33.3,33.32,50000000.0,50000000.0,0,0,0,0,0,0,449,2026-02-04 21:35:57.188269
CLD,71.95,71.94,71.96,50000000.0,50000000.0,0,0,0,0,0,0,449,2026-02-04 21:35:57.188269
GGD,31.19,31.18,31.2,50000000.0,50000000.0,0,0,0,0,0,0,449,2026-02-04 21:35:57.188269
PNR,61.69,61.68,61.7,50000000.0,50000000.0,0,0,0,0,0,0,449,2026-02-04 21:35:57.188269
FSR,32.2,32.19,32.21,50000000.0,50000000.0,0,0,0,0,0,0,449,2026-02-04 21:35:57.188269
ATB,60.31,60.3,60.32,50000000.0,50000000.0,0,0,0,0,0,0,449,2026-02-04 21:35:57.188269
SPK,47.77,47.76,47.78,50000000.0,50000000.0,0,0,0,0,0,0,449,2026-02-04 21:35:57.188269
EEC,39.16,39.15,39.17,50000000.0,50000000.0,0,0,0,0,0,0,449,2026-02-04 21:35:57.188269
TGX,45.51,45.5,45.52,50000000.0,50000000.0,0,0,0,0,0,0,450,2026-02-04 21:35:58.313381
PHR,49.65,49.64,49.66,50000000.0,50000000.0,0,0,0,0,0,0,450,2026-02-04 21:35:58.313381
BYL,33.34,33.33,33.35,50000000.0,50000000.0,0,0,0,0,0,0,450,2026-02-04 21:35:58.313381
CLD,72.07,72.06,72.08,50000000.0,50000000.0,0,0,0,0,0,0,450,2026-02-04 21:35:58.313381
GGD,31.13,31.12,31.14,50000000.0,50000000.0,0,0,0,0,0,0,450,2026-02-04 21:35:58.313381
PNR,61.24,61.23,61.25,50000000.0,50000000.0,0,0,0,0,0,0,450,2026-02-04 21:35:58.313381
FSR,32.23,32.22,32.24,50000000.0,50000000.0,0,0,0,0,0,0,450,2026-02-04 21:35:58.313381
ATB,60.24,60.23,60.25,50000000.0,50000000.0,0,0,0,0,0,0,450,2026-02-04 21:35:58.313381
SPK,47.6,47.59,47.61,50000000.0,50000000.0,0,0,0,0,0,0,450,2026-02-04 21:35:58.313381
EEC,38.86,38.85,38.87,50000000.0,50000000.0,0,0,0,0,0,0,450,2026-02-04 21:35:58.313381
TGX,45.49,45.48,45.5,50000000.0,50000000.0,0,0,0,0,0,0,451,2026-02-04 21:35:59.387081
PHR,49.63,49.62,49.64,50000000.0,50000000.0,0,0,0,0,0,0,451,2026-02-04 21:35:59.387081
BYL,33.33,33.32,33.34,50000000.0,50000000.0,0,0,0,0,0,0,451,2026-02-04 21:35:59.387081
CLD,72.02,72.01,72.03,50000000.0,50000000.0,0,0,0,0,0,0,451,2026-02-04 21:35:59.387081
GGD,31.25,31.24,31.26,50000000.0,50000000.0,0,0,0,0,0,0,451,2026-02-04 21:35:59.387081
PNR,61.3,61.29,61.31,50000000.0,50000000.0,0,0,0,0,0,0,451,2026-02-04 21:35:59.387081
FSR,32.21,32.2,32.22,50000000.0,50000000.0,0,0,0,0,0,0,451,2026-02-04 21:35:59.387081
ATB,60.32,60.31,60.33,50000000.0,50000000.0,0,0,0,0,0,0,451,2026-02-04 21:35:59.387081
SPK,47.66,47.65,47.67,50000000.0,50000000.0,0,0,0,0,0,0,451,2026-02-04 21:35:59.387081
EEC,38.87,38.86,38.88,50000000.0,50000000.0,0,0,0,0,0,0,451,2026-02-04 21:35:59.387081
TGX,45.47,45.46,45.48,50000000.0,50000000.0,0,0,0,0,0,0,452,2026-02-04 21:36:00.448150
PHR,49.65,49.64,49.66,50000000.0,50000000.0,0,0,0,0,0,0,452,2026-02-04 21:36:00.448150
BYL,33.36,33.35,33.37,50000000.0,50000000.0,0,0,0,0,0,0,452,2026-02-04 21:36:00.448150
CLD,72.2,72.19,72.21,50000000.0,50000000.0,0,0,0,0,0,0,452,2026-02-04 21:36:00.448150
GGD,31.37,31.36,31.38,50000000.0,50000000.0,0,0,0,0,0,0,452,2026-02-04 21:36:00.448150
PNR,61.28,61.27,61.29,50000000.0,50000000.0,0,0,0,0,0,0,452,2026-02-04 21:36:00.448150
FSR,32.15,32.14,32.16,50000000.0,50000000.0,0,0,0,0,0,0,452,2026-02-04 21:36:00.448150
ATB,60.43,60.42,60.44,50000000.0,50000000.0,0,0,0,0,0,0,452,2026-02-04 21:36:00.448150
SPK,47.62,47.61,47.63,50000000.0,50000000.0,0,0,0,0,0,0,452,2026-02-04 21:36:00.448150
EEC,38.84,38.83,38.85,50000000.0,50000000.0,0,0,0,0,0,0,452,2026-02-04 21:36:00.448150
TGX,45.45,45.44,45.46,50000000.0,50000000.0,0,0,0,0,0,0,453,2026-02-04 21:36:01.510303
PHR,49.57,49.56,49.58,50000000.0,50000000.0,0,0,0,0,0,0,453,2026-02-04 21:36:01.510303
BYL,33.51,33.5,33.52,50000000.0,50000000.0,0,0,0,0,0,0,453,2026-02-04 21:36:01.510303
CLD,72.74,72.73,72.75,50000000.0,50000000.0,0,0,0,0,0,0,453,2026-02-04 21:36:01.510303
GGD,31.35,31.34,31.36,50000000.0,50000000.0,0,0,0,0,0,0,453,2026-02-04 21:36:01.510303
PNR,61.51,61.5,61.52,50000000.0,50000000.0,0,0,0,0,0,0,453,2026-02-04 21:36:01.510303
FSR,32.24,32.23,32.25,50000000.0,50000000.0,0,0,0,0,0,0,453,2026-02-04 21:36:01.510303
ATB,60.66,60.65,60.67,50000000.0,50000000.0,0,0,0,0,0,0,453,2026-02-04 21:36:01.510303
SPK,47.65,47.64,47.66,50000000.0,50000000.0,0,0,0,0,0,0,453,2026-02-04 21:36:01.510303
EEC,38.93,38.92,38.94,50000000.0,50000000.0,0,0,0,0,0,0,453,2026-02-04 21:36:01.510303
TGX,45.44,45.43,45.45,50000000.0,50000000.0,0,0,0,0,0,0,454,2026-02-04 21:36:02.086811
PHR,49.98,49.97,49.99,50000000.0,50000000.0,0,0,0,0,0,0,454,2026-02-04 21:36:02.086811
BYL,33.49,33.48,33.5,50000000.0,50000000.0,0,0,0,0,0,0,454,2026-02-04 21:36:02.086811
CLD,72.86,72.85,72.87,50000000.0,50000000.0,0,0,0,0,0,0,454,2026-02-04 21:36:02.086811
GGD,31.35,31.34,31.36,50000000.0,50000000.0,0,0,0,0,0,0,454,2026-02-04 21:36:02.086811
PNR,61.68,61.67,61.69,50000000.0,50000000.0,0,0,0,0,0,0,454,2026-02-04 21:36:02.086811
FSR,32.3,32.29,32.31,50000000.0,50000000.0,0,0,0,0,0,0,454,2026-02-04 21:36:02.086811
ATB,60.81,60.8,60.82,50000000.0,50000000.0,0,0,0,0,0,0,454,2026-02-04 21:36:02.086811
SPK,47.8,47.79,47.81,50000000.0,50000000.0,0,0,0,0,0,0,454,2026-02-04 21:36:02.086811
EEC,39.23,39.22,39.24,50000000.0,50000000.0,0,0,0,0,0,0,454,2026-02-04 21:36:02.086811
TGX,45.41,45.4,45.42,50000000.0,50000000.0,0,0,0,0,0,0,455,2026-02-04 21:36:03.138652
PHR,50.04,50.03,50.05,50000000.0,50000000.0,0,0,0,0,0,0,455,2026-02-04 21:36:03.138652
BYL,33.6,33.59,33.61,50000000.0,50000000.0,0,0,0,0,0,0,455,2026-02-04 21:36:03.138652
CLD,73.5,73.49,73.51,50000000.0,50000000.0,0,0,0,0,0,0,455,2026-02-04 21:36:03.138652
GGD,31.32,31.31,31.33,50000000.0,50000000.0,0,0,0,0,0,0,455,2026-02-04 21:36:03.138652
PNR,61.95,61.94,61.96,50000000.0,50000000.0,0,0,0,0,0,0,455,2026-02-04 21:36:03.138652
FSR,32.24,32.23,32.25,50000000.0,50000000.0,0,0,0,0,0,0,455,2026-02-04 21:36:03.138652
ATB,60.62,60.61,60.63,50000000.0,50000000.0,0,0,0,0,0,0,455,2026-02-04 21:36:03.138652
SPK,47.7,47.69,47.71,50000000.0,50000000.0,0,0,0,0,0,0,455,2026-02-04 21:36:03.138652
EEC,39.07,39.06,39.08,50000000.0,50000000.0,0,0,0,0,0,0,455,2026-02-04 21:36:03.138652
TGX,45.4,45.39,45.41,50000000.0,50000000.0,0,0,0,0,0,0,456,2026-02-04 21:36:04.188361
PHR,50.44,50.43,50.45,50000000.0,50000000.0,0,0,0,0,0,0,456,2026-02-04 21:36:04.188361
BYL,33.56,33.55,33.57,50000000.0,50000000.0,0,0,0,0,0,0,456,2026-02-04 21:36:04.188361
CLD,73.32,73.31,73.33,50000000.0,50000000.0,0,0,0,0,0,0,456,2026-02-04 21:36:04.188361
GGD,31.23,31.22,31.24,50000000.0,50000000.0,0,0,0,0,0,0,456,2026-02-04 21:36:04.188361
PNR,61.69,61.68,61.7,50000000.0,50000000.0,0,0,0,0,0,0,456,2026-02-04 21:36:04.188361
FSR,32.26,32.25,32.27,50000000.0,50000000.0,0,0,0,0,0,0,456,2026-02-04 21:36:04.188361
ATB,60.76,60.75,60.77,50000000.0,50000000.0,0,0,0,0,0,0,456,2026-02-04 21:36:04.188361
SPK,47.62,47.61,47.63,50000000.0,50000000.0,0,0,0,0,0,0,456,2026-02-04 21:36:04.188361
EEC,39.01,39.0,39.02,50000000.0,50000000.0,0,0,0,0,0,0,456,2026-02-04 21:36:04.188361
TGX,45.38,45.37,45.39,50000000.0,50000000.0,0,0,0,0,0,0,457,2026-02-04 21:36:05.295645
PHR,50.28,50.27,50.29,50000000.0,50000000.0,0,0,0,0,0,0,457,2026-02-04 21:36:05.295645
BYL,33.65,33.64,33.66,50000000.0,50000000.0,0,0,0,0,0,0,457,2026-02-04 21:36:05.295645
CLD,73.68,73.67,73.69,50000000.0,50000000.0,0,0,0,0,0,0,457,2026-02-04 21:36:05.295645
GGD,31.21,31.2,31.22,50000000.0,50000000.0,0,0,0,0,0,0,457,2026-02-04 21:36:05.295645
PNR,61.2,61.19,61.21,50000000.0,50000000.0,0,0,0,0,0,0,457,2026-02-04 21:36:05.295645
FSR,32.26,32.25,32.27,50000000.0,50000000.0,0,0,0,0,0,0,457,2026-02-04 21:36:05.295645
ATB,60.56,60.55,60.57,50000000.0,50000000.0,0,0,0,0,0,0,457,2026-02-04 21:36:05.295645
SPK,47.6,47.59,47.61,50000000.0,50000000.0,0,0,0,0,0,0,457,2026-02-04 21:36:05.295645
EEC,38.94,38.93,38.95,50000000.0,50000000.0,0,0,0,0,0,0,457,2026-02-04 21:36:05.295645
TGX,45.4,45.39,45.41,50000000.0,50000000.0,0,0,0,0,0,0,458,2026-02-04 21:36:06.448626
PHR,50.53,50.52,50.54,50000000.0,50000000.0,0,0,0,0,0,0,458,2026-02-04 21:36:06.448626
BYL,33.6,33.59,33.61,50000000.0,50000000.0,0,0,0,0,0,0,458,2026-02-04 21:36:06.448626
CLD,73.54,73.53,73.55,50000000.0,50000000.0,0,0,0,0,0,0,458,2026-02-04 21:36:06.448626
GGD,31.21,31.2,31.22,50000000.0,50000000.0,0,0,0,0,0,0,458,2026-02-04 21:36:06.448626
PNR,61.2,61.19,61.21,50000000.0,50000000.0,0,0,0,0,0,0,458,2026-02-04 21:36:06.448626
FSR,32.3,32.29,32.31,50000000.0,50000000.0,0,0,0,0,0,0,458,2026-02-04 21:36:06.448626
ATB,60.51,60.5,60.52,50000000.0,50000000.0,0,0,0,0,0,0,458,2026-02-04 21:36:06.448626
SPK,47.58,47.57,47.59,50000000.0,50000000.0,0,0,0,0,0,0,458,2026-02-04 21:36:06.448626
EEC,38.88,38.87,38.89,50000000.0,50000000.0,0,0,0,0,0,0,458,2026-02-04 21:36:06.448626
TGX,45.39,45.38,45.4,50000000.0,50000000.0,0,0,0,0,0,0,459,2026-02-04 21:36:07.561284
PHR,50.53,50.52,50.54,50000000.0,50000000.0,0,0,0,0,0,0,459,2026-02-04 21:36:07.561284
BYL,33.62,33.61,33.63,50000000.0,50000000.0,0,0,0,0,0,0,459,2026-02-04 21:36:07.561284
CLD,73.55,73.54,73.56,50000000.0,50000000.0,0,0,0,0,0,0,459,2026-02-04 21:36:07.561284
GGD,31.13,31.12,31.14,50000000.0,50000000.0,0,0,0,0,0,0,459,2026-02-04 21:36:07.561284
PNR,60.89,60.88,60.9,50000000.0,50000000.0,0,0,0,0,0,0,459,2026-02-04 21:36:07.561284
FSR,32.38,32.37,32.39,50000000.0,50000000.0,0,0,0,0,0,0,459,2026-02-04 21:36:07.561284
ATB,60.78,60.77,60.79,50000000.0,50000000.0,0,0,0,0,0,0,459,2026-02-04 21:36:07.561284
SPK,47.63,47.62,47.64,50000000.0,50000000.0,0,0,0,0,0,0,459,2026-02-04 21:36:07.561284
EEC,38.91,38.9,38.92,50000000.0,50000000.0,0,0,0,0,0,0,459,2026-02-04 21:36:07.561284
TGX,45.42,45.41,45.43,50000000.0,50000000.0,0,0,0,0,0,0,460,2026-02-04 21:36:08.127240
PHR,50.65,50.64,50.66,50000000.0,50000000.0,0,0,0,0,0,0,460,2026-02-04 21:36:08.127240
BYL,33.48,33.47,33.49,50000000.0,50000000.0,0,0,0,0,0,0,460,2026-02-04 21:36:08.127240
CLD,72.91,72.9,72.92,50000000.0,50000000.0,0,0,0,0,0,0,460,2026-02-04 21:36:08.127240
GGD,31.22,31.21,31.23,50000000.0,50000000.0,0,0,0,0,0,0,460,2026-02-04 21:36:08.127240
PNR,61.26,61.25,61.27,50000000.0,50000000.0,0,0,0,0,0,0,460,2026-02-04 21:36:08.127240
FSR,32.46,32.45,32.47,50000000.0,50000000.0,0,0,0,0,0,0,460,2026-02-04 21:36:08.127240
ATB,60.66,60.65,60.67,50000000.0,50000000.0,0,0,0,0,0,0,460,2026-02-04 21:36:08.127240
SPK,47.63,47.62,47.64,50000000.0,50000000.0,0,0,0,0,0,0,460,2026-02-04 21:36:08.127240
EEC,38.92,38.91,38.93,50000000.0,50000000.0,0,0,0,0,0,0,460,2026-02-04 21:36:08.127240
TGX,45.48,45.47,45.49,50000000.0,50000000.0,0,0,0,0,0,0,461,2026-02-04 21:36:09.175634
PHR,50.61,50.6,50.62,50000000.0,50000000.0,0,0,0,0,0,0,461,2026-02-04 21:36:09.175634
BYL,33.46,33.45,33.47,50000000.0,50000000.0,0,0,0,0,0,0,461,2026-02-04 21:36:09.175634
CLD,72.56,72.55,72.57,50000000.0,50000000.0,0,0,0,0,0,0,461,2026-02-04 21:36:09.175634
GGD,31.19,31.18,31.2,50000000.0,50000000.0,0,0,0,0,0,0,461,2026-02-04 21:36:09.175634
PNR,60.71,60.7,60.72,50000000.0,50000000.0,0,0,0,0,0,0,461,2026-02-04 21:36:09.175634
FSR,32.38,32.37,32.39,50000000.0,50000000.0,0,0,0,0,0,0,461,2026-02-04 21:36:09.175634
ATB,60.51,60.5,60.52,50000000.0,50000000.0,0,0,0,0,0,0,461,2026-02-04 21:36:09.175634
SPK,47.8,47.79,47.81,50000000.0,50000000.0,0,0,0,0,0,0,461,2026-02-04 21:36:09.175634
EEC,39.16,39.15,39.17,50000000.0,50000000.0,0,0,0,0,0,0,461,2026-02-04 21:36:09.175634
TGX,45.43,45.42,45.44,50000000.0,50000000.0,0,0,0,0,0,0,462,2026-02-04 21:36:10.223826
PHR,50.61,50.6,50.62,50000000.0,50000000.0,0,0,0,0,0,0,462,2026-02-04 21:36:10.223826
BYL,33.25,33.24,33.26,50000000.0,50000000.0,0,0,0,0,0,0,462,2026-02-04 21:36:10.223826
CLD,71.69,71.68,71.7,50000000.0,50000000.0,0,0,0,0,0,0,462,2026-02-04 21:36:10.223826
GGD,31.2,31.19,31.21,50000000.0,50000000.0,0,0,0,0,0,0,462,2026-02-04 21:36:10.223826
PNR,60.82,60.81,60.83,50000000.0,50000000.0,0,0,0,0,0,0,462,2026-02-04 21:36:10.223826
FSR,32.44,32.43,32.45,50000000.0,50000000.0,0,0,0,0,0,0,462,2026-02-04 21:36:10.223826
ATB,60.79,60.78,60.8,50000000.0,50000000.0,0,0,0,0,0,0,462,2026-02-04 21:36:10.223826
SPK,47.67,47.66,47.68,50000000.0,50000000.0,0,0,0,0,0,0,462,2026-02-04 21:36:10.223826
EEC,38.92,38.91,38.93,50000000.0,50000000.0,0,0,0,0,0,0,462,2026-02-04 21:36:10.223826
TGX,45.39,45.38,45.4,50000000.0,50000000.0,0,0,0,0,0,0,463,2026-02-04 21:36:11.295156,47.0,1.0,462.0,D5-SPK/EEC,Minority Shareholder Litigation,Class action filed alleging inadequate disclosure and conflicts of interest.
PHR,50.95,50.94,50.96,50000000.0,50000000.0,0,0,0,0,0,0,463,2026-02-04 21:36:11.295156,,,,,,
BYL,33.37,33.36,33.38,50000000.0,50000000.0,0,0,0,0,0,0,463,2026-02-04 21:36:11.295156,,,,,,
CLD,71.97,71.96,71.98,50000000.0,50000000.0,0,0,0,0,0,0,463,2026-02-04 21:36:11.295156,,,,,,
GGD,31.11,31.1,31.12,50000000.0,50000000.0,0,0,0,0,0,0,463,2026-02-04 21:36:11.295156,,,,,,
PNR,60.24,60.23,60.25,50000000.0,50000000.0,0,0,0,0,0,0,463,2026-02-04 21:36:11.295156,,,,,,
FSR,32.61,32.6,32.62,50000000.0,50000000.0,0,0,0,0,0,0,463,2026-02-04 21:36:11.295156,,,,,,
ATB,60.72,60.71,60.73,50000000.0,50000000.0,0,0,0,0,0,0,463,2026-02-04 21:36:11.295156,,,,,,
SPK,47.69,47.68,47.7,50000000.0,50000000.0,0,0,0,0,0,0,463,2026-02-04 21:36:11.295156,,,,,,
EEC,39.0,38.99,39.01,50000000.0,50000000.0,0,0,0,0,0,0,463,2026-02-04 21:36:11.295156,,,,,,
TGX,45.39,45.38,45.4,50000000.0,50000000.0,0,0,0,0,0,0,464,2026-02-04 21:36:12.497916
PHR,50.93,50.92,50.94,50000000.0,50000000.0,0,0,0,0,0,0,464,2026-02-04 21:36:12.497916
BYL,33.36,33.35,33.37,50000000.0,50000000.0,0,0,0,0,0,0,464,2026-02-04 21:36:12.497916
CLD,72.05,72.04,72.06,50000000.0,50000000.0,0,0,0,0,0,0,464,2026-02-04 21:36:12.497916
GGD,31.09,31.08,31.1,50000000.0,50000000.0,0,0,0,0,0,0,464,2026-02-04 21:36:12.497916
PNR,60.81,60.8,60.82,50000000.0,50000000.0,0,0,0,0,0,0,464,2026-02-04 21:36:12.497916
FSR,32.62,32.61,32.63,50000000.0,50000000.0,0,0,0,0,0,0,464,2026-02-04 21:36:12.497916
ATB,60.62,60.61,60.63,50000000.0,50000000.0,0,0,0,0,0,0,464,2026-02-04 21:36:12.497916
SPK,47.79,47.78,47.8,50000000.0,50000000.0,0,0,0,0,0,0,464,2026-02-04 21:36:12.497916
EEC,39.16,39.15,39.17,50000000.0,50000000.0,0,0,0,0,0,0,464,2026-02-04 21:36:12.497916
TGX,45.4,45.39,45.41,50000000.0,50000000.0,0,0,0,0,0,0,465,2026-02-04 21:36:13.564087
PHR,51.17,51.16,51.18,50000000.0,50000000.0,0,0,0,0,0,0,465,2026-02-04 21:36:13.564087
BYL,33.46,33.45,33.47,50000000.0,50000000.0,0,0,0,0,0,0,465,2026-02-04 21:36:13.564087
CLD,72.45,72.44,72.46,50000000.0,50000000.0,0,0,0,0,0,0,465,2026-02-04 21:36:13.564087
GGD,31.07,31.06,31.08,50000000.0,50000000.0,0,0,0,0,0,0,465,2026-02-04 21:36:13.564087
PNR,60.45,60.44,60.46,50000000.0,50000000.0,0,0,0,0,0,0,465,2026-02-04 21:36:13.564087
FSR,32.62,32.61,32.63,50000000.0,50000000.0,0,0,0,0,0,0,465,2026-02-04 21:36:13.564087
ATB,60.36,60.35,60.37,50000000.0,50000000.0,0,0,0,0,0,0,465,2026-02-04 21:36:13.564087
SPK,47.8,47.79,47.81,50000000.0,50000000.0,0,0,0,0,0,0,465,2026-02-04 21:36:13.564087
EEC,39.21,39.2,39.22,50000000.0,50000000.0,0,0,0,0,0,0,465,2026-02-04 21:36:13.564087
TGX,45.35,45.34,45.36,50000000.0,50000000.0,0,0,0,0,0,0,466,2026-02-04 21:36:14.163520
PHR,51.33,51.32,51.34,50000000.0,50000000.0,0,0,0,0,0,0,466,2026-02-04 21:36:14.163520
BYL,33.53,33.52,33.54,50000000.0,50000000.0,0,0,0,0,0,0,466,2026-02-04 21:36:14.163520
CLD,72.89,72.88,72.9,50000000.0,50000000.0,0,0,0,0,0,0,466,2026-02-04 21:36:14.163520
GGD,31.12,31.11,31.13,50000000.0,50000000.0,0,0,0,0,0,0,466,2026-02-04 21:36:14.163520
PNR,60.84,60.83,60.85,50000000.0,50000000.0,0,0,0,0,0,0,466,2026-02-04 21:36:14.163520
FSR,32.58,32.57,32.59,50000000.0,50000000.0,0,0,0,0,0,0,466,2026-02-04 21:36:14.163520
ATB,60.18,60.17,60.19,50000000.0,50000000.0,0,0,0,0,0,0,466,2026-02-04 21:36:14.163520
SPK,47.9,47.89,47.91,50000000.0,50000000.0,0,0,0,0,0,0,466,2026-02-04 21:36:14.163520
EEC,39.47,39.46,39.48,50000000.0,50000000.0,0,0,0,0,0,0,466,2026-02-04 21:36:14.163520
TGX,45.31,45.3,45.32,50000000.0,50000000.0,0,0,0,0,0,0,467,2026-02-04 21:36:15.243324
PHR,51.39,51.38,51.4,50000000.0,50000000.0,0,0,0,0,0,0,467,2026-02-04 21:36:15.243324
BYL,33.42,33.41,33.43,50000000.0,50000000.0,0,0,0,0,0,0,467,2026-02-04 21:36:15.243324
CLD,72.36,72.35,72.37,50000000.0,50000000.0,0,0,0,0,0,0,467,2026-02-04 21:36:15.243324
GGD,31.09,31.08,31.1,50000000.0,50000000.0,0,0,0,0,0,0,467,2026-02-04 21:36:15.243324
PNR,60.7,60.69,60.71,50000000.0,50000000.0,0,0,0,0,0,0,467,2026-02-04 21:36:15.243324
FSR,32.64,32.63,32.65,50000000.0,50000000.0,0,0,0,0,0,0,467,2026-02-04 21:36:15.243324
ATB,60.38,60.37,60.39,50000000.0,50000000.0,0,0,0,0,0,0,467,2026-02-04 21:36:15.243324
SPK,47.92,47.91,47.93,50000000.0,50000000.0,0,0,0,0,0,0,467,2026-02-04 21:36:15.243324
EEC,39.52,39.51,39.53,50000000.0,50000000.0,0,0,0,0,0,0,467,2026-02-04 21:36:15.243324
TGX,45.32,45.31,45.33,50000000.0,50000000.0,0,0,0,0,0,0,468,2026-02-04 21:36:16.297353,48.0,1.0,467.0,D2-BYL/CLD,ByteLayer Sets Shareholder Meeting Date,"Special meeting scheduled for 60 days to vote on merger, proxy materials to be distributed shortly."
PHR,51.79,51.78,51.8,50000000.0,50000000.0,0,0,0,0,0,0,468,2026-02-04 21:36:16.297353,,,,,,
BYL,33.52,33.51,33.53,50000000.0,50000000.0,0,0,0,0,0,0,468,2026-02-04 21:36:16.297353,,,,,,
CLD,72.76,72.75,72.77,50000000.0,50000000.0,0,0,0,0,0,0,468,2026-02-04 21:36:16.297353,,,,,,
GGD,31.06,31.05,31.07,50000000.0,50000000.0,0,0,0,0,0,0,468,2026-02-04 21:36:16.297353,,,,,,
PNR,60.0,59.99,60.01,50000000.0,50000000.0,0,0,0,0,0,0,468,2026-02-04 21:36:16.297353,,,,,,
FSR,32.66,32.65,32.67,50000000.0,50000000.0,0,0,0,0,0,0,468,2026-02-04 21:36:16.297353,,,,,,
ATB,60.4,60.39,60.41,50000000.0,50000000.0,0,0,0,0,0,0,468,2026-02-04 21:36:16.297353,,,,,,
SPK,47.86,47.85,47.87,50000000.0,50000000.0,0,0,0,0,0,0,468,2026-02-04 21:36:16.297353,,,,,,
EEC,39.51,39.5,39.52,50000000.0,50000000.0,0,0,0,0,0,0,468,2026-02-04 21:36:16.297353,,,,,,
TGX,45.31,45.3,45.32,50000000.0,50000000.0,0,0,0,0,0,0,469,2026-02-04 21:36:17.353997
PHR,51.91,51.9,51.92,50000000.0,50000000.0,0,0,0,0,0,0,469,2026-02-04 21:36:17.353997
BYL,33.38,33.37,33.39,50000000.0,50000000.0,0,0,0,0,0,0,469,2026-02-04 21:36:17.353997
CLD,72.32,72.31,72.33,50000000.0,50000000.0,0,0,0,0,0,0,469,2026-02-04 21:36:17.353997
GGD,30.96,30.95,30.97,50000000.0,50000000.0,0,0,0,0,0,0,469,2026-02-04 21:36:17.353997
PNR,59.69,59.68,59.7,50000000.0,50000000.0,0,0,0,0,0,0,469,2026-02-04 21:36:17.353997
FSR,32.6,32.59,32.61,50000000.0,50000000.0,0,0,0,0,0,0,469,2026-02-04 21:36:17.353997
ATB,60.52,60.51,60.53,50000000.0,50000000.0,0,0,0,0,0,0,469,2026-02-04 21:36:17.353997
SPK,47.81,47.8,47.82,50000000.0,50000000.0,0,0,0,0,0,0,469,2026-02-04 21:36:17.353997
EEC,39.44,39.43,39.45,50000000.0,50000000.0,0,0,0,0,0,0,469,2026-02-04 21:36:17.353997
TGX,45.24,45.23,45.25,50000000.0,50000000.0,0,0,0,0,0,0,470,2026-02-04 21:36:18.487969,50.0,1.0,469.0,D4-FSR/ATB,Branch Manager Retention Program,Retention packages offered to 150 key branch managers and relationship bankers.
PHR,51.56,51.55,51.57,50000000.0,50000000.0,0,0,0,0,0,0,470,2026-02-04 21:36:18.487969,49.0,1.0,469.0,D1-TGX/PHR,Regulatory Timeline Slippage,Companies update investors that regulatory approvals are now expected in Q3 rather than Q2 due to extended international reviews.
BYL,33.36,33.35,33.37,50000000.0,50000000.0,0,0,0,0,0,0,470,2026-02-04 21:36:18.487969,,,,,,
CLD,72.2,72.19,72.21,50000000.0,50000000.0,0,0,0,0,0,0,470,2026-02-04 21:36:18.487969,,,,,,
GGD,31.03,31.02,31.04,50000000.0,50000000.0,0,0,0,0,0,0,470,2026-02-04 21:36:18.487969,,,,,,
PNR,59.63,59.62,59.64,50000000.0,50000000.0,0,0,0,0,0,0,470,2026-02-04 21:36:18.487969,,,,,,
FSR,32.63,32.62,32.64,50000000.0,50000000.0,0,0,0,0,0,0,470,2026-02-04 21:36:18.487969,,,,,,
ATB,60.72,60.71,60.73,50000000.0,50000000.0,0,0,0,0,0,0,470,2026-02-04 21:36:18.487969,,,,,,
SPK,47.91,47.9,47.92,50000000.0,50000000.0,0,0,0,0,0,0,470,2026-02-04 21:36:18.487969,,,,,,
EEC,39.6,39.59,39.61,50000000.0,50000000.0,0,0,0,0,0,0,470,2026-02-04 21:36:18.487969,,,,,,
TGX,45.27,45.26,45.28,50000000.0,50000000.0,0,0,0,0,0,0,471,2026-02-04 21:36:19.542061,51.0,1.0,470.0,D4-FSR/ATB,Federal Reserve Staff Holds Technical Working Session,"Staff from the Federal Reserve convened a technical working session with advisors to both FinSure and Atlas Bank to discuss outstanding questions regarding the proposed transaction. The agenda and tone of the meeting have not been disclosed. Some regulatory specialists interpret the session as constructive engagement, while others note that such meetings can also precede formal requests for additional information or remedies."
PHR,50.98,50.97,50.99,50000000.0,50000000.0,0,0,0,0,0,0,471,2026-02-04 21:36:19.542061,,,,,,
BYL,33.39,33.38,33.4,50000000.0,50000000.0,0,0,0,0,0,0,471,2026-02-04 21:36:19.542061,,,,,,
CLD,72.32,72.31,72.33,50000000.0,50000000.0,0,0,0,0,0,0,471,2026-02-04 21:36:19.542061,,,,,,
GGD,31.0,30.99,31.01,50000000.0,50000000.0,0,0,0,0,0,0,471,2026-02-04 21:36:19.542061,,,,,,
PNR,59.09,59.08,59.1,50000000.0,50000000.0,0,0,0,0,0,0,471,2026-02-04 21:36:19.542061,,,,,,
FSR,32.63,32.62,32.64,50000000.0,50000000.0,0,0,0,0,0,0,471,2026-02-04 21:36:19.542061,,,,,,
ATB,60.73,60.72,60.74,50000000.0,50000000.0,0,0,0,0,0,0,471,2026-02-04 21:36:19.542061,,,,,,
SPK,47.82,47.81,47.83,50000000.0,50000000.0,0,0,0,0,0,0,471,2026-02-04 21:36:19.542061,,,,,,
EEC,39.51,39.5,39.52,50000000.0,50000000.0,0,0,0,0,0,0,471,2026-02-04 21:36:19.542061,,,,,,
TGX,45.25,45.24,45.26,50000000.0,50000000.0,0,0,0,0,0,0,472,2026-02-04 21:36:20.606168,52.0,1.0,471.0,D2-BYL/CLD,Third-Party Regulatory Analysis Published,"An independent regulatory research firm has published a detailed analysis of the ByteLayer/CloudSys transaction's competitive implications in the enterprise cloud infrastructure market. The report reaches mixed conclusions, identifying potential consumer benefits from operational synergies alongside concerns about reduced competitive alternatives. The analysis has been circulated among regulatory staff, though its influence on the formal review remains uncertain."
PHR,50.6,50.59,50.61,50000000.0,50000000.0,0,0,0,0,0,0,472,2026-02-04 21:36:20.606168,,,,,,
BYL,33.29,33.28,33.3,50000000.0,50000000.0,0,0,0,0,0,0,472,2026-02-04 21:36:20.606168,,,,,,
CLD,72.03,72.02,72.04,50000000.0,50000000.0,0,0,0,0,0,0,472,2026-02-04 21:36:20.606168,,,,,,
GGD,30.96,30.95,30.97,50000000.0,50000000.0,0,0,0,0,0,0,472,2026-02-04 21:36:20.606168,,,,,,
PNR,59.57,59.56,59.58,50000000.0,50000000.0,0,0,0,0,0,0,472,2026-02-04 21:36:20.606168,,,,,,
FSR,32.59,32.58,32.6,50000000.0,50000000.0,0,0,0,0,0,0,472,2026-02-04 21:36:20.606168,,,,,,
ATB,60.71,60.7,60.72,50000000.0,50000000.0,0,0,0,0,0,0,472,2026-02-04 21:36:20.606168,,,,,,
SPK,47.68,47.67,47.69,50000000.0,50000000.0,0,0,0,0,0,0,472,2026-02-04 21:36:20.606168,,,,,,
EEC,39.35,39.34,39.36,50000000.0,50000000.0,0,0,0,0,0,0,472,2026-02-04 21:36:20.606168,,,,,,
TGX,45.26,45.25,45.27,50000000.0,50000000.0,0,0,0,0,0,0,473,2026-02-04 21:36:21.656209
PHR,50.66,50.65,50.67,50000000.0,50000000.0,0,0,0,0,0,0,473,2026-02-04 21:36:21.656209
BYL,33.23,33.22,33.24,50000000.0,50000000.0,0,0,0,0,0,0,473,2026-02-04 21:36:21.656209
CLD,71.78,71.77,71.79,50000000.0,50000000.0,0,0,0,0,0,0,473,2026-02-04 21:36:21.656209
GGD,30.91,30.9,30.92,50000000.0,50000000.0,0,0,0,0,0,0,473,2026-02-04 21:36:21.656209
PNR,59.44,59.43,59.45,50000000.0,50000000.0,0,0,0,0,0,0,473,2026-02-04 21:36:21.656209
FSR,32.69,32.68,32.7,50000000.0,50000000.0,0,0,0,0,0,0,473,2026-02-04 21:36:21.656209
ATB,60.5,60.49,60.51,50000000.0,50000000.0,0,0,0,0,0,0,473,2026-02-04 21:36:21.656209
SPK,47.71,47.7,47.72,50000000.0,50000000.0,0,0,0,0,0,0,473,2026-02-04 21:36:21.656209
EEC,39.47,39.46,39.48,50000000.0,50000000.0,0,0,0,0,0,0,473,2026-02-04 21:36:21.656209
TGX,45.32,45.31,45.33,50000000.0,50000000.0,0,0,0,0,0,0,474,2026-02-04 21:36:22.209058
PHR,50.3,50.29,50.31,50000000.0,50000000.0,0,0,0,0,0,0,474,2026-02-04 21:36:22.209058
BYL,33.28,33.27,33.29,50000000.0,50000000.0,0,0,0,0,0,0,474,2026-02-04 21:36:22.209058
CLD,71.8,71.79,71.81,50000000.0,50000000.0,0,0,0,0,0,0,474,2026-02-04 21:36:22.209058
GGD,30.93,30.92,30.94,50000000.0,50000000.0,0,0,0,0,0,0,474,2026-02-04 21:36:22.209058
PNR,59.36,59.35,59.37,50000000.0,50000000.0,0,0,0,0,0,0,474,2026-02-04 21:36:22.209058
FSR,32.67,32.66,32.68,50000000.0,50000000.0,0,0,0,0,0,0,474,2026-02-04 21:36:22.209058
ATB,60.71,60.7,60.72,50000000.0,50000000.0,0,0,0,0,0,0,474,2026-02-04 21:36:22.209058
SPK,47.63,47.62,47.64,50000000.0,50000000.0,0,0,0,0,0,0,474,2026-02-04 21:36:22.209058
EEC,39.42,39.41,39.43,50000000.0,50000000.0,0,0,0,0,0,0,474,2026-02-04 21:36:22.209058
TGX,45.34,45.33,45.35,50000000.0,50000000.0,0,0,0,0,0,0,475,2026-02-04 21:36:23.306757
PHR,50.52,50.51,50.53,50000000.0,50000000.0,0,0,0,0,0,0,475,2026-02-04 21:36:23.306757
BYL,33.16,33.15,33.17,50000000.0,50000000.0,0,0,0,0,0,0,475,2026-02-04 21:36:23.306757
CLD,71.43,71.42,71.44,50000000.0,50000000.0,0,0,0,0,0,0,475,2026-02-04 21:36:23.306757
GGD,30.86,30.85,30.87,50000000.0,50000000.0,0,0,0,0,0,0,475,2026-02-04 21:36:23.306757
PNR,59.54,59.53,59.55,50000000.0,50000000.0,0,0,0,0,0,0,475,2026-02-04 21:36:23.306757
FSR,32.6,32.59,32.61,50000000.0,50000000.0,0,0,0,0,0,0,475,2026-02-04 21:36:23.306757
ATB,60.86,60.85,60.87,50000000.0,50000000.0,0,0,0,0,0,0,475,2026-02-04 21:36:23.306757
SPK,47.84,47.83,47.85,50000000.0,50000000.0,0,0,0,0,0,0,475,2026-02-04 21:36:23.306757
EEC,39.65,39.64,39.66,50000000.0,50000000.0,0,0,0,0,0,0,475,2026-02-04 21:36:23.306757
TGX,45.31,45.3,45.32,50000000.0,50000000.0,0,0,0,0,0,0,476,2026-02-04 21:36:24.362855
PHR,50.43,50.42,50.44,50000000.0,50000000.0,0,0,0,0,0,0,476,2026-02-04 21:36:24.362855
BYL,33.09,33.08,33.1,50000000.0,50000000.0,0,0,0,0,0,0,476,2026-02-04 21:36:24.362855
CLD,71.4,71.39,71.41,50000000.0,50000000.0,0,0,0,0,0,0,476,2026-02-04 21:36:24.362855
GGD,30.88,30.87,30.89,50000000.0,50000000.0,0,0,0,0,0,0,476,2026-02-04 21:36:24.362855
PNR,59.58,59.57,59.59,50000000.0,50000000.0,0,0,0,0,0,0,476,2026-02-04 21:36:24.362855
FSR,32.61,32.6,32.62,50000000.0,50000000.0,0,0,0,0,0,0,476,2026-02-04 21:36:24.362855
ATB,61.01,61.0,61.02,50000000.0,50000000.0,0,0,0,0,0,0,476,2026-02-04 21:36:24.362855
SPK,47.87,47.86,47.88,50000000.0,50000000.0,0,0,0,0,0,0,476,2026-02-04 21:36:24.362855
EEC,39.69,39.68,39.7,50000000.0,50000000.0,0,0,0,0,0,0,476,2026-02-04 21:36:24.362855
TGX,45.31,45.3,45.32,50000000.0,50000000.0,0,0,0,0,0,0,477,2026-02-04 21:36:25.435877
PHR,50.49,50.48,50.5,50000000.0,50000000.0,0,0,0,0,0,0,477,2026-02-04 21:36:25.435877
BYL,33.29,33.28,33.3,50000000.0,50000000.0,0,0,0,0,0,0,477,2026-02-04 21:36:25.435877
CLD,72.12,72.11,72.13,50000000.0,50000000.0,0,0,0,0,0,0,477,2026-02-04 21:36:25.435877
GGD,30.87,30.86,30.88,50000000.0,50000000.0,0,0,0,0,0,0,477,2026-02-04 21:36:25.435877
PNR,59.64,59.63,59.65,50000000.0,50000000.0,0,0,0,0,0,0,477,2026-02-04 21:36:25.435877
FSR,32.64,32.63,32.65,50000000.0,50000000.0,0,0,0,0,0,0,477,2026-02-04 21:36:25.435877
ATB,60.89,60.88,60.9,50000000.0,50000000.0,0,0,0,0,0,0,477,2026-02-04 21:36:25.435877
SPK,47.92,47.91,47.93,50000000.0,50000000.0,0,0,0,0,0,0,477,2026-02-04 21:36:25.435877
EEC,39.77,39.76,39.78,50000000.0,50000000.0,0,0,0,0,0,0,477,2026-02-04 21:36:25.435877
TGX,45.35,45.34,45.36,50000000.0,50000000.0,0,0,0,0,0,0,478,2026-02-04 21:36:26.556143
PHR,50.51,50.5,50.52,50000000.0,50000000.0,0,0,0,0,0,0,478,2026-02-04 21:36:26.556143
BYL,33.23,33.22,33.24,50000000.0,50000000.0,0,0,0,0,0,0,478,2026-02-04 21:36:26.556143
CLD,71.97,71.96,71.98,50000000.0,50000000.0,0,0,0,0,0,0,478,2026-02-04 21:36:26.556143
GGD,30.89,30.88,30.9,50000000.0,50000000.0,0,0,0,0,0,0,478,2026-02-04 21:36:26.556143
PNR,59.4,59.39,59.41,50000000.0,50000000.0,0,0,0,0,0,0,478,2026-02-04 21:36:26.556143
FSR,32.58,32.57,32.59,50000000.0,50000000.0,0,0,0,0,0,0,478,2026-02-04 21:36:26.556143
ATB,60.8,60.79,60.81,50000000.0,50000000.0,0,0,0,0,0,0,478,2026-02-04 21:36:26.556143
SPK,48.07,48.06,48.08,50000000.0,50000000.0,0,0,0,0,0,0,478,2026-02-04 21:36:26.556143
EEC,39.98,39.97,39.99,50000000.0,50000000.0,0,0,0,0,0,0,478,2026-02-04 21:36:26.556143
TGX,45.35,45.34,45.36,50000000.0,50000000.0,0,0,0,0,0,0,479,2026-02-04 21:36:27.621315
PHR,50.43,50.42,50.44,50000000.0,50000000.0,0,0,0,0,0,0,479,2026-02-04 21:36:27.621315
BYL,33.27,33.26,33.28,50000000.0,50000000.0,0,0,0,0,0,0,479,2026-02-04 21:36:27.621315
CLD,71.98,71.97,71.99,50000000.0,50000000.0,0,0,0,0,0,0,479,2026-02-04 21:36:27.621315
GGD,30.92,30.91,30.93,50000000.0,50000000.0,0,0,0,0,0,0,479,2026-02-04 21:36:27.621315
PNR,59.57,59.56,59.58,50000000.0,50000000.0,0,0,0,0,0,0,479,2026-02-04 21:36:27.621315
FSR,32.53,32.52,32.54,50000000.0,50000000.0,0,0,0,0,0,0,479,2026-02-04 21:36:27.621315
ATB,61.09,61.08,61.1,50000000.0,50000000.0,0,0,0,0,0,0,479,2026-02-04 21:36:27.621315
SPK,48.1,48.09,48.11,50000000.0,50000000.0,0,0,0,0,0,0,479,2026-02-04 21:36:27.621315
EEC,40.01,40.0,40.02,50000000.0,50000000.0,0,0,0,0,0,0,479,2026-02-04 21:36:27.621315
TGX,45.4,45.39,45.41,50000000.0,50000000.0,0,0,0,0,0,0,480,2026-02-04 21:36:28.675886
PHR,50.71,50.7,50.72,50000000.0,50000000.0,0,0,0,0,0,0,480,2026-02-04 21:36:28.675886
BYL,33.26,33.25,33.27,50000000.0,50000000.0,0,0,0,0,0,0,480,2026-02-04 21:36:28.675886
CLD,71.84,71.83,71.85,50000000.0,50000000.0,0,0,0,0,0,0,480,2026-02-04 21:36:28.675886
GGD,30.84,30.83,30.85,50000000.0,50000000.0,0,0,0,0,0,0,480,2026-02-04 21:36:28.675886
PNR,59.51,59.5,59.52,50000000.0,50000000.0,0,0,0,0,0,0,480,2026-02-04 21:36:28.675886
FSR,32.52,32.51,32.53,50000000.0,50000000.0,0,0,0,0,0,0,480,2026-02-04 21:36:28.675886
ATB,61.18,61.17,61.19,50000000.0,50000000.0,0,0,0,0,0,0,480,2026-02-04 21:36:28.675886
SPK,48.1,48.09,48.11,50000000.0,50000000.0,0,0,0,0,0,0,480,2026-02-04 21:36:28.675886
EEC,40.0,39.99,40.01,50000000.0,50000000.0,0,0,0,0,0,0,480,2026-02-04 21:36:28.675886
TGX,45.36,45.35,45.37,50000000.0,50000000.0,0,0,0,0,0,0,481,2026-02-04 21:36:29.240518
PHR,50.42,50.41,50.43,50000000.0,50000000.0,0,0,0,0,0,0,481,2026-02-04 21:36:29.240518
BYL,33.2,33.19,33.21,50000000.0,50000000.0,0,0,0,0,0,0,481,2026-02-04 21:36:29.240518
CLD,71.69,71.68,71.7,50000000.0,50000000.0,0,0,0,0,0,0,481,2026-02-04 21:36:29.240518
GGD,30.78,30.77,30.79,50000000.0,50000000.0,0,0,0,0,0,0,481,2026-02-04 21:36:29.240518
PNR,58.85,58.84,58.86,50000000.0,50000000.0,0,0,0,0,0,0,481,2026-02-04 21:36:29.240518
FSR,32.54,32.53,32.55,50000000.0,50000000.0,0,0,0,0,0,0,481,2026-02-04 21:36:29.240518
ATB,61.22,61.21,61.23,50000000.0,50000000.0,0,0,0,0,0,0,481,2026-02-04 21:36:29.240518
SPK,48.03,48.02,48.04,50000000.0,50000000.0,0,0,0,0,0,0,481,2026-02-04 21:36:29.240518
EEC,39.84,39.83,39.85,50000000.0,50000000.0,0,0,0,0,0,0,481,2026-02-04 21:36:29.240518
TGX,45.31,45.3,45.32,50000000.0,50000000.0,0,0,0,0,0,0,482,2026-02-04 21:36:30.297333
PHR,50.06,50.05,50.07,50000000.0,50000000.0,0,0,0,0,0,0,482,2026-02-04 21:36:30.297333
BYL,33.36,33.35,33.37,50000000.0,50000000.0,0,0,0,0,0,0,482,2026-02-04 21:36:30.297333
CLD,72.32,72.31,72.33,50000000.0,50000000.0,0,0,0,0,0,0,482,2026-02-04 21:36:30.297333
GGD,30.75,30.74,30.76,50000000.0,50000000.0,0,0,0,0,0,0,482,2026-02-04 21:36:30.297333
PNR,59.09,59.08,59.1,50000000.0,50000000.0,0,0,0,0,0,0,482,2026-02-04 21:36:30.297333
FSR,32.48,32.47,32.49,50000000.0,50000000.0,0,0,0,0,0,0,482,2026-02-04 21:36:30.297333
ATB,61.26,61.25,61.27,50000000.0,50000000.0,0,0,0,0,0,0,482,2026-02-04 21:36:30.297333
SPK,47.78,47.77,47.79,50000000.0,50000000.0,0,0,0,0,0,0,482,2026-02-04 21:36:30.297333
EEC,39.47,39.46,39.48,50000000.0,50000000.0,0,0,0,0,0,0,482,2026-02-04 21:36:30.297333
TGX,45.34,45.33,45.35,50000000.0,50000000.0,0,0,0,0,0,0,483,2026-02-04 21:36:31.348547
PHR,49.63,49.62,49.64,50000000.0,50000000.0,0,0,0,0,0,0,483,2026-02-04 21:36:31.348547
BYL,33.4,33.39,33.41,50000000.0,50000000.0,0,0,0,0,0,0,483,2026-02-04 21:36:31.348547
CLD,72.56,72.55,72.57,50000000.0,50000000.0,0,0,0,0,0,0,483,2026-02-04 21:36:31.348547
GGD,30.67,30.66,30.68,50000000.0,50000000.0,0,0,0,0,0,0,483,2026-02-04 21:36:31.348547
PNR,59.02,59.01,59.03,50000000.0,50000000.0,0,0,0,0,0,0,483,2026-02-04 21:36:31.348547
FSR,32.58,32.57,32.59,50000000.0,50000000.0,0,0,0,0,0,0,483,2026-02-04 21:36:31.348547
ATB,61.29,61.28,61.3,50000000.0,50000000.0,0,0,0,0,0,0,483,2026-02-04 21:36:31.348547
SPK,47.88,47.87,47.89,50000000.0,50000000.0,0,0,0,0,0,0,483,2026-02-04 21:36:31.348547
EEC,39.55,39.54,39.56,50000000.0,50000000.0,0,0,0,0,0,0,483,2026-02-04 21:36:31.348547
TGX,45.31,45.3,45.32,50000000.0,50000000.0,0,0,0,0,0,0,484,2026-02-04 21:36:32.400672
PHR,49.73,49.72,49.74,50000000.0,50000000.0,0,0,0,0,0,0,484,2026-02-04 21:36:32.400672
BYL,33.31,33.3,33.32,50000000.0,50000000.0,0,0,0,0,0,0,484,2026-02-04 21:36:32.400672
CLD,72.11,72.1,72.12,50000000.0,50000000.0,0,0,0,0,0,0,484,2026-02-04 21:36:32.400672
GGD,30.78,30.77,30.79,50000000.0,50000000.0,0,0,0,0,0,0,484,2026-02-04 21:36:32.400672
PNR,59.61,59.6,59.62,50000000.0,50000000.0,0,0,0,0,0,0,484,2026-02-04 21:36:32.400672
FSR,32.59,32.58,32.6,50000000.0,50000000.0,0,0,0,0,0,0,484,2026-02-04 21:36:32.400672
ATB,61.31,61.3,61.32,50000000.0,50000000.0,0,0,0,0,0,0,484,2026-02-04 21:36:32.400672
SPK,47.76,47.75,47.77,50000000.0,50000000.0,0,0,0,0,0,0,484,2026-02-04 21:36:32.400672
EEC,39.39,39.38,39.4,50000000.0,50000000.0,0,0,0,0,0,0,484,2026-02-04 21:36:32.400672
TGX,45.38,45.37,45.39,50000000.0,50000000.0,0,0,0,0,0,0,485,2026-02-04 21:36:33.468317
PHR,49.39,49.38,49.4,50000000.0,50000000.0,0,0,0,0,0,0,485,2026-02-04 21:36:33.468317
BYL,33.36,33.35,33.37,50000000.0,50000000.0,0,0,0,0,0,0,485,2026-02-04 21:36:33.468317
CLD,72.44,72.43,72.45,50000000.0,50000000.0,0,0,0,0,0,0,485,2026-02-04 21:36:33.468317
GGD,30.77,30.76,30.78,50000000.0,50000000.0,0,0,0,0,0,0,485,2026-02-04 21:36:33.468317
PNR,59.23,59.22,59.24,50000000.0,50000000.0,0,0,0,0,0,0,485,2026-02-04 21:36:33.468317
FSR,33.02,33.01,33.03,50000000.0,50000000.0,0,0,0,0,0,0,485,2026-02-04 21:36:33.468317
ATB,60.98,60.97,60.99,50000000.0,50000000.0,0,0,0,0,0,0,485,2026-02-04 21:36:33.468317
SPK,47.59,47.58,47.6,50000000.0,50000000.0,0,0,0,0,0,0,485,2026-02-04 21:36:33.468317
EEC,39.14,39.13,39.15,50000000.0,50000000.0,0,0,0,0,0,0,485,2026-02-04 21:36:33.468317
TGX,45.42,45.41,45.43,50000000.0,50000000.0,0,0,0,0,0,0,486,2026-02-04 21:36:34.683873
PHR,49.38,49.37,49.39,50000000.0,50000000.0,0,0,0,0,0,0,486,2026-02-04 21:36:34.683873
BYL,33.39,33.38,33.4,50000000.0,50000000.0,0,0,0,0,0,0,486,2026-02-04 21:36:34.683873
CLD,72.63,72.62,72.64,50000000.0,50000000.0,0,0,0,0,0,0,486,2026-02-04 21:36:34.683873
GGD,30.83,30.82,30.84,50000000.0,50000000.0,0,0,0,0,0,0,486,2026-02-04 21:36:34.683873
PNR,58.83,58.82,58.84,50000000.0,50000000.0,0,0,0,0,0,0,486,2026-02-04 21:36:34.683873
FSR,33.06,33.05,33.07,50000000.0,50000000.0,0,0,0,0,0,0,486,2026-02-04 21:36:34.683873
ATB,60.91,60.9,60.92,50000000.0,50000000.0,0,0,0,0,0,0,486,2026-02-04 21:36:34.683873
SPK,47.52,47.51,47.53,50000000.0,50000000.0,0,0,0,0,0,0,486,2026-02-04 21:36:34.683873
EEC,39.07,39.06,39.08,50000000.0,50000000.0,0,0,0,0,0,0,486,2026-02-04 21:36:34.683873
TGX,45.46,45.45,45.47,50000000.0,50000000.0,0,0,0,0,0,0,487,2026-02-04 21:36:35.756231,53.0,1.0,486.0,D3-GGD/PNR,Vote Tracking Shows Majority Support,Proxy solicitor reports indicate sufficient votes secured to approve transaction.
PHR,48.99,48.98,49.0,50000000.0,50000000.0,0,0,0,0,0,0,487,2026-02-04 21:36:35.756231,,,,,,
BYL,33.4,33.39,33.41,50000000.0,50000000.0,0,0,0,0,0,0,487,2026-02-04 21:36:35.756231,,,,,,
CLD,72.62,72.61,72.63,50000000.0,50000000.0,0,0,0,0,0,0,487,2026-02-04 21:36:35.756231,,,,,,
GGD,30.76,30.75,30.77,50000000.0,50000000.0,0,0,0,0,0,0,487,2026-02-04 21:36:35.756231,,,,,,
PNR,58.71,58.7,58.72,50000000.0,50000000.0,0,0,0,0,0,0,487,2026-02-04 21:36:35.756231,,,,,,
FSR,33.13,33.12,33.14,50000000.0,50000000.0,0,0,0,0,0,0,487,2026-02-04 21:36:35.756231,,,,,,
ATB,60.68,60.67,60.69,50000000.0,50000000.0,0,0,0,0,0,0,487,2026-02-04 21:36:35.756231,,,,,,
SPK,47.47,47.46,47.48,50000000.0,50000000.0,0,0,0,0,0,0,487,2026-02-04 21:36:35.756231,,,,,,
EEC,38.85,38.84,38.86,50000000.0,50000000.0,0,0,0,0,0,0,487,2026-02-04 21:36:35.756231,,,,,,
TGX,45.49,45.48,45.5,50000000.0,50000000.0,0,0,0,0,0,0,488,2026-02-04 21:36:36.310406
PHR,49.31,49.3,49.32,50000000.0,50000000.0,0,0,0,0,0,0,488,2026-02-04 21:36:36.310406
BYL,33.49,33.48,33.5,50000000.0,50000000.0,0,0,0,0,0,0,488,2026-02-04 21:36:36.310406
CLD,72.93,72.92,72.94,50000000.0,50000000.0,0,0,0,0,0,0,488,2026-02-04 21:36:36.310406
GGD,30.63,30.62,30.64,50000000.0,50000000.0,0,0,0,0,0,0,488,2026-02-04 21:36:36.310406
PNR,58.27,58.26,58.28,50000000.0,50000000.0,0,0,0,0,0,0,488,2026-02-04 21:36:36.310406
FSR,33.07,33.06,33.08,50000000.0,50000000.0,0,0,0,0,0,0,488,2026-02-04 21:36:36.310406
ATB,60.71,60.7,60.72,50000000.0,50000000.0,0,0,0,0,0,0,488,2026-02-04 21:36:36.310406
SPK,47.5,47.49,47.51,50000000.0,50000000.0,0,0,0,0,0,0,488,2026-02-04 21:36:36.310406
EEC,38.83,38.82,38.84,50000000.0,50000000.0,0,0,0,0,0,0,488,2026-02-04 21:36:36.310406
TGX,45.49,45.48,45.5,50000000.0,50000000.0,0,0,0,0,0,0,489,2026-02-04 21:36:37.358555
PHR,49.44,49.43,49.45,50000000.0,50000000.0,0,0,0,0,0,0,489,2026-02-04 21:36:37.358555
BYL,33.4,33.39,33.41,50000000.0,50000000.0,0,0,0,0,0,0,489,2026-02-04 21:36:37.358555
CLD,72.44,72.43,72.45,50000000.0,50000000.0,0,0,0,0,0,0,489,2026-02-04 21:36:37.358555
GGD,30.63,30.62,30.64,50000000.0,50000000.0,0,0,0,0,0,0,489,2026-02-04 21:36:37.358555
PNR,58.2,58.19,58.21,50000000.0,50000000.0,0,0,0,0,0,0,489,2026-02-04 21:36:37.358555
FSR,32.97,32.96,32.98,50000000.0,50000000.0,0,0,0,0,0,0,489,2026-02-04 21:36:37.358555
ATB,60.88,60.87,60.89,50000000.0,50000000.0,0,0,0,0,0,0,489,2026-02-04 21:36:37.358555
SPK,47.67,47.66,47.68,50000000.0,50000000.0,0,0,0,0,0,0,489,2026-02-04 21:36:37.358555
EEC,39.1,39.09,39.11,50000000.0,50000000.0,0,0,0,0,0,0,489,2026-02-04 21:36:37.358555
TGX,45.55,45.54,45.56,50000000.0,50000000.0,0,0,0,0,0,0,490,2026-02-04 21:36:38.416026
PHR,49.6,49.59,49.61,50000000.0,50000000.0,0,0,0,0,0,0,490,2026-02-04 21:36:38.416026
BYL,33.5,33.49,33.51,50000000.0,50000000.0,0,0,0,0,0,0,490,2026-02-04 21:36:38.416026
CLD,72.94,72.93,72.95,50000000.0,50000000.0,0,0,0,0,0,0,490,2026-02-04 21:36:38.416026
GGD,30.78,30.77,30.79,50000000.0,50000000.0,0,0,0,0,0,0,490,2026-02-04 21:36:38.416026
PNR,58.75,58.74,58.76,50000000.0,50000000.0,0,0,0,0,0,0,490,2026-02-04 21:36:38.416026
FSR,33.37,33.36,33.38,50000000.0,50000000.0,0,0,0,0,0,0,490,2026-02-04 21:36:38.416026
ATB,61.01,61.0,61.02,50000000.0,50000000.0,0,0,0,0,0,0,490,2026-02-04 21:36:38.416026
SPK,47.65,47.64,47.66,50000000.0,50000000.0,0,0,0,0,0,0,490,2026-02-04 21:36:38.416026
EEC,39.08,39.07,39.09,50000000.0,50000000.0,0,0,0,0,0,0,490,2026-02-04 21:36:38.416026
TGX,45.55,45.54,45.56,50000000.0,50000000.0,0,0,0,0,0,0,491,2026-02-04 21:36:39.470487
PHR,49.48,49.47,49.49,50000000.0,50000000.0,0,0,0,0,0,0,491,2026-02-04 21:36:39.470487
BYL,33.35,33.34,33.36,50000000.0,50000000.0,0,0,0,0,0,0,491,2026-02-04 21:36:39.470487
CLD,72.44,72.43,72.45,50000000.0,50000000.0,0,0,0,0,0,0,491,2026-02-04 21:36:39.470487
GGD,30.82,30.81,30.83,50000000.0,50000000.0,0,0,0,0,0,0,491,2026-02-04 21:36:39.470487
PNR,58.6,58.59,58.61,50000000.0,50000000.0,0,0,0,0,0,0,491,2026-02-04 21:36:39.470487
FSR,33.35,33.34,33.36,50000000.0,50000000.0,0,0,0,0,0,0,491,2026-02-04 21:36:39.470487
ATB,60.72,60.71,60.73,50000000.0,50000000.0,0,0,0,0,0,0,491,2026-02-04 21:36:39.470487
SPK,47.58,47.57,47.59,50000000.0,50000000.0,0,0,0,0,0,0,491,2026-02-04 21:36:39.470487
EEC,38.95,38.94,38.96,50000000.0,50000000.0,0,0,0,0,0,0,491,2026-02-04 21:36:39.470487
TGX,45.56,45.55,45.57,50000000.0,50000000.0,0,0,0,0,0,0,492,2026-02-04 21:36:40.613948
PHR,49.64,49.63,49.65,50000000.0,50000000.0,0,0,0,0,0,0,492,2026-02-04 21:36:40.613948
BYL,33.35,33.34,33.36,50000000.0,50000000.0,0,0,0,0,0,0,492,2026-02-04 21:36:40.613948
CLD,72.4,72.39,72.41,50000000.0,50000000.0,0,0,0,0,0,0,492,2026-02-04 21:36:40.613948
GGD,30.81,30.8,30.82,50000000.0,50000000.0,0,0,0,0,0,0,492,2026-02-04 21:36:40.613948
PNR,58.25,58.24,58.26,50000000.0,50000000.0,0,0,0,0,0,0,492,2026-02-04 21:36:40.613948
FSR,33.38,33.37,33.39,50000000.0,50000000.0,0,0,0,0,0,0,492,2026-02-04 21:36:40.613948
ATB,60.59,60.58,60.6,50000000.0,50000000.0,0,0,0,0,0,0,492,2026-02-04 21:36:40.613948
SPK,47.49,47.48,47.5,50000000.0,50000000.0,0,0,0,0,0,0,492,2026-02-04 21:36:40.613948
EEC,38.79,38.78,38.8,50000000.0,50000000.0,0,0,0,0,0,0,492,2026-02-04 21:36:40.613948
TGX,45.57,45.56,45.58,50000000.0,50000000.0,0,0,0,0,0,0,493,2026-02-04 21:36:41.691570
PHR,49.8,49.79,49.81,50000000.0,50000000.0,0,0,0,0,0,0,493,2026-02-04 21:36:41.691570
BYL,33.23,33.22,33.24,50000000.0,50000000.0,0,0,0,0,0,0,493,2026-02-04 21:36:41.691570
CLD,72.08,72.07,72.09,50000000.0,50000000.0,0,0,0,0,0,0,493,2026-02-04 21:36:41.691570
GGD,30.67,30.66,30.68,50000000.0,50000000.0,0,0,0,0,0,0,493,2026-02-04 21:36:41.691570
PNR,57.78,57.77,57.79,50000000.0,50000000.0,0,0,0,0,0,0,493,2026-02-04 21:36:41.691570
FSR,33.35,33.34,33.36,50000000.0,50000000.0,0,0,0,0,0,0,493,2026-02-04 21:36:41.691570
ATB,60.49,60.48,60.5,50000000.0,50000000.0,0,0,0,0,0,0,493,2026-02-04 21:36:41.691570
SPK,47.53,47.52,47.54,50000000.0,50000000.0,0,0,0,0,0,0,493,2026-02-04 21:36:41.691570
EEC,38.85,38.84,38.86,50000000.0,50000000.0,0,0,0,0,0,0,493,2026-02-04 21:36:41.691570
TGX,45.56,45.55,45.57,50000000.0,50000000.0,0,0,0,0,0,0,494,2026-02-04 21:36:42.751583
PHR,49.91,49.9,49.92,50000000.0,50000000.0,0,0,0,0,0,0,494,2026-02-04 21:36:42.751583
BYL,33.24,33.23,33.25,50000000.0,50000000.0,0,0,0,0,0,0,494,2026-02-04 21:36:42.751583
CLD,72.01,72.0,72.02,50000000.0,50000000.0,0,0,0,0,0,0,494,2026-02-04 21:36:42.751583
GGD,30.82,30.81,30.83,50000000.0,50000000.0,0,0,0,0,0,0,494,2026-02-04 21:36:42.751583
PNR,58.15,58.14,58.16,50000000.0,50000000.0,0,0,0,0,0,0,494,2026-02-04 21:36:42.751583
FSR,33.8,33.79,33.81,50000000.0,50000000.0,0,0,0,0,0,0,494,2026-02-04 21:36:42.751583
ATB,60.18,60.17,60.19,50000000.0,50000000.0,0,0,0,0,0,0,494,2026-02-04 21:36:42.751583
SPK,47.42,47.41,47.43,50000000.0,50000000.0,0,0,0,0,0,0,494,2026-02-04 21:36:42.751583
EEC,38.71,38.7,38.72,50000000.0,50000000.0,0,0,0,0,0,0,494,2026-02-04 21:36:42.751583
TGX,45.61,45.6,45.62,50000000.0,50000000.0,0,0,0,0,0,0,495,2026-02-04 21:36:43.310355
PHR,49.77,49.76,49.78,50000000.0,50000000.0,0,0,0,0,0,0,495,2026-02-04 21:36:43.310355
BYL,33.23,33.22,33.24,50000000.0,50000000.0,0,0,0,0,0,0,495,2026-02-04 21:36:43.310355
CLD,71.99,71.98,72.0,50000000.0,50000000.0,0,0,0,0,0,0,495,2026-02-04 21:36:43.310355
GGD,30.86,30.85,30.87,50000000.0,50000000.0,0,0,0,0,0,0,495,2026-02-04 21:36:43.310355
PNR,57.67,57.66,57.68,50000000.0,50000000.0,0,0,0,0,0,0,495,2026-02-04 21:36:43.310355
FSR,33.72,33.71,33.73,50000000.0,50000000.0,0,0,0,0,0,0,495,2026-02-04 21:36:43.310355
ATB,59.99,59.98,60.0,50000000.0,50000000.0,0,0,0,0,0,0,495,2026-02-04 21:36:43.310355
SPK,47.55,47.54,47.56,50000000.0,50000000.0,0,0,0,0,0,0,495,2026-02-04 21:36:43.310355
EEC,38.93,38.92,38.94,50000000.0,50000000.0,0,0,0,0,0,0,495,2026-02-04 21:36:43.310355
TGX,45.63,45.62,45.64,50000000.0,50000000.0,0,0,0,0,0,0,496,2026-02-04 21:36:44.363730
PHR,49.36,49.35,49.37,50000000.0,50000000.0,0,0,0,0,0,0,496,2026-02-04 21:36:44.363730
BYL,33.23,33.22,33.24,50000000.0,50000000.0,0,0,0,0,0,0,496,2026-02-04 21:36:44.363730
CLD,72.1,72.09,72.11,50000000.0,50000000.0,0,0,0,0,0,0,496,2026-02-04 21:36:44.363730
GGD,31.0,30.99,31.01,50000000.0,50000000.0,0,0,0,0,0,0,496,2026-02-04 21:36:44.363730
PNR,58.48,58.47,58.49,50000000.0,50000000.0,0,0,0,0,0,0,496,2026-02-04 21:36:44.363730
FSR,33.67,33.66,33.68,50000000.0,50000000.0,0,0,0,0,0,0,496,2026-02-04 21:36:44.363730
ATB,60.05,60.04,60.06,50000000.0,50000000.0,0,0,0,0,0,0,496,2026-02-04 21:36:44.363730
SPK,47.58,47.57,47.59,50000000.0,50000000.0,0,0,0,0,0,0,496,2026-02-04 21:36:44.363730
EEC,39.0,38.99,39.01,50000000.0,50000000.0,0,0,0,0,0,0,496,2026-02-04 21:36:44.363730
TGX,45.62,45.61,45.63,50000000.0,50000000.0,0,0,0,0,0,0,497,2026-02-04 21:36:45.467910
PHR,49.42,49.41,49.43,50000000.0,50000000.0,0,0,0,0,0,0,497,2026-02-04 21:36:45.467910
BYL,33.22,33.21,33.23,50000000.0,50000000.0,0,0,0,0,0,0,497,2026-02-04 21:36:45.467910
CLD,71.98,71.97,71.99,50000000.0,50000000.0,0,0,0,0,0,0,497,2026-02-04 21:36:45.467910
GGD,31.03,31.02,31.04,50000000.0,50000000.0,0,0,0,0,0,0,497,2026-02-04 21:36:45.467910
PNR,58.04,58.03,58.05,50000000.0,50000000.0,0,0,0,0,0,0,497,2026-02-04 21:36:45.467910
FSR,33.77,33.76,33.78,50000000.0,50000000.0,0,0,0,0,0,0,497,2026-02-04 21:36:45.467910
ATB,59.92,59.91,59.93,50000000.0,50000000.0,0,0,0,0,0,0,497,2026-02-04 21:36:45.467910
SPK,47.91,47.9,47.92,50000000.0,50000000.0,0,0,0,0,0,0,497,2026-02-04 21:36:45.467910
EEC,39.45,39.44,39.46,50000000.0,50000000.0,0,0,0,0,0,0,497,2026-02-04 21:36:45.467910
TGX,45.62,45.61,45.63,50000000.0,50000000.0,0,0,0,0,0,0,498,2026-02-04 21:36:46.690625
PHR,49.23,49.22,49.24,50000000.0,50000000.0,0,0,0,0,0,0,498,2026-02-04 21:36:46.690625
BYL,33.1,33.09,33.11,50000000.0,50000000.0,0,0,0,0,0,0,498,2026-02-04 21:36:46.690625
CLD,71.26,71.25,71.27,50000000.0,50000000.0,0,0,0,0,0,0,498,2026-02-04 21:36:46.690625
GGD,31.08,31.07,31.09,50000000.0,50000000.0,0,0,0,0,0,0,498,2026-02-04 21:36:46.690625
PNR,58.55,58.54,58.56,50000000.0,50000000.0,0,0,0,0,0,0,498,2026-02-04 21:36:46.690625
FSR,33.75,33.74,33.76,50000000.0,50000000.0,0,0,0,0,0,0,498,2026-02-04 21:36:46.690625
ATB,60.12,60.11,60.13,50000000.0,50000000.0,0,0,0,0,0,0,498,2026-02-04 21:36:46.690625
SPK,48.09,48.08,48.1,50000000.0,50000000.0,0,0,0,0,0,0,498,2026-02-04 21:36:46.690625
EEC,39.63,39.62,39.64,50000000.0,50000000.0,0,0,0,0,0,0,498,2026-02-04 21:36:46.690625
TGX,45.62,45.61,45.63,50000000.0,50000000.0,0,0,0,0,0,0,499,2026-02-04 21:36:47.780838
PHR,49.15,49.14,49.16,50000000.0,50000000.0,0,0,0,0,0,0,499,2026-02-04 21:36:47.780838
BYL,32.94,32.93,32.95,50000000.0,50000000.0,0,0,0,0,0,0,499,2026-02-04 21:36:47.780838
CLD,70.43,70.42,70.44,50000000.0,50000000.0,0,0,0,0,0,0,499,2026-02-04 21:36:47.780838
GGD,31.17,31.16,31.18,50000000.0,50000000.0,0,0,0,0,0,0,499,2026-02-04 21:36:47.780838
PNR,59.06,59.05,59.07,50000000.0,50000000.0,0,0,0,0,0,0,499,2026-02-04 21:36:47.780838
FSR,33.82,33.81,33.83,50000000.0,50000000.0,0,0,0,0,0,0,499,2026-02-04 21:36:47.780838
ATB,60.0,59.99,60.01,50000000.0,50000000.0,0,0,0,0,0,0,499,2026-02-04 21:36:47.780838
SPK,47.81,47.8,47.82,50000000.0,50000000.0,0,0,0,0,0,0,499,2026-02-04 21:36:47.780838
EEC,39.16,39.15,39.17,50000000.0,50000000.0,0,0,0,0,0,0,499,2026-02-04 21:36:47.780838
TGX,45.61,45.6,45.62,50000000.0,50000000.0,0,0,0,0,0,0,500,2026-02-04 21:36:48.426234
PHR,49.01,49.0,49.02,50000000.0,50000000.0,0,0,0,0,0,0,500,2026-02-04 21:36:48.426234
BYL,32.89,32.88,32.9,50000000.0,50000000.0,0,0,0,0,0,0,500,2026-02-04 21:36:48.426234
CLD,70.31,70.3,70.32,50000000.0,50000000.0,0,0,0,0,0,0,500,2026-02-04 21:36:48.426234
GGD,31.15,31.14,31.16,50000000.0,50000000.0,0,0,0,0,0,0,500,2026-02-04 21:36:48.426234
PNR,59.13,59.12,59.14,50000000.0,50000000.0,0,0,0,0,0,0,500,2026-02-04 21:36:48.426234
FSR,33.78,33.77,33.79,50000000.0,50000000.0,0,0,0,0,0,0,500,2026-02-04 21:36:48.426234
ATB,60.05,60.04,60.06,50000000.0,50000000.0,0,0,0,0,0,0,500,2026-02-04 21:36:48.426234
SPK,47.84,47.83,47.85,50000000.0,50000000.0,0,0,0,0,0,0,500,2026-02-04 21:36:48.426234
EEC,39.25,39.24,39.26,50000000.0,50000000.0,0,0,0,0,0,0,500,2026-02-04 21:36:48.426234
TGX,45.59,45.58,45.6,50000000.0,50000000.0,0,0,0,0,0,0,501,2026-02-04 21:36:49.522769
PHR,48.7,48.69,48.71,50000000.0,50000000.0,0,0,0,0,0,0,501,2026-02-04 21:36:49.522769
BYL,32.95,32.94,32.96,50000000.0,50000000.0,0,0,0,0,0,0,501,2026-02-04 21:36:49.522769
CLD,70.49,70.48,70.5,50000000.0,50000000.0,0,0,0,0,0,0,501,2026-02-04 21:36:49.522769
GGD,31.12,31.11,31.13,50000000.0,50000000.0,0,0,0,0,0,0,501,2026-02-04 21:36:49.522769
PNR,59.37,59.36,59.38,50000000.0,50000000.0,0,0,0,0,0,0,501,2026-02-04 21:36:49.522769
FSR,33.76,33.75,33.77,50000000.0,50000000.0,0,0,0,0,0,0,501,2026-02-04 21:36:49.522769
ATB,60.15,60.14,60.16,50000000.0,50000000.0,0,0,0,0,0,0,501,2026-02-04 21:36:49.522769
SPK,47.85,47.84,47.86,50000000.0,50000000.0,0,0,0,0,0,0,501,2026-02-04 21:36:49.522769
EEC,39.25,39.24,39.26,50000000.0,50000000.0,0,0,0,0,0,0,501,2026-02-04 21:36:49.522769
TGX,45.55,45.54,45.56,50000000.0,50000000.0,0,0,0,0,0,0,502,2026-02-04 21:36:50.486158
PHR,48.42,48.41,48.43,50000000.0,50000000.0,0,0,0,0,0,0,502,2026-02-04 21:36:50.486158
BYL,32.95,32.94,32.96,50000000.0,50000000.0,0,0,0,0,0,0,502,2026-02-04 21:36:50.486158
CLD,70.6,70.59,70.61,50000000.0,50000000.0,0,0,0,0,0,0,502,2026-02-04 21:36:50.486158
GGD,31.24,31.23,31.25,50000000.0,50000000.0,0,0,0,0,0,0,502,2026-02-04 21:36:50.486158
PNR,59.6,59.59,59.61,50000000.0,50000000.0,0,0,0,0,0,0,502,2026-02-04 21:36:50.486158
FSR,33.77,33.76,33.78,50000000.0,50000000.0,0,0,0,0,0,0,502,2026-02-04 21:36:50.486158
ATB,60.22,60.21,60.23,50000000.0,50000000.0,0,0,0,0,0,0,502,2026-02-04 21:36:50.486158
SPK,47.78,47.77,47.79,50000000.0,50000000.0,0,0,0,0,0,0,502,2026-02-04 21:36:50.486158
EEC,39.07,39.06,39.08,50000000.0,50000000.0,0,0,0,0,0,0,502,2026-02-04 21:36:50.486158
TGX,45.52,45.51,45.53,50000000.0,50000000.0,0,0,0,0,0,0,503,2026-02-04 21:36:51.539259
PHR,48.61,48.6,48.62,50000000.0,50000000.0,0,0,0,0,0,0,503,2026-02-04 21:36:51.539259
BYL,32.97,32.96,32.98,50000000.0,50000000.0,0,0,0,0,0,0,503,2026-02-04 21:36:51.539259
CLD,70.8,70.79,70.81,50000000.0,50000000.0,0,0,0,0,0,0,503,2026-02-04 21:36:51.539259
GGD,31.2,31.19,31.21,50000000.0,50000000.0,0,0,0,0,0,0,503,2026-02-04 21:36:51.539259
PNR,59.28,59.27,59.29,50000000.0,50000000.0,0,0,0,0,0,0,503,2026-02-04 21:36:51.539259
FSR,33.66,33.65,33.67,50000000.0,50000000.0,0,0,0,0,0,0,503,2026-02-04 21:36:51.539259
ATB,60.45,60.44,60.46,50000000.0,50000000.0,0,0,0,0,0,0,503,2026-02-04 21:36:51.539259
SPK,47.75,47.74,47.76,50000000.0,50000000.0,0,0,0,0,0,0,503,2026-02-04 21:36:51.539259
EEC,38.94,38.93,38.95,50000000.0,50000000.0,0,0,0,0,0,0,503,2026-02-04 21:36:51.539259
TGX,45.51,45.5,45.52,50000000.0,50000000.0,0,0,0,0,0,0,504,2026-02-04 21:36:52.767936
PHR,48.76,48.75,48.77,50000000.0,50000000.0,0,0,0,0,0,0,504,2026-02-04 21:36:52.767936
BYL,32.86,32.85,32.87,50000000.0,50000000.0,0,0,0,0,0,0,504,2026-02-04 21:36:52.767936
CLD,70.47,70.46,70.48,50000000.0,50000000.0,0,0,0,0,0,0,504,2026-02-04 21:36:52.767936
GGD,31.25,31.24,31.26,50000000.0,50000000.0,0,0,0,0,0,0,504,2026-02-04 21:36:52.767936
PNR,59.2,59.19,59.21,50000000.0,50000000.0,0,0,0,0,0,0,504,2026-02-04 21:36:52.767936
FSR,33.71,33.7,33.72,50000000.0,50000000.0,0,0,0,0,0,0,504,2026-02-04 21:36:52.767936
ATB,60.5,60.49,60.51,50000000.0,50000000.0,0,0,0,0,0,0,504,2026-02-04 21:36:52.767936
SPK,47.58,47.57,47.59,50000000.0,50000000.0,0,0,0,0,0,0,504,2026-02-04 21:36:52.767936
EEC,38.76,38.75,38.77,50000000.0,50000000.0,0,0,0,0,0,0,504,2026-02-04 21:36:52.767936
TGX,45.46,45.45,45.47,50000000.0,50000000.0,0,0,0,0,0,0,505,2026-02-04 21:36:53.350672
PHR,48.98,48.97,48.99,50000000.0,50000000.0,0,0,0,0,0,0,505,2026-02-04 21:36:53.350672
BYL,32.96,32.95,32.97,50000000.0,50000000.0,0,0,0,0,0,0,505,2026-02-04 21:36:53.350672
CLD,70.98,70.97,70.99,50000000.0,50000000.0,0,0,0,0,0,0,505,2026-02-04 21:36:53.350672
GGD,31.32,31.31,31.33,50000000.0,50000000.0,0,0,0,0,0,0,505,2026-02-04 21:36:53.350672
PNR,59.28,59.27,59.29,50000000.0,50000000.0,0,0,0,0,0,0,505,2026-02-04 21:36:53.350672
FSR,33.67,33.66,33.68,50000000.0,50000000.0,0,0,0,0,0,0,505,2026-02-04 21:36:53.350672
ATB,60.53,60.52,60.54,50000000.0,50000000.0,0,0,0,0,0,0,505,2026-02-04 21:36:53.350672
SPK,47.46,47.45,47.47,50000000.0,50000000.0,0,0,0,0,0,0,505,2026-02-04 21:36:53.350672
EEC,38.53,38.52,38.54,50000000.0,50000000.0,0,0,0,0,0,0,505,2026-02-04 21:36:53.350672
TGX,45.47,45.46,45.48,50000000.0,50000000.0,0,0,0,0,0,0,506,2026-02-04 21:36:54.410510
PHR,48.56,48.55,48.57,50000000.0,50000000.0,0,0,0,0,0,0,506,2026-02-04 21:36:54.410510
BYL,32.89,32.88,32.9,50000000.0,50000000.0,0,0,0,0,0,0,506,2026-02-04 21:36:54.410510
CLD,70.55,70.54,70.56,50000000.0,50000000.0,0,0,0,0,0,0,506,2026-02-04 21:36:54.410510
GGD,31.26,31.25,31.27,50000000.0,50000000.0,0,0,0,0,0,0,506,2026-02-04 21:36:54.410510
PNR,59.15,59.14,59.16,50000000.0,50000000.0,0,0,0,0,0,0,506,2026-02-04 21:36:54.410510
FSR,33.64,33.63,33.65,50000000.0,50000000.0,0,0,0,0,0,0,506,2026-02-04 21:36:54.410510
ATB,60.61,60.6,60.62,50000000.0,50000000.0,0,0,0,0,0,0,506,2026-02-04 21:36:54.410510
SPK,47.66,47.65,47.67,50000000.0,50000000.0,0,0,0,0,0,0,506,2026-02-04 21:36:54.410510
EEC,38.81,38.8,38.82,50000000.0,50000000.0,0,0,0,0,0,0,506,2026-02-04 21:36:54.410510
TGX,45.51,45.5,45.52,50000000.0,50000000.0,0,0,0,0,0,0,507,2026-02-04 21:36:55.600935
PHR,48.23,48.22,48.24,50000000.0,50000000.0,0,0,0,0,0,0,507,2026-02-04 21:36:55.600935
BYL,32.93,32.92,32.94,50000000.0,50000000.0,0,0,0,0,0,0,507,2026-02-04 21:36:55.600935
CLD,70.57,70.56,70.58,50000000.0,50000000.0,0,0,0,0,0,0,507,2026-02-04 21:36:55.600935
GGD,31.28,31.27,31.29,50000000.0,50000000.0,0,0,0,0,0,0,507,2026-02-04 21:36:55.600935
PNR,59.04,59.03,59.05,50000000.0,50000000.0,0,0,0,0,0,0,507,2026-02-04 21:36:55.600935
FSR,33.67,33.66,33.68,50000000.0,50000000.0,0,0,0,0,0,0,507,2026-02-04 21:36:55.600935
ATB,60.41,60.4,60.42,50000000.0,50000000.0,0,0,0,0,0,0,507,2026-02-04 21:36:55.600935
SPK,47.6,47.59,47.61,50000000.0,50000000.0,0,0,0,0,0,0,507,2026-02-04 21:36:55.600935
EEC,38.65,38.64,38.66,50000000.0,50000000.0,0,0,0,0,0,0,507,2026-02-04 21:36:55.600935
TGX,45.55,45.54,45.56,50000000.0,50000000.0,0,0,0,0,0,0,508,2026-02-04 21:36:56.687072
PHR,48.05,48.04,48.06,50000000.0,50000000.0,0,0,0,0,0,0,508,2026-02-04 21:36:56.687072
BYL,32.74,32.73,32.75,50000000.0,50000000.0,0,0,0,0,0,0,508,2026-02-04 21:36:56.687072
CLD,70.0,69.99,70.01,50000000.0,50000000.0,0,0,0,0,0,0,508,2026-02-04 21:36:56.687072
GGD,33.13,33.12,33.14,50000000.0,50000000.0,0,0,0,0,0,0,508,2026-02-04 21:36:56.687072
PNR,58.64,58.63,58.65,50000000.0,50000000.0,0,0,0,0,0,0,508,2026-02-04 21:36:56.687072
FSR,33.69,33.68,33.7,50000000.0,50000000.0,0,0,0,0,0,0,508,2026-02-04 21:36:56.687072
ATB,60.39,60.38,60.4,50000000.0,50000000.0,0,0,0,0,0,0,508,2026-02-04 21:36:56.687072
SPK,47.63,47.62,47.64,50000000.0,50000000.0,0,0,0,0,0,0,508,2026-02-04 21:36:56.687072
EEC,38.84,38.83,38.85,50000000.0,50000000.0,0,0,0,0,0,0,508,2026-02-04 21:36:56.687072
TGX,45.53,45.52,45.54,50000000.0,50000000.0,0,0,0,0,0,0,509,2026-02-04 21:36:57.766425
PHR,48.0,47.99,48.01,50000000.0,50000000.0,0,0,0,0,0,0,509,2026-02-04 21:36:57.766425
BYL,32.71,32.7,32.72,50000000.0,50000000.0,0,0,0,0,0,0,509,2026-02-04 21:36:57.766425
CLD,70.0,69.99,70.01,50000000.0,50000000.0,0,0,0,0,0,0,509,2026-02-04 21:36:57.766425
GGD,33.16,33.15,33.17,50000000.0,50000000.0,0,0,0,0,0,0,509,2026-02-04 21:36:57.766425
PNR,58.77,58.76,58.78,50000000.0,50000000.0,0,0,0,0,0,0,509,2026-02-04 21:36:57.766425
FSR,33.7,33.69,33.71,50000000.0,50000000.0,0,0,0,0,0,0,509,2026-02-04 21:36:57.766425
ATB,60.29,60.28,60.3,50000000.0,50000000.0,0,0,0,0,0,0,509,2026-02-04 21:36:57.766425
SPK,47.74,47.73,47.75,50000000.0,50000000.0,0,0,0,0,0,0,509,2026-02-04 21:36:57.766425
EEC,38.86,38.85,38.87,50000000.0,50000000.0,0,0,0,0,0,0,509,2026-02-04 21:36:57.766425
TGX,45.52,45.51,45.53,50000000.0,50000000.0,0,0,0,0,0,0,510,2026-02-04 21:36:58.845901
PHR,47.86,47.85,47.87,50000000.0,50000000.0,0,0,0,0,0,0,510,2026-02-04 21:36:58.845901
BYL,32.64,32.63,32.65,50000000.0,50000000.0,0,0,0,0,0,0,510,2026-02-04 21:36:58.845901
CLD,69.68,69.67,69.69,50000000.0,50000000.0,0,0,0,0,0,0,510,2026-02-04 21:36:58.845901
GGD,33.13,33.12,33.14,50000000.0,50000000.0,0,0,0,0,0,0,510,2026-02-04 21:36:58.845901
PNR,58.81,58.8,58.82,50000000.0,50000000.0,0,0,0,0,0,0,510,2026-02-04 21:36:58.845901
FSR,33.69,33.68,33.7,50000000.0,50000000.0,0,0,0,0,0,0,510,2026-02-04 21:36:58.845901
ATB,60.03,60.02,60.04,50000000.0,50000000.0,0,0,0,0,0,0,510,2026-02-04 21:36:58.845901
SPK,47.75,47.74,47.76,50000000.0,50000000.0,0,0,0,0,0,0,510,2026-02-04 21:36:58.845901
EEC,38.94,38.93,38.95,50000000.0,50000000.0,0,0,0,0,0,0,510,2026-02-04 21:36:58.845901
TGX,45.54,45.53,45.55,50000000.0,50000000.0,0,0,0,0,0,0,511,2026-02-04 21:36:59.411080
PHR,47.71,47.7,47.72,50000000.0,50000000.0,0,0,0,0,0,0,511,2026-02-04 21:36:59.411080
BYL,32.56,32.55,32.57,50000000.0,50000000.0,0,0,0,0,0,0,511,2026-02-04 21:36:59.411080
CLD,69.32,69.31,69.33,50000000.0,50000000.0,0,0,0,0,0,0,511,2026-02-04 21:36:59.411080
GGD,35.1,35.09,35.11,50000000.0,50000000.0,0,0,0,0,0,0,511,2026-02-04 21:36:59.411080
PNR,59.33,59.32,59.34,50000000.0,50000000.0,0,0,0,0,0,0,511,2026-02-04 21:36:59.411080
FSR,33.72,33.71,33.73,50000000.0,50000000.0,0,0,0,0,0,0,511,2026-02-04 21:36:59.411080
ATB,59.8,59.79,59.81,50000000.0,50000000.0,0,0,0,0,0,0,511,2026-02-04 21:36:59.411080
SPK,47.84,47.83,47.85,50000000.0,50000000.0,0,0,0,0,0,0,511,2026-02-04 21:36:59.411080
EEC,39.09,39.08,39.1,50000000.0,50000000.0,0,0,0,0,0,0,511,2026-02-04 21:36:59.411080
TGX,45.56,45.55,45.57,50000000.0,50000000.0,0,0,0,0,0,0,512,2026-02-04 21:37:00.475674
PHR,47.69,47.68,47.7,50000000.0,50000000.0,0,0,0,0,0,0,512,2026-02-04 21:37:00.475674
BYL,32.47,32.46,32.48,50000000.0,50000000.0,0,0,0,0,0,0,512,2026-02-04 21:37:00.475674
CLD,68.85,68.84,68.86,50000000.0,50000000.0,0,0,0,0,0,0,512,2026-02-04 21:37:00.475674
GGD,35.11,35.1,35.12,50000000.0,50000000.0,0,0,0,0,0,0,512,2026-02-04 21:37:00.475674
PNR,59.12,59.11,59.13,50000000.0,50000000.0,0,0,0,0,0,0,512,2026-02-04 21:37:00.475674
FSR,33.73,33.72,33.74,50000000.0,50000000.0,0,0,0,0,0,0,512,2026-02-04 21:37:00.475674
ATB,60.05,60.04,60.06,50000000.0,50000000.0,0,0,0,0,0,0,512,2026-02-04 21:37:00.475674
SPK,47.7,47.69,47.71,50000000.0,50000000.0,0,0,0,0,0,0,512,2026-02-04 21:37:00.475674
EEC,38.97,38.96,38.98,50000000.0,50000000.0,0,0,0,0,0,0,512,2026-02-04 21:37:00.475674
TGX,45.56,45.55,45.57,50000000.0,50000000.0,0,0,0,0,0,0,513,2026-02-04 21:37:01.539793
PHR,47.5,47.49,47.51,50000000.0,50000000.0,0,0,0,0,0,0,513,2026-02-04 21:37:01.539793
BYL,32.35,32.34,32.36,50000000.0,50000000.0,0,0,0,0,0,0,513,2026-02-04 21:37:01.539793
CLD,68.29,68.28,68.3,50000000.0,50000000.0,0,0,0,0,0,0,513,2026-02-04 21:37:01.539793
GGD,35.0,34.99,35.01,50000000.0,50000000.0,0,0,0,0,0,0,513,2026-02-04 21:37:01.539793
PNR,59.02,59.01,59.03,50000000.0,50000000.0,0,0,0,0,0,0,513,2026-02-04 21:37:01.539793
FSR,33.76,33.75,33.77,50000000.0,50000000.0,0,0,0,0,0,0,513,2026-02-04 21:37:01.539793
ATB,60.0,59.99,60.01,50000000.0,50000000.0,0,0,0,0,0,0,513,2026-02-04 21:37:01.539793
SPK,47.82,47.81,47.83,50000000.0,50000000.0,0,0,0,0,0,0,513,2026-02-04 21:37:01.539793
EEC,39.14,39.13,39.15,50000000.0,50000000.0,0,0,0,0,0,0,513,2026-02-04 21:37:01.539793
TGX,45.56,45.55,45.57,50000000.0,50000000.0,0,0,0,0,0,0,514,2026-02-04 21:37:02.587973
PHR,47.09,47.08,47.1,50000000.0,50000000.0,0,0,0,0,0,0,514,2026-02-04 21:37:02.587973
BYL,32.31,32.3,32.32,50000000.0,50000000.0,0,0,0,0,0,0,514,2026-02-04 21:37:02.587973
CLD,68.12,68.11,68.13,50000000.0,50000000.0,0,0,0,0,0,0,514,2026-02-04 21:37:02.587973
GGD,35.09,35.08,35.1,50000000.0,50000000.0,0,0,0,0,0,0,514,2026-02-04 21:37:02.587973
PNR,59.67,59.66,59.68,50000000.0,50000000.0,0,0,0,0,0,0,514,2026-02-04 21:37:02.587973
FSR,33.84,33.83,33.85,50000000.0,50000000.0,0,0,0,0,0,0,514,2026-02-04 21:37:02.587973
ATB,59.96,59.95,59.97,50000000.0,50000000.0,0,0,0,0,0,0,514,2026-02-04 21:37:02.587973
SPK,47.76,47.75,47.77,50000000.0,50000000.0,0,0,0,0,0,0,514,2026-02-04 21:37:02.587973
EEC,38.89,38.88,38.9,50000000.0,50000000.0,0,0,0,0,0,0,514,2026-02-04 21:37:02.587973
TGX,45.52,45.51,45.53,50000000.0,50000000.0,0,0,0,0,0,0,515,2026-02-04 21:37:03.692564
PHR,47.87,47.86,47.88,50000000.0,50000000.0,0,0,0,0,0,0,515,2026-02-04 21:37:03.692564
BYL,32.24,32.23,32.25,50000000.0,50000000.0,0,0,0,0,0,0,515,2026-02-04 21:37:03.692564
CLD,67.9,67.89,67.91,50000000.0,50000000.0,0,0,0,0,0,0,515,2026-02-04 21:37:03.692564
GGD,35.11,35.1,35.12,50000000.0,50000000.0,0,0,0,0,0,0,515,2026-02-04 21:37:03.692564
PNR,59.5,59.49,59.51,50000000.0,50000000.0,0,0,0,0,0,0,515,2026-02-04 21:37:03.692564
FSR,33.84,33.83,33.85,50000000.0,50000000.0,0,0,0,0,0,0,515,2026-02-04 21:37:03.692564
ATB,59.69,59.68,59.7,50000000.0,50000000.0,0,0,0,0,0,0,515,2026-02-04 21:37:03.692564
SPK,47.91,47.9,47.92,50000000.0,50000000.0,0,0,0,0,0,0,515,2026-02-04 21:37:03.692564
EEC,39.01,39.0,39.02,50000000.0,50000000.0,0,0,0,0,0,0,515,2026-02-04 21:37:03.692564
TGX,45.54,45.53,45.55,50000000.0,50000000.0,0,0,0,0,0,0,516,2026-02-04 21:37:04.797354
PHR,47.67,47.66,47.68,50000000.0,50000000.0,0,0,0,0,0,0,516,2026-02-04 21:37:04.797354
BYL,32.19,32.18,32.2,50000000.0,50000000.0,0,0,0,0,0,0,516,2026-02-04 21:37:04.797354
CLD,67.7,67.69,67.71,50000000.0,50000000.0,0,0,0,0,0,0,516,2026-02-04 21:37:04.797354
GGD,35.12,35.11,35.13,50000000.0,50000000.0,0,0,0,0,0,0,516,2026-02-04 21:37:04.797354
PNR,59.64,59.63,59.65,50000000.0,50000000.0,0,0,0,0,0,0,516,2026-02-04 21:37:04.797354
FSR,33.79,33.78,33.8,50000000.0,50000000.0,0,0,0,0,0,0,516,2026-02-04 21:37:04.797354
ATB,59.71,59.7,59.72,50000000.0,50000000.0,0,0,0,0,0,0,516,2026-02-04 21:37:04.797354
SPK,47.88,47.87,47.89,50000000.0,50000000.0,0,0,0,0,0,0,516,2026-02-04 21:37:04.797354
EEC,39.05,39.04,39.06,50000000.0,50000000.0,0,0,0,0,0,0,516,2026-02-04 21:37:04.797354
TGX,45.62,45.61,45.63,50000000.0,50000000.0,0,0,0,0,0,0,517,2026-02-04 21:37:05.871163,54.0,1.0,516.0,D5-SPK/EEC,Developer Retention Incentives,Retention packages for 120 key project developers and renewable energy engineers.
PHR,47.03,47.02,47.04,50000000.0,50000000.0,0,0,0,0,0,0,517,2026-02-04 21:37:05.871163,,,,,,
BYL,32.17,32.16,32.18,50000000.0,50000000.0,0,0,0,0,0,0,517,2026-02-04 21:37:05.871163,,,,,,
CLD,67.57,67.56,67.58,50000000.0,50000000.0,0,0,0,0,0,0,517,2026-02-04 21:37:05.871163,,,,,,
GGD,35.15,35.14,35.16,50000000.0,50000000.0,0,0,0,0,0,0,517,2026-02-04 21:37:05.871163,,,,,,
PNR,59.99,59.98,60.0,50000000.0,50000000.0,0,0,0,0,0,0,517,2026-02-04 21:37:05.871163,,,,,,
FSR,33.82,33.81,33.83,50000000.0,50000000.0,0,0,0,0,0,0,517,2026-02-04 21:37:05.871163,,,,,,
ATB,59.76,59.75,59.77,50000000.0,50000000.0,0,0,0,0,0,0,517,2026-02-04 21:37:05.871163,,,,,,
SPK,47.86,47.85,47.87,50000000.0,50000000.0,0,0,0,0,0,0,517,2026-02-04 21:37:05.871163,,,,,,
EEC,39.1,39.09,39.11,50000000.0,50000000.0,0,0,0,0,0,0,517,2026-02-04 21:37:05.871163,,,,,,
TGX,45.59,45.58,45.6,50000000.0,50000000.0,0,0,0,0,0,0,518,2026-02-04 21:37:06.421442
PHR,46.99,46.98,47.0,50000000.0,50000000.0,0,0,0,0,0,0,518,2026-02-04 21:37:06.421442
BYL,32.17,32.16,32.18,50000000.0,50000000.0,0,0,0,0,0,0,518,2026-02-04 21:37:06.421442
CLD,67.43,67.42,67.44,50000000.0,50000000.0,0,0,0,0,0,0,518,2026-02-04 21:37:06.421442
GGD,35.24,35.23,35.25,50000000.0,50000000.0,0,0,0,0,0,0,518,2026-02-04 21:37:06.421442
PNR,60.4,60.39,60.41,50000000.0,50000000.0,0,0,0,0,0,0,518,2026-02-04 21:37:06.421442
FSR,33.73,33.72,33.74,50000000.0,50000000.0,0,0,0,0,0,0,518,2026-02-04 21:37:06.421442
ATB,59.83,59.82,59.84,50000000.0,50000000.0,0,0,0,0,0,0,518,2026-02-04 21:37:06.421442
SPK,47.86,47.85,47.87,50000000.0,50000000.0,0,0,0,0,0,0,518,2026-02-04 21:37:06.421442
EEC,39.07,39.06,39.08,50000000.0,50000000.0,0,0,0,0,0,0,518,2026-02-04 21:37:06.421442
TGX,45.6,45.59,45.61,50000000.0,50000000.0,0,0,0,0,0,0,519,2026-02-04 21:37:07.466664
PHR,46.81,46.8,46.82,50000000.0,50000000.0,0,0,0,0,0,0,519,2026-02-04 21:37:07.466664
BYL,32.18,32.17,32.19,50000000.0,50000000.0,0,0,0,0,0,0,519,2026-02-04 21:37:07.466664
CLD,67.54,67.53,67.55,50000000.0,50000000.0,0,0,0,0,0,0,519,2026-02-04 21:37:07.466664
GGD,35.19,35.18,35.2,50000000.0,50000000.0,0,0,0,0,0,0,519,2026-02-04 21:37:07.466664
PNR,60.06,60.05,60.07,50000000.0,50000000.0,0,0,0,0,0,0,519,2026-02-04 21:37:07.466664
FSR,33.63,33.62,33.64,50000000.0,50000000.0,0,0,0,0,0,0,519,2026-02-04 21:37:07.466664
ATB,59.71,59.7,59.72,50000000.0,50000000.0,0,0,0,0,0,0,519,2026-02-04 21:37:07.466664
SPK,47.98,47.97,47.99,50000000.0,50000000.0,0,0,0,0,0,0,519,2026-02-04 21:37:07.466664
EEC,39.11,39.1,39.12,50000000.0,50000000.0,0,0,0,0,0,0,519,2026-02-04 21:37:07.466664
TGX,45.54,45.53,45.55,50000000.0,50000000.0,0,0,0,0,0,0,520,2026-02-04 21:37:08.521286
PHR,46.88,46.87,46.89,50000000.0,50000000.0,0,0,0,0,0,0,520,2026-02-04 21:37:08.521286
BYL,32.17,32.16,32.18,50000000.0,50000000.0,0,0,0,0,0,0,520,2026-02-04 21:37:08.521286
CLD,67.27,67.26,67.28,50000000.0,50000000.0,0,0,0,0,0,0,520,2026-02-04 21:37:08.521286
GGD,35.07,35.06,35.08,50000000.0,50000000.0,0,0,0,0,0,0,520,2026-02-04 21:37:08.521286
PNR,59.75,59.74,59.76,50000000.0,50000000.0,0,0,0,0,0,0,520,2026-02-04 21:37:08.521286
FSR,33.71,33.7,33.72,50000000.0,50000000.0,0,0,0,0,0,0,520,2026-02-04 21:37:08.521286
ATB,59.8,59.79,59.81,50000000.0,50000000.0,0,0,0,0,0,0,520,2026-02-04 21:37:08.521286
SPK,47.89,47.88,47.9,50000000.0,50000000.0,0,0,0,0,0,0,520,2026-02-04 21:37:08.521286
EEC,39.11,39.1,39.12,50000000.0,50000000.0,0,0,0,0,0,0,520,2026-02-04 21:37:08.521286
TGX,45.51,45.5,45.52,50000000.0,50000000.0,0,0,0,0,0,0,521,2026-02-04 21:37:09.573671
PHR,47.13,47.12,47.14,50000000.0,50000000.0,0,0,0,0,0,0,521,2026-02-04 21:37:09.573671
BYL,32.19,32.18,32.2,50000000.0,50000000.0,0,0,0,0,0,0,521,2026-02-04 21:37:09.573671
CLD,67.45,67.44,67.46,50000000.0,50000000.0,0,0,0,0,0,0,521,2026-02-04 21:37:09.573671
GGD,35.16,35.15,35.17,50000000.0,50000000.0,0,0,0,0,0,0,521,2026-02-04 21:37:09.573671
PNR,60.32,60.31,60.33,50000000.0,50000000.0,0,0,0,0,0,0,521,2026-02-04 21:37:09.573671
FSR,33.64,33.63,33.65,50000000.0,50000000.0,0,0,0,0,0,0,521,2026-02-04 21:37:09.573671
ATB,59.85,59.84,59.86,50000000.0,50000000.0,0,0,0,0,0,0,521,2026-02-04 21:37:09.573671
SPK,47.88,47.87,47.89,50000000.0,50000000.0,0,0,0,0,0,0,521,2026-02-04 21:37:09.573671
EEC,39.12,39.11,39.13,50000000.0,50000000.0,0,0,0,0,0,0,521,2026-02-04 21:37:09.573671
TGX,45.52,45.51,45.53,50000000.0,50000000.0,0,0,0,0,0,0,522,2026-02-04 21:37:10.634183
PHR,47.1,47.09,47.11,50000000.0,50000000.0,0,0,0,0,0,0,522,2026-02-04 21:37:10.634183
BYL,32.18,32.17,32.19,50000000.0,50000000.0,0,0,0,0,0,0,522,2026-02-04 21:37:10.634183
CLD,67.29,67.28,67.3,50000000.0,50000000.0,0,0,0,0,0,0,522,2026-02-04 21:37:10.634183
GGD,35.17,35.16,35.18,50000000.0,50000000.0,0,0,0,0,0,0,522,2026-02-04 21:37:10.634183
PNR,60.49,60.48,60.5,50000000.0,50000000.0,0,0,0,0,0,0,522,2026-02-04 21:37:10.634183
FSR,33.68,33.67,33.69,50000000.0,50000000.0,0,0,0,0,0,0,522,2026-02-04 21:37:10.634183
ATB,59.95,59.94,59.96,50000000.0,50000000.0,0,0,0,0,0,0,522,2026-02-04 21:37:10.634183
SPK,47.89,47.88,47.9,50000000.0,50000000.0,0,0,0,0,0,0,522,2026-02-04 21:37:10.634183
EEC,39.18,39.17,39.19,50000000.0,50000000.0,0,0,0,0,0,0,522,2026-02-04 21:37:10.634183
TGX,45.56,45.55,45.57,50000000.0,50000000.0,0,0,0,0,0,0,523,2026-02-04 21:37:11.715549,55.0,1.0,522.0,D4-FSR/ATB,Regulatory Applications Filed,"Applications submitted to Federal Reserve, FDIC, OCC, and applicable state banking departments."
PHR,47.2,47.19,47.21,50000000.0,50000000.0,0,0,0,0,0,0,523,2026-02-04 21:37:11.715549,,,,,,
BYL,32.13,32.12,32.14,50000000.0,50000000.0,0,0,0,0,0,0,523,2026-02-04 21:37:11.715549,,,,,,
CLD,67.24,67.23,67.25,50000000.0,50000000.0,0,0,0,0,0,0,523,2026-02-04 21:37:11.715549,,,,,,
GGD,35.23,35.22,35.24,50000000.0,50000000.0,0,0,0,0,0,0,523,2026-02-04 21:37:11.715549,,,,,,
PNR,60.9,60.89,60.91,50000000.0,50000000.0,0,0,0,0,0,0,523,2026-02-04 21:37:11.715549,,,,,,
FSR,33.68,33.67,33.69,50000000.0,50000000.0,0,0,0,0,0,0,523,2026-02-04 21:37:11.715549,,,,,,
ATB,59.98,59.97,59.99,50000000.0,50000000.0,0,0,0,0,0,0,523,2026-02-04 21:37:11.715549,,,,,,
SPK,47.89,47.88,47.9,50000000.0,50000000.0,0,0,0,0,0,0,523,2026-02-04 21:37:11.715549,,,,,,
EEC,39.12,39.11,39.13,50000000.0,50000000.0,0,0,0,0,0,0,523,2026-02-04 21:37:11.715549,,,,,,
TGX,45.51,45.5,45.52,50000000.0,50000000.0,0,0,0,0,0,0,524,2026-02-04 21:37:12.865424
PHR,47.27,47.26,47.28,50000000.0,50000000.0,0,0,0,0,0,0,524,2026-02-04 21:37:12.865424
BYL,32.3,32.29,32.31,50000000.0,50000000.0,0,0,0,0,0,0,524,2026-02-04 21:37:12.865424
CLD,67.8,67.79,67.81,50000000.0,50000000.0,0,0,0,0,0,0,524,2026-02-04 21:37:12.865424
GGD,35.18,35.17,35.19,50000000.0,50000000.0,0,0,0,0,0,0,524,2026-02-04 21:37:12.865424
PNR,60.73,60.72,60.74,50000000.0,50000000.0,0,0,0,0,0,0,524,2026-02-04 21:37:12.865424
FSR,33.72,33.71,33.73,50000000.0,50000000.0,0,0,0,0,0,0,524,2026-02-04 21:37:12.865424
ATB,59.78,59.77,59.79,50000000.0,50000000.0,0,0,0,0,0,0,524,2026-02-04 21:37:12.865424
SPK,47.76,47.75,47.77,50000000.0,50000000.0,0,0,0,0,0,0,524,2026-02-04 21:37:12.865424
EEC,38.92,38.91,38.93,50000000.0,50000000.0,0,0,0,0,0,0,524,2026-02-04 21:37:12.865424
TGX,45.54,45.53,45.55,50000000.0,50000000.0,0,0,0,0,0,0,525,2026-02-04 21:37:13.454615
PHR,47.54,47.53,47.55,50000000.0,50000000.0,0,0,0,0,0,0,525,2026-02-04 21:37:13.454615
BYL,32.25,32.24,32.26,50000000.0,50000000.0,0,0,0,0,0,0,525,2026-02-04 21:37:13.454615
CLD,67.76,67.75,67.77,50000000.0,50000000.0,0,0,0,0,0,0,525,2026-02-04 21:37:13.454615
GGD,35.17,35.16,35.18,50000000.0,50000000.0,0,0,0,0,0,0,525,2026-02-04 21:37:13.454615
PNR,60.55,60.54,60.56,50000000.0,50000000.0,0,0,0,0,0,0,525,2026-02-04 21:37:13.454615
FSR,33.68,33.67,33.69,50000000.0,50000000.0,0,0,0,0,0,0,525,2026-02-04 21:37:13.454615
ATB,59.86,59.85,59.87,50000000.0,50000000.0,0,0,0,0,0,0,525,2026-02-04 21:37:13.454615
SPK,47.62,47.61,47.63,50000000.0,50000000.0,0,0,0,0,0,0,525,2026-02-04 21:37:13.454615
EEC,38.72,38.71,38.73,50000000.0,50000000.0,0,0,0,0,0,0,525,2026-02-04 21:37:13.454615
TGX,45.48,45.47,45.49,50000000.0,50000000.0,0,0,0,0,0,0,526,2026-02-04 21:37:14.509765
PHR,46.83,46.82,46.84,50000000.0,50000000.0,0,0,0,0,0,0,526,2026-02-04 21:37:14.509765
BYL,32.18,32.17,32.19,50000000.0,50000000.0,0,0,0,0,0,0,526,2026-02-04 21:37:14.509765
CLD,67.56,67.55,67.57,50000000.0,50000000.0,0,0,0,0,0,0,526,2026-02-04 21:37:14.509765
GGD,35.22,35.21,35.23,50000000.0,50000000.0,0,0,0,0,0,0,526,2026-02-04 21:37:14.509765
PNR,60.6,60.59,60.61,50000000.0,50000000.0,0,0,0,0,0,0,526,2026-02-04 21:37:14.509765
FSR,33.6,33.59,33.61,50000000.0,50000000.0,0,0,0,0,0,0,526,2026-02-04 21:37:14.509765
ATB,59.67,59.66,59.68,50000000.0,50000000.0,0,0,0,0,0,0,526,2026-02-04 21:37:14.509765
SPK,47.62,47.61,47.63,50000000.0,50000000.0,0,0,0,0,0,0,526,2026-02-04 21:37:14.509765
EEC,38.76,38.75,38.77,50000000.0,50000000.0,0,0,0,0,0,0,526,2026-02-04 21:37:14.509765
TGX,45.53,45.52,45.54,50000000.0,50000000.0,0,0,0,0,0,0,527,2026-02-04 21:37:15.555029
PHR,46.9,46.89,46.91,50000000.0,50000000.0,0,0,0,0,0,0,527,2026-02-04 21:37:15.555029
BYL,32.21,32.2,32.22,50000000.0,50000000.0,0,0,0,0,0,0,527,2026-02-04 21:37:15.555029
CLD,67.44,67.43,67.45,50000000.0,50000000.0,0,0,0,0,0,0,527,2026-02-04 21:37:15.555029
GGD,35.26,35.25,35.27,50000000.0,50000000.0,0,0,0,0,0,0,527,2026-02-04 21:37:15.555029
PNR,60.55,60.54,60.56,50000000.0,50000000.0,0,0,0,0,0,0,527,2026-02-04 21:37:15.555029
FSR,33.59,33.58,33.6,50000000.0,50000000.0,0,0,0,0,0,0,527,2026-02-04 21:37:15.555029
ATB,59.61,59.6,59.62,50000000.0,50000000.0,0,0,0,0,0,0,527,2026-02-04 21:37:15.555029
SPK,47.61,47.6,47.62,50000000.0,50000000.0,0,0,0,0,0,0,527,2026-02-04 21:37:15.555029
EEC,38.64,38.63,38.65,50000000.0,50000000.0,0,0,0,0,0,0,527,2026-02-04 21:37:15.555029
TGX,45.51,45.5,45.52,50000000.0,50000000.0,0,0,0,0,0,0,528,2026-02-04 21:37:16.598925
PHR,47.39,47.38,47.4,50000000.0,50000000.0,0,0,0,0,0,0,528,2026-02-04 21:37:16.598925
BYL,32.24,32.23,32.25,50000000.0,50000000.0,0,0,0,0,0,0,528,2026-02-04 21:37:16.598925
CLD,67.46,67.45,67.47,50000000.0,50000000.0,0,0,0,0,0,0,528,2026-02-04 21:37:16.598925
GGD,35.17,35.16,35.18,50000000.0,50000000.0,0,0,0,0,0,0,528,2026-02-04 21:37:16.598925
PNR,60.42,60.41,60.43,50000000.0,50000000.0,0,0,0,0,0,0,528,2026-02-04 21:37:16.598925
FSR,33.62,33.61,33.63,50000000.0,50000000.0,0,0,0,0,0,0,528,2026-02-04 21:37:16.598925
ATB,59.62,59.61,59.63,50000000.0,50000000.0,0,0,0,0,0,0,528,2026-02-04 21:37:16.598925
SPK,47.62,47.61,47.63,50000000.0,50000000.0,0,0,0,0,0,0,528,2026-02-04 21:37:16.598925
EEC,38.63,38.62,38.64,50000000.0,50000000.0,0,0,0,0,0,0,528,2026-02-04 21:37:16.598925
TGX,45.51,45.5,45.52,50000000.0,50000000.0,0,0,0,0,0,0,529,2026-02-04 21:37:17.642061,56.0,1.0,528.0,D2-BYL/CLD,CloudSys Management Provides Updated Market Outlook,"CloudSys management has updated its forward guidance in a routine investor communication, revising certain operating assumptions while maintaining its overall strategic outlook. The revised projections reflect mixed conditions in the cloud software sector, with some metrics trending above prior expectations and others showing softness. Market participants are debating whether the update strengthens or weakens the economic rationale for the proposed combination with ByteLayer."
PHR,47.28,47.27,47.29,50000000.0,50000000.0,0,0,0,0,0,0,529,2026-02-04 21:37:17.642061,,,,,,
BYL,32.32,32.31,32.33,50000000.0,50000000.0,0,0,0,0,0,0,529,2026-02-04 21:37:17.642061,,,,,,
CLD,67.92,67.91,67.93,50000000.0,50000000.0,0,0,0,0,0,0,529,2026-02-04 21:37:17.642061,,,,,,
GGD,35.14,35.13,35.15,50000000.0,50000000.0,0,0,0,0,0,0,529,2026-02-04 21:37:17.642061,,,,,,
PNR,60.25,60.24,60.26,50000000.0,50000000.0,0,0,0,0,0,0,529,2026-02-04 21:37:17.642061,,,,,,
FSR,33.6,33.59,33.61,50000000.0,50000000.0,0,0,0,0,0,0,529,2026-02-04 21:37:17.642061,,,,,,
ATB,59.73,59.72,59.74,50000000.0,50000000.0,0,0,0,0,0,0,529,2026-02-04 21:37:17.642061,,,,,,
SPK,47.56,47.55,47.57,50000000.0,50000000.0,0,0,0,0,0,0,529,2026-02-04 21:37:17.642061,,,,,,
EEC,38.54,38.53,38.55,50000000.0,50000000.0,0,0,0,0,0,0,529,2026-02-04 21:37:17.642061,,,,,,
TGX,45.51,45.5,45.52,50000000.0,50000000.0,0,0,0,0,0,0,530,2026-02-04 21:37:18.689356
PHR,47.22,47.21,47.23,50000000.0,50000000.0,0,0,0,0,0,0,530,2026-02-04 21:37:18.689356
BYL,32.35,32.34,32.36,50000000.0,50000000.0,0,0,0,0,0,0,530,2026-02-04 21:37:18.689356
CLD,68.11,68.1,68.12,50000000.0,50000000.0,0,0,0,0,0,0,530,2026-02-04 21:37:18.689356
GGD,35.2,35.19,35.21,50000000.0,50000000.0,0,0,0,0,0,0,530,2026-02-04 21:37:18.689356
PNR,60.34,60.33,60.35,50000000.0,50000000.0,0,0,0,0,0,0,530,2026-02-04 21:37:18.689356
FSR,33.65,33.64,33.66,50000000.0,50000000.0,0,0,0,0,0,0,530,2026-02-04 21:37:18.689356
ATB,59.76,59.75,59.77,50000000.0,50000000.0,0,0,0,0,0,0,530,2026-02-04 21:37:18.689356
SPK,47.42,47.41,47.43,50000000.0,50000000.0,0,0,0,0,0,0,530,2026-02-04 21:37:18.689356
EEC,38.47,38.46,38.48,50000000.0,50000000.0,0,0,0,0,0,0,530,2026-02-04 21:37:18.689356
TGX,45.54,45.53,45.55,50000000.0,50000000.0,0,0,0,0,0,0,531,2026-02-04 21:37:19.752462
PHR,47.35,47.34,47.36,50000000.0,50000000.0,0,0,0,0,0,0,531,2026-02-04 21:37:19.752462
BYL,32.21,32.2,32.22,50000000.0,50000000.0,0,0,0,0,0,0,531,2026-02-04 21:37:19.752462
CLD,67.74,67.73,67.75,50000000.0,50000000.0,0,0,0,0,0,0,531,2026-02-04 21:37:19.752462
GGD,35.17,35.16,35.18,50000000.0,50000000.0,0,0,0,0,0,0,531,2026-02-04 21:37:19.752462
PNR,60.53,60.52,60.54,50000000.0,50000000.0,0,0,0,0,0,0,531,2026-02-04 21:37:19.752462
FSR,33.75,33.74,33.76,50000000.0,50000000.0,0,0,0,0,0,0,531,2026-02-04 21:37:19.752462
ATB,59.95,59.94,59.96,50000000.0,50000000.0,0,0,0,0,0,0,531,2026-02-04 21:37:19.752462
SPK,47.62,47.61,47.63,50000000.0,50000000.0,0,0,0,0,0,0,531,2026-02-04 21:37:19.752462
EEC,38.78,38.77,38.79,50000000.0,50000000.0,0,0,0,0,0,0,531,2026-02-04 21:37:19.752462
TGX,45.49,45.48,45.5,50000000.0,50000000.0,0,0,0,0,0,0,532,2026-02-04 21:37:20.833238
PHR,47.49,47.48,47.5,50000000.0,50000000.0,0,0,0,0,0,0,532,2026-02-04 21:37:20.833238
BYL,32.33,32.32,32.34,50000000.0,50000000.0,0,0,0,0,0,0,532,2026-02-04 21:37:20.833238
CLD,68.11,68.1,68.12,50000000.0,50000000.0,0,0,0,0,0,0,532,2026-02-04 21:37:20.833238
GGD,35.21,35.2,35.22,50000000.0,50000000.0,0,0,0,0,0,0,532,2026-02-04 21:37:20.833238
PNR,60.27,60.26,60.28,50000000.0,50000000.0,0,0,0,0,0,0,532,2026-02-04 21:37:20.833238
FSR,33.69,33.68,33.7,50000000.0,50000000.0,0,0,0,0,0,0,532,2026-02-04 21:37:20.833238
ATB,60.17,60.16,60.18,50000000.0,50000000.0,0,0,0,0,0,0,532,2026-02-04 21:37:20.833238
SPK,47.73,47.72,47.74,50000000.0,50000000.0,0,0,0,0,0,0,532,2026-02-04 21:37:20.833238
EEC,38.99,38.98,39.0,50000000.0,50000000.0,0,0,0,0,0,0,532,2026-02-04 21:37:20.833238
TGX,45.57,45.56,45.58,50000000.0,50000000.0,0,0,0,0,0,0,533,2026-02-04 21:37:21.930917
PHR,47.74,47.73,47.75,50000000.0,50000000.0,0,0,0,0,0,0,533,2026-02-04 21:37:21.930917
BYL,32.34,32.33,32.35,50000000.0,50000000.0,0,0,0,0,0,0,533,2026-02-04 21:37:21.930917
CLD,68.18,68.17,68.19,50000000.0,50000000.0,0,0,0,0,0,0,533,2026-02-04 21:37:21.930917
GGD,35.14,35.13,35.15,50000000.0,50000000.0,0,0,0,0,0,0,533,2026-02-04 21:37:21.930917
PNR,59.93,59.92,59.94,50000000.0,50000000.0,0,0,0,0,0,0,533,2026-02-04 21:37:21.930917
FSR,33.63,33.62,33.64,50000000.0,50000000.0,0,0,0,0,0,0,533,2026-02-04 21:37:21.930917
ATB,60.53,60.52,60.54,50000000.0,50000000.0,0,0,0,0,0,0,533,2026-02-04 21:37:21.930917
SPK,47.44,47.43,47.45,50000000.0,50000000.0,0,0,0,0,0,0,533,2026-02-04 21:37:21.930917
EEC,38.53,38.52,38.54,50000000.0,50000000.0,0,0,0,0,0,0,533,2026-02-04 21:37:21.930917
TGX,45.58,45.57,45.59,50000000.0,50000000.0,0,0,0,0,0,0,534,2026-02-04 21:37:22.506700
PHR,47.57,47.56,47.58,50000000.0,50000000.0,0,0,0,0,0,0,534,2026-02-04 21:37:22.506700
BYL,32.4,32.39,32.41,50000000.0,50000000.0,0,0,0,0,0,0,534,2026-02-04 21:37:22.506700
CLD,68.48,68.47,68.49,50000000.0,50000000.0,0,0,0,0,0,0,534,2026-02-04 21:37:22.506700
GGD,35.09,35.08,35.1,50000000.0,50000000.0,0,0,0,0,0,0,534,2026-02-04 21:37:22.506700
PNR,60.22,60.21,60.23,50000000.0,50000000.0,0,0,0,0,0,0,534,2026-02-04 21:37:22.506700
FSR,33.67,33.66,33.68,50000000.0,50000000.0,0,0,0,0,0,0,534,2026-02-04 21:37:22.506700
ATB,60.5,60.49,60.51,50000000.0,50000000.0,0,0,0,0,0,0,534,2026-02-04 21:37:22.506700
SPK,47.4,47.39,47.41,50000000.0,50000000.0,0,0,0,0,0,0,534,2026-02-04 21:37:22.506700
EEC,38.55,38.54,38.56,50000000.0,50000000.0,0,0,0,0,0,0,534,2026-02-04 21:37:22.506700
TGX,45.57,45.56,45.58,50000000.0,50000000.0,0,0,0,0,0,0,535,2026-02-04 21:37:23.559462
PHR,47.85,47.84,47.86,50000000.0,50000000.0,0,0,0,0,0,0,535,2026-02-04 21:37:23.559462
BYL,32.5,32.49,32.51,50000000.0,50000000.0,0,0,0,0,0,0,535,2026-02-04 21:37:23.559462
CLD,68.79,68.78,68.8,50000000.0,50000000.0,0,0,0,0,0,0,535,2026-02-04 21:37:23.559462
GGD,35.16,35.15,35.17,50000000.0,50000000.0,0,0,0,0,0,0,535,2026-02-04 21:37:23.559462
PNR,60.16,60.15,60.17,50000000.0,50000000.0,0,0,0,0,0,0,535,2026-02-04 21:37:23.559462
FSR,33.73,33.72,33.74,50000000.0,50000000.0,0,0,0,0,0,0,535,2026-02-04 21:37:23.559462
ATB,60.55,60.54,60.56,50000000.0,50000000.0,0,0,0,0,0,0,535,2026-02-04 21:37:23.559462
SPK,47.63,47.62,47.64,50000000.0,50000000.0,0,0,0,0,0,0,535,2026-02-04 21:37:23.559462
EEC,38.82,38.81,38.83,50000000.0,50000000.0,0,0,0,0,0,0,535,2026-02-04 21:37:23.559462
TGX,45.55,45.54,45.56,50000000.0,50000000.0,0,0,0,0,0,0,536,2026-02-04 21:37:24.608180
PHR,47.71,47.7,47.72,50000000.0,50000000.0,0,0,0,0,0,0,536,2026-02-04 21:37:24.608180
BYL,32.57,32.56,32.58,50000000.0,50000000.0,0,0,0,0,0,0,536,2026-02-04 21:37:24.608180
CLD,68.9,68.89,68.91,50000000.0,50000000.0,0,0,0,0,0,0,536,2026-02-04 21:37:24.608180
GGD,34.99,34.98,35.0,50000000.0,50000000.0,0,0,0,0,0,0,536,2026-02-04 21:37:24.608180
PNR,60.02,60.01,60.03,50000000.0,50000000.0,0,0,0,0,0,0,536,2026-02-04 21:37:24.608180
FSR,33.7,33.69,33.71,50000000.0,50000000.0,0,0,0,0,0,0,536,2026-02-04 21:37:24.608180
ATB,60.51,60.5,60.52,50000000.0,50000000.0,0,0,0,0,0,0,536,2026-02-04 21:37:24.608180
SPK,47.62,47.61,47.63,50000000.0,50000000.0,0,0,0,0,0,0,536,2026-02-04 21:37:24.608180
EEC,38.8,38.79,38.81,50000000.0,50000000.0,0,0,0,0,0,0,536,2026-02-04 21:37:24.608180
TGX,45.59,45.58,45.6,50000000.0,50000000.0,0,0,0,0,0,0,537,2026-02-04 21:37:25.677904
PHR,47.49,47.48,47.5,50000000.0,50000000.0,0,0,0,0,0,0,537,2026-02-04 21:37:25.677904
BYL,32.48,32.47,32.49,50000000.0,50000000.0,0,0,0,0,0,0,537,2026-02-04 21:37:25.677904
CLD,68.73,68.72,68.74,50000000.0,50000000.0,0,0,0,0,0,0,537,2026-02-04 21:37:25.677904
GGD,35.04,35.03,35.05,50000000.0,50000000.0,0,0,0,0,0,0,537,2026-02-04 21:37:25.677904
PNR,59.68,59.67,59.69,50000000.0,50000000.0,0,0,0,0,0,0,537,2026-02-04 21:37:25.677904
FSR,33.74,33.73,33.75,50000000.0,50000000.0,0,0,0,0,0,0,537,2026-02-04 21:37:25.677904
ATB,60.2,60.19,60.21,50000000.0,50000000.0,0,0,0,0,0,0,537,2026-02-04 21:37:25.677904
SPK,47.77,47.76,47.78,50000000.0,50000000.0,0,0,0,0,0,0,537,2026-02-04 21:37:25.677904
EEC,38.98,38.97,38.99,50000000.0,50000000.0,0,0,0,0,0,0,537,2026-02-04 21:37:25.677904
TGX,45.52,45.51,45.53,50000000.0,50000000.0,0,0,0,0,0,0,538,2026-02-04 21:37:26.729157
PHR,47.4,47.39,47.41,50000000.0,50000000.0,0,0,0,0,0,0,538,2026-02-04 21:37:26.729157
BYL,32.44,32.43,32.45,50000000.0,50000000.0,0,0,0,0,0,0,538,2026-02-04 21:37:26.729157
CLD,68.46,68.45,68.47,50000000.0,50000000.0,0,0,0,0,0,0,538,2026-02-04 21:37:26.729157
GGD,35.11,35.1,35.12,50000000.0,50000000.0,0,0,0,0,0,0,538,2026-02-04 21:37:26.729157
PNR,59.86,59.85,59.87,50000000.0,50000000.0,0,0,0,0,0,0,538,2026-02-04 21:37:26.729157
FSR,33.68,33.67,33.69,50000000.0,50000000.0,0,0,0,0,0,0,538,2026-02-04 21:37:26.729157
ATB,60.36,60.35,60.37,50000000.0,50000000.0,0,0,0,0,0,0,538,2026-02-04 21:37:26.729157
SPK,47.65,47.64,47.66,50000000.0,50000000.0,0,0,0,0,0,0,538,2026-02-04 21:37:26.729157
EEC,38.75,38.74,38.76,50000000.0,50000000.0,0,0,0,0,0,0,538,2026-02-04 21:37:26.729157
TGX,45.52,45.51,45.53,50000000.0,50000000.0,0,0,0,0,0,0,539,2026-02-04 21:37:27.810746
PHR,47.48,47.47,47.49,50000000.0,50000000.0,0,0,0,0,0,0,539,2026-02-04 21:37:27.810746
BYL,32.35,32.34,32.36,50000000.0,50000000.0,0,0,0,0,0,0,539,2026-02-04 21:37:27.810746
CLD,68.39,68.38,68.4,50000000.0,50000000.0,0,0,0,0,0,0,539,2026-02-04 21:37:27.810746
GGD,35.17,35.16,35.18,50000000.0,50000000.0,0,0,0,0,0,0,539,2026-02-04 21:37:27.810746
PNR,59.9,59.89,59.91,50000000.0,50000000.0,0,0,0,0,0,0,539,2026-02-04 21:37:27.810746
FSR,33.59,33.58,33.6,50000000.0,50000000.0,0,0,0,0,0,0,539,2026-02-04 21:37:27.810746
ATB,60.56,60.55,60.57,50000000.0,50000000.0,0,0,0,0,0,0,539,2026-02-04 21:37:27.810746
SPK,47.61,47.6,47.62,50000000.0,50000000.0,0,0,0,0,0,0,539,2026-02-04 21:37:27.810746
EEC,38.71,38.7,38.72,50000000.0,50000000.0,0,0,0,0,0,0,539,2026-02-04 21:37:27.810746
TGX,45.52,45.51,45.53,50000000.0,50000000.0,0,0,0,0,0,0,540,2026-02-04 21:37:28.903909
PHR,47.62,47.61,47.63,50000000.0,50000000.0,0,0,0,0,0,0,540,2026-02-04 21:37:28.903909
BYL,32.32,32.31,32.33,50000000.0,50000000.0,0,0,0,0,0,0,540,2026-02-04 21:37:28.903909
CLD,68.15,68.14,68.16,50000000.0,50000000.0,0,0,0,0,0,0,540,2026-02-04 21:37:28.903909
GGD,35.19,35.18,35.2,50000000.0,50000000.0,0,0,0,0,0,0,540,2026-02-04 21:37:28.903909
PNR,60.36,60.35,60.37,50000000.0,50000000.0,0,0,0,0,0,0,540,2026-02-04 21:37:28.903909
FSR,33.99,33.98,34.0,50000000.0,50000000.0,0,0,0,0,0,0,540,2026-02-04 21:37:28.903909
ATB,60.45,60.44,60.46,50000000.0,50000000.0,0,0,0,0,0,0,540,2026-02-04 21:37:28.903909
SPK,47.48,47.47,47.49,50000000.0,50000000.0,0,0,0,0,0,0,540,2026-02-04 21:37:28.903909
EEC,38.49,38.48,38.5,50000000.0,50000000.0,0,0,0,0,0,0,540,2026-02-04 21:37:28.903909
TGX,45.55,45.54,45.56,50000000.0,50000000.0,0,0,0,0,0,0,541,2026-02-04 21:37:29.976104
PHR,47.4,47.39,47.41,50000000.0,50000000.0,0,0,0,0,0,0,541,2026-02-04 21:37:29.976104
BYL,32.47,32.46,32.48,50000000.0,50000000.0,0,0,0,0,0,0,541,2026-02-04 21:37:29.976104
CLD,68.91,68.9,68.92,50000000.0,50000000.0,0,0,0,0,0,0,541,2026-02-04 21:37:29.976104
GGD,35.09,35.08,35.1,50000000.0,50000000.0,0,0,0,0,0,0,541,2026-02-04 21:37:29.976104
PNR,60.45,60.44,60.46,50000000.0,50000000.0,0,0,0,0,0,0,541,2026-02-04 21:37:29.976104
FSR,34.07,34.06,34.08,50000000.0,50000000.0,0,0,0,0,0,0,541,2026-02-04 21:37:29.976104
ATB,60.44,60.43,60.45,50000000.0,50000000.0,0,0,0,0,0,0,541,2026-02-04 21:37:29.976104
SPK,47.46,47.45,47.47,50000000.0,50000000.0,0,0,0,0,0,0,541,2026-02-04 21:37:29.976104
EEC,38.47,38.46,38.48,50000000.0,50000000.0,0,0,0,0,0,0,541,2026-02-04 21:37:29.976104
TGX,45.55,45.54,45.56,50000000.0,50000000.0,0,0,0,0,0,0,542,2026-02-04 21:37:30.549654
PHR,47.16,47.15,47.17,50000000.0,50000000.0,0,0,0,0,0,0,542,2026-02-04 21:37:30.549654
BYL,32.39,32.38,32.4,50000000.0,50000000.0,0,0,0,0,0,0,542,2026-02-04 21:37:30.549654
CLD,68.62,68.61,68.63,50000000.0,50000000.0,0,0,0,0,0,0,542,2026-02-04 21:37:30.549654
GGD,35.17,35.16,35.18,50000000.0,50000000.0,0,0,0,0,0,0,542,2026-02-04 21:37:30.549654
PNR,60.75,60.74,60.76,50000000.0,50000000.0,0,0,0,0,0,0,542,2026-02-04 21:37:30.549654
FSR,34.1,34.09,34.11,50000000.0,50000000.0,0,0,0,0,0,0,542,2026-02-04 21:37:30.549654
ATB,60.28,60.27,60.29,50000000.0,50000000.0,0,0,0,0,0,0,542,2026-02-04 21:37:30.549654
SPK,47.36,47.35,47.37,50000000.0,50000000.0,0,0,0,0,0,0,542,2026-02-04 21:37:30.549654
EEC,38.39,38.38,38.4,50000000.0,50000000.0,0,0,0,0,0,0,542,2026-02-04 21:37:30.549654
TGX,45.52,45.51,45.53,50000000.0,50000000.0,0,0,0,0,0,0,543,2026-02-04 21:37:31.609316
PHR,46.84,46.83,46.85,50000000.0,50000000.0,0,0,0,0,0,0,543,2026-02-04 21:37:31.609316
BYL,32.54,32.53,32.55,50000000.0,50000000.0,0,0,0,0,0,0,543,2026-02-04 21:37:31.609316
CLD,68.8,68.79,68.81,50000000.0,50000000.0,0,0,0,0,0,0,543,2026-02-04 21:37:31.609316
GGD,35.12,35.11,35.13,50000000.0,50000000.0,0,0,0,0,0,0,543,2026-02-04 21:37:31.609316
PNR,60.7,60.69,60.71,50000000.0,50000000.0,0,0,0,0,0,0,543,2026-02-04 21:37:31.609316
FSR,34.11,34.1,34.12,50000000.0,50000000.0,0,0,0,0,0,0,543,2026-02-04 21:37:31.609316
ATB,60.24,60.23,60.25,50000000.0,50000000.0,0,0,0,0,0,0,543,2026-02-04 21:37:31.609316
SPK,47.38,47.37,47.39,50000000.0,50000000.0,0,0,0,0,0,0,543,2026-02-04 21:37:31.609316
EEC,38.42,38.41,38.43,50000000.0,50000000.0,0,0,0,0,0,0,543,2026-02-04 21:37:31.609316
TGX,45.54,45.53,45.55,50000000.0,50000000.0,0,0,0,0,0,0,544,2026-02-04 21:37:32.711380
PHR,47.14,47.13,47.15,50000000.0,50000000.0,0,0,0,0,0,0,544,2026-02-04 21:37:32.711380
BYL,32.53,32.52,32.54,50000000.0,50000000.0,0,0,0,0,0,0,544,2026-02-04 21:37:32.711380
CLD,68.98,68.97,68.99,50000000.0,50000000.0,0,0,0,0,0,0,544,2026-02-04 21:37:32.711380
GGD,35.16,35.15,35.17,50000000.0,50000000.0,0,0,0,0,0,0,544,2026-02-04 21:37:32.711380
PNR,60.91,60.9,60.92,50000000.0,50000000.0,0,0,0,0,0,0,544,2026-02-04 21:37:32.711380
FSR,34.11,34.1,34.12,50000000.0,50000000.0,0,0,0,0,0,0,544,2026-02-04 21:37:32.711380
ATB,60.21,60.2,60.22,50000000.0,50000000.0,0,0,0,0,0,0,544,2026-02-04 21:37:32.711380
SPK,47.42,47.41,47.43,50000000.0,50000000.0,0,0,0,0,0,0,544,2026-02-04 21:37:32.711380
EEC,38.54,38.53,38.55,50000000.0,50000000.0,0,0,0,0,0,0,544,2026-02-04 21:37:32.711380
TGX,45.51,45.5,45.52,50000000.0,50000000.0,0,0,0,0,0,0,545,2026-02-04 21:37:33.805610
PHR,47.51,47.5,47.52,50000000.0,50000000.0,0,0,0,0,0,0,545,2026-02-04 21:37:33.805610
BYL,32.62,32.61,32.63,50000000.0,50000000.0,0,0,0,0,0,0,545,2026-02-04 21:37:33.805610
CLD,69.34,69.33,69.35,50000000.0,50000000.0,0,0,0,0,0,0,545,2026-02-04 21:37:33.805610
GGD,35.15,35.14,35.16,50000000.0,50000000.0,0,0,0,0,0,0,545,2026-02-04 21:37:33.805610
PNR,60.62,60.61,60.63,50000000.0,50000000.0,0,0,0,0,0,0,545,2026-02-04 21:37:33.805610
FSR,34.12,34.11,34.13,50000000.0,50000000.0,0,0,0,0,0,0,545,2026-02-04 21:37:33.805610
ATB,60.36,60.35,60.37,50000000.0,50000000.0,0,0,0,0,0,0,545,2026-02-04 21:37:33.805610
SPK,47.48,47.47,47.49,50000000.0,50000000.0,0,0,0,0,0,0,545,2026-02-04 21:37:33.805610
EEC,38.62,38.61,38.63,50000000.0,50000000.0,0,0,0,0,0,0,545,2026-02-04 21:37:33.805610
TGX,45.54,45.53,45.55,50000000.0,50000000.0,0,0,0,0,0,0,546,2026-02-04 21:37:34.933129
PHR,47.57,47.56,47.58,50000000.0,50000000.0,0,0,0,0,0,0,546,2026-02-04 21:37:34.933129
BYL,32.51,32.5,32.52,50000000.0,50000000.0,0,0,0,0,0,0,546,2026-02-04 21:37:34.933129
CLD,68.98,68.97,68.99,50000000.0,50000000.0,0,0,0,0,0,0,546,2026-02-04 21:37:34.933129
GGD,35.15,35.14,35.16,50000000.0,50000000.0,0,0,0,0,0,0,546,2026-02-04 21:37:34.933129
PNR,60.71,60.7,60.72,50000000.0,50000000.0,0,0,0,0,0,0,546,2026-02-04 21:37:34.933129
FSR,34.2,34.19,34.21,50000000.0,50000000.0,0,0,0,0,0,0,546,2026-02-04 21:37:34.933129
ATB,60.43,60.42,60.44,50000000.0,50000000.0,0,0,0,0,0,0,546,2026-02-04 21:37:34.933129
SPK,47.3,47.29,47.31,50000000.0,50000000.0,0,0,0,0,0,0,546,2026-02-04 21:37:34.933129
EEC,38.34,38.33,38.35,50000000.0,50000000.0,0,0,0,0,0,0,546,2026-02-04 21:37:34.933129
TGX,45.51,45.5,45.52,50000000.0,50000000.0,0,0,0,0,0,0,547,2026-02-04 21:37:35.536216
PHR,47.43,47.42,47.44,50000000.0,50000000.0,0,0,0,0,0,0,547,2026-02-04 21:37:35.536216
BYL,32.42,32.41,32.43,50000000.0,50000000.0,0,0,0,0,0,0,547,2026-02-04 21:37:35.536216
CLD,68.64,68.63,68.65,50000000.0,50000000.0,0,0,0,0,0,0,547,2026-02-04 21:37:35.536216
GGD,35.18,35.17,35.19,50000000.0,50000000.0,0,0,0,0,0,0,547,2026-02-04 21:37:35.536216
PNR,61.05,61.04,61.06,50000000.0,50000000.0,0,0,0,0,0,0,547,2026-02-04 21:37:35.536216
FSR,34.11,34.1,34.12,50000000.0,50000000.0,0,0,0,0,0,0,547,2026-02-04 21:37:35.536216
ATB,60.3,60.29,60.31,50000000.0,50000000.0,0,0,0,0,0,0,547,2026-02-04 21:37:35.536216
SPK,47.52,47.51,47.53,50000000.0,50000000.0,0,0,0,0,0,0,547,2026-02-04 21:37:35.536216
EEC,38.55,38.54,38.56,50000000.0,50000000.0,0,0,0,0,0,0,547,2026-02-04 21:37:35.536216
TGX,45.6,45.59,45.61,50000000.0,50000000.0,0,0,0,0,0,0,548,2026-02-04 21:37:36.611112
PHR,47.69,47.68,47.7,50000000.0,50000000.0,0,0,0,0,0,0,548,2026-02-04 21:37:36.611112
BYL,32.41,32.4,32.42,50000000.0,50000000.0,0,0,0,0,0,0,548,2026-02-04 21:37:36.611112
CLD,68.36,68.35,68.37,50000000.0,50000000.0,0,0,0,0,0,0,548,2026-02-04 21:37:36.611112
GGD,35.27,35.26,35.28,50000000.0,50000000.0,0,0,0,0,0,0,548,2026-02-04 21:37:36.611112
PNR,61.29,61.28,61.3,50000000.0,50000000.0,0,0,0,0,0,0,548,2026-02-04 21:37:36.611112
FSR,34.5,34.49,34.51,50000000.0,50000000.0,0,0,0,0,0,0,548,2026-02-04 21:37:36.611112
ATB,60.38,60.37,60.39,50000000.0,50000000.0,0,0,0,0,0,0,548,2026-02-04 21:37:36.611112
SPK,47.61,47.6,47.62,50000000.0,50000000.0,0,0,0,0,0,0,548,2026-02-04 21:37:36.611112
EEC,38.71,38.7,38.72,50000000.0,50000000.0,0,0,0,0,0,0,548,2026-02-04 21:37:36.611112
TGX,45.53,45.52,45.54,50000000.0,50000000.0,0,0,0,0,0,0,549,2026-02-04 21:37:37.720528
PHR,48.11,48.1,48.12,50000000.0,50000000.0,0,0,0,0,0,0,549,2026-02-04 21:37:37.720528
BYL,32.23,32.22,32.24,50000000.0,50000000.0,0,0,0,0,0,0,549,2026-02-04 21:37:37.720528
CLD,67.81,67.8,67.82,50000000.0,50000000.0,0,0,0,0,0,0,549,2026-02-04 21:37:37.720528
GGD,35.25,35.24,35.26,50000000.0,50000000.0,0,0,0,0,0,0,549,2026-02-04 21:37:37.720528
PNR,61.36,61.35,61.37,50000000.0,50000000.0,0,0,0,0,0,0,549,2026-02-04 21:37:37.720528
FSR,34.6,34.59,34.61,50000000.0,50000000.0,0,0,0,0,0,0,549,2026-02-04 21:37:37.720528
ATB,60.51,60.5,60.52,50000000.0,50000000.0,0,0,0,0,0,0,549,2026-02-04 21:37:37.720528
SPK,47.72,47.71,47.73,50000000.0,50000000.0,0,0,0,0,0,0,549,2026-02-04 21:37:37.720528
EEC,38.84,38.83,38.85,50000000.0,50000000.0,0,0,0,0,0,0,549,2026-02-04 21:37:37.720528
TGX,45.54,45.53,45.55,50000000.0,50000000.0,0,0,0,0,0,0,550,2026-02-04 21:37:38.771263
PHR,48.18,48.17,48.19,50000000.0,50000000.0,0,0,0,0,0,0,550,2026-02-04 21:37:38.771263
BYL,32.28,32.27,32.29,50000000.0,50000000.0,0,0,0,0,0,0,550,2026-02-04 21:37:38.771263
CLD,67.89,67.88,67.9,50000000.0,50000000.0,0,0,0,0,0,0,550,2026-02-04 21:37:38.771263
GGD,35.19,35.18,35.2,50000000.0,50000000.0,0,0,0,0,0,0,550,2026-02-04 21:37:38.771263
PNR,61.19,61.18,61.2,50000000.0,50000000.0,0,0,0,0,0,0,550,2026-02-04 21:37:38.771263
FSR,34.63,34.62,34.64,50000000.0,50000000.0,0,0,0,0,0,0,550,2026-02-04 21:37:38.771263
ATB,60.47,60.46,60.48,50000000.0,50000000.0,0,0,0,0,0,0,550,2026-02-04 21:37:38.771263
SPK,47.66,47.65,47.67,50000000.0,50000000.0,0,0,0,0,0,0,550,2026-02-04 21:37:38.771263
EEC,38.83,38.82,38.84,50000000.0,50000000.0,0,0,0,0,0,0,550,2026-02-04 21:37:38.771263
TGX,45.5,45.49,45.51,50000000.0,50000000.0,0,0,0,0,0,0,551,2026-02-04 21:37:39.851308
PHR,48.23,48.22,48.24,50000000.0,50000000.0,0,0,0,0,0,0,551,2026-02-04 21:37:39.851308
BYL,33.69,33.68,33.7,50000000.0,50000000.0,0,0,0,0,0,0,551,2026-02-04 21:37:39.851308
CLD,67.92,67.91,67.93,50000000.0,50000000.0,0,0,0,0,0,0,551,2026-02-04 21:37:39.851308
GGD,35.24,35.23,35.25,50000000.0,50000000.0,0,0,0,0,0,0,551,2026-02-04 21:37:39.851308
PNR,61.03,61.02,61.04,50000000.0,50000000.0,0,0,0,0,0,0,551,2026-02-04 21:37:39.851308
FSR,34.55,34.54,34.56,50000000.0,50000000.0,0,0,0,0,0,0,551,2026-02-04 21:37:39.851308
ATB,60.46,60.45,60.47,50000000.0,50000000.0,0,0,0,0,0,0,551,2026-02-04 21:37:39.851308
SPK,47.65,47.64,47.66,50000000.0,50000000.0,0,0,0,0,0,0,551,2026-02-04 21:37:39.851308
EEC,38.8,38.79,38.81,50000000.0,50000000.0,0,0,0,0,0,0,551,2026-02-04 21:37:39.851308
TGX,45.53,45.52,45.54,50000000.0,50000000.0,0,0,0,0,0,0,552,2026-02-04 21:37:40.931223
PHR,48.32,48.31,48.33,50000000.0,50000000.0,0,0,0,0,0,0,552,2026-02-04 21:37:40.931223
BYL,35.05,35.04,35.06,50000000.0,50000000.0,0,0,0,0,0,0,552,2026-02-04 21:37:40.931223
CLD,67.62,67.61,67.63,50000000.0,50000000.0,0,0,0,0,0,0,552,2026-02-04 21:37:40.931223
GGD,35.16,35.15,35.17,50000000.0,50000000.0,0,0,0,0,0,0,552,2026-02-04 21:37:40.931223
PNR,60.97,60.96,60.98,50000000.0,50000000.0,0,0,0,0,0,0,552,2026-02-04 21:37:40.931223
FSR,34.6,34.59,34.61,50000000.0,50000000.0,0,0,0,0,0,0,552,2026-02-04 21:37:40.931223
ATB,60.44,60.43,60.45,50000000.0,50000000.0,0,0,0,0,0,0,552,2026-02-04 21:37:40.931223
SPK,47.31,47.3,47.32,50000000.0,50000000.0,0,0,0,0,0,0,552,2026-02-04 21:37:40.931223
EEC,38.28,38.27,38.29,50000000.0,50000000.0,0,0,0,0,0,0,552,2026-02-04 21:37:40.931223
TGX,45.53,45.52,45.54,50000000.0,50000000.0,0,0,0,0,0,0,553,2026-02-04 21:37:41.985155
PHR,47.89,47.88,47.9,50000000.0,50000000.0,0,0,0,0,0,0,553,2026-02-04 21:37:41.985155
BYL,34.97,34.96,34.98,50000000.0,50000000.0,0,0,0,0,0,0,553,2026-02-04 21:37:41.985155
CLD,67.36,67.35,67.37,50000000.0,50000000.0,0,0,0,0,0,0,553,2026-02-04 21:37:41.985155
GGD,35.11,35.1,35.12,50000000.0,50000000.0,0,0,0,0,0,0,553,2026-02-04 21:37:41.985155
PNR,60.52,60.51,60.53,50000000.0,50000000.0,0,0,0,0,0,0,553,2026-02-04 21:37:41.985155
FSR,34.59,34.58,34.6,50000000.0,50000000.0,0,0,0,0,0,0,553,2026-02-04 21:37:41.985155
ATB,60.25,60.24,60.26,50000000.0,50000000.0,0,0,0,0,0,0,553,2026-02-04 21:37:41.985155
SPK,47.41,47.4,47.42,50000000.0,50000000.0,0,0,0,0,0,0,553,2026-02-04 21:37:41.985155
EEC,38.4,38.39,38.41,50000000.0,50000000.0,0,0,0,0,0,0,553,2026-02-04 21:37:41.985155
TGX,45.53,45.52,45.54,50000000.0,50000000.0,0,0,0,0,0,0,554,2026-02-04 21:37:43.034353
PHR,47.99,47.98,48.0,50000000.0,50000000.0,0,0,0,0,0,0,554,2026-02-04 21:37:43.034353
BYL,35.09,35.08,35.1,50000000.0,50000000.0,0,0,0,0,0,0,554,2026-02-04 21:37:43.034353
CLD,67.58,67.57,67.59,50000000.0,50000000.0,0,0,0,0,0,0,554,2026-02-04 21:37:43.034353
GGD,35.13,35.12,35.14,50000000.0,50000000.0,0,0,0,0,0,0,554,2026-02-04 21:37:43.034353
PNR,60.69,60.68,60.7,50000000.0,50000000.0,0,0,0,0,0,0,554,2026-02-04 21:37:43.034353
FSR,34.53,34.52,34.54,50000000.0,50000000.0,0,0,0,0,0,0,554,2026-02-04 21:37:43.034353
ATB,60.34,60.33,60.35,50000000.0,50000000.0,0,0,0,0,0,0,554,2026-02-04 21:37:43.034353
SPK,47.37,47.36,47.38,50000000.0,50000000.0,0,0,0,0,0,0,554,2026-02-04 21:37:43.034353
EEC,38.42,38.41,38.43,50000000.0,50000000.0,0,0,0,0,0,0,554,2026-02-04 21:37:43.034353
TGX,45.55,45.54,45.56,50000000.0,50000000.0,0,0,0,0,0,0,555,2026-02-04 21:37:43.604609
PHR,48.23,48.22,48.24,50000000.0,50000000.0,0,0,0,0,0,0,555,2026-02-04 21:37:43.604609
BYL,35.06,35.05,35.07,50000000.0,50000000.0,0,0,0,0,0,0,555,2026-02-04 21:37:43.604609
CLD,67.52,67.51,67.53,50000000.0,50000000.0,0,0,0,0,0,0,555,2026-02-04 21:37:43.604609
GGD,35.12,35.11,35.13,50000000.0,50000000.0,0,0,0,0,0,0,555,2026-02-04 21:37:43.604609
PNR,60.44,60.43,60.45,50000000.0,50000000.0,0,0,0,0,0,0,555,2026-02-04 21:37:43.604609
FSR,34.49,34.48,34.5,50000000.0,50000000.0,0,0,0,0,0,0,555,2026-02-04 21:37:43.604609
ATB,60.36,60.35,60.37,50000000.0,50000000.0,0,0,0,0,0,0,555,2026-02-04 21:37:43.604609
SPK,47.18,47.17,47.19,50000000.0,50000000.0,0,0,0,0,0,0,555,2026-02-04 21:37:43.604609
EEC,38.18,38.17,38.19,50000000.0,50000000.0,0,0,0,0,0,0,555,2026-02-04 21:37:43.604609
TGX,45.52,45.51,45.53,50000000.0,50000000.0,0,0,0,0,0,0,556,2026-02-04 21:37:44.659985
PHR,48.21,48.2,48.22,50000000.0,50000000.0,0,0,0,0,0,0,556,2026-02-04 21:37:44.659985
BYL,34.91,34.9,34.92,50000000.0,50000000.0,0,0,0,0,0,0,556,2026-02-04 21:37:44.659985
CLD,67.11,67.1,67.12,50000000.0,50000000.0,0,0,0,0,0,0,556,2026-02-04 21:37:44.659985
GGD,35.16,35.15,35.17,50000000.0,50000000.0,0,0,0,0,0,0,556,2026-02-04 21:37:44.659985
PNR,60.72,60.71,60.73,50000000.0,50000000.0,0,0,0,0,0,0,556,2026-02-04 21:37:44.659985
FSR,34.57,34.56,34.58,50000000.0,50000000.0,0,0,0,0,0,0,556,2026-02-04 21:37:44.659985
ATB,60.67,60.66,60.68,50000000.0,50000000.0,0,0,0,0,0,0,556,2026-02-04 21:37:44.659985
SPK,47.23,47.22,47.24,50000000.0,50000000.0,0,0,0,0,0,0,556,2026-02-04 21:37:44.659985
EEC,38.21,38.2,38.22,50000000.0,50000000.0,0,0,0,0,0,0,556,2026-02-04 21:37:44.659985
TGX,45.59,45.58,45.6,50000000.0,50000000.0,0,0,0,0,0,0,557,2026-02-04 21:37:45.715519
PHR,47.6,47.59,47.61,50000000.0,50000000.0,0,0,0,0,0,0,557,2026-02-04 21:37:45.715519
BYL,34.98,34.97,34.99,50000000.0,50000000.0,0,0,0,0,0,0,557,2026-02-04 21:37:45.715519
CLD,67.41,67.4,67.42,50000000.0,50000000.0,0,0,0,0,0,0,557,2026-02-04 21:37:45.715519
GGD,35.28,35.27,35.29,50000000.0,50000000.0,0,0,0,0,0,0,557,2026-02-04 21:37:45.715519
PNR,60.67,60.66,60.68,50000000.0,50000000.0,0,0,0,0,0,0,557,2026-02-04 21:37:45.715519
FSR,34.53,34.52,34.54,50000000.0,50000000.0,0,0,0,0,0,0,557,2026-02-04 21:37:45.715519
ATB,60.69,60.68,60.7,50000000.0,50000000.0,0,0,0,0,0,0,557,2026-02-04 21:37:45.715519
SPK,47.14,47.13,47.15,50000000.0,50000000.0,0,0,0,0,0,0,557,2026-02-04 21:37:45.715519
EEC,38.07,38.06,38.08,50000000.0,50000000.0,0,0,0,0,0,0,557,2026-02-04 21:37:45.715519
TGX,45.59,45.58,45.6,50000000.0,50000000.0,0,0,0,0,0,0,558,2026-02-04 21:37:46.767952
PHR,47.33,47.32,47.34,50000000.0,50000000.0,0,0,0,0,0,0,558,2026-02-04 21:37:46.767952
BYL,35.1,35.09,35.11,50000000.0,50000000.0,0,0,0,0,0,0,558,2026-02-04 21:37:46.767952
CLD,67.67,67.66,67.68,50000000.0,50000000.0,0,0,0,0,0,0,558,2026-02-04 21:37:46.767952
GGD,35.16,35.15,35.17,50000000.0,50000000.0,0,0,0,0,0,0,558,2026-02-04 21:37:46.767952
PNR,60.29,60.28,60.3,50000000.0,50000000.0,0,0,0,0,0,0,558,2026-02-04 21:37:46.767952
FSR,34.48,34.47,34.49,50000000.0,50000000.0,0,0,0,0,0,0,558,2026-02-04 21:37:46.767952
ATB,60.69,60.68,60.7,50000000.0,50000000.0,0,0,0,0,0,0,558,2026-02-04 21:37:46.767952
SPK,47.22,47.21,47.23,50000000.0,50000000.0,0,0,0,0,0,0,558,2026-02-04 21:37:46.767952
EEC,38.18,38.17,38.19,50000000.0,50000000.0,0,0,0,0,0,0,558,2026-02-04 21:37:46.767952
TGX,45.51,45.5,45.52,50000000.0,50000000.0,0,0,0,0,0,0,559,2026-02-04 21:37:47.817188
PHR,47.68,47.67,47.69,50000000.0,50000000.0,0,0,0,0,0,0,559,2026-02-04 21:37:47.817188
BYL,35.06,35.05,35.07,50000000.0,50000000.0,0,0,0,0,0,0,559,2026-02-04 21:37:47.817188
CLD,67.77,67.76,67.78,50000000.0,50000000.0,0,0,0,0,0,0,559,2026-02-04 21:37:47.817188
GGD,35.24,35.23,35.25,50000000.0,50000000.0,0,0,0,0,0,0,559,2026-02-04 21:37:47.817188
PNR,60.54,60.53,60.55,50000000.0,50000000.0,0,0,0,0,0,0,559,2026-02-04 21:37:47.817188
FSR,34.51,34.5,34.52,50000000.0,50000000.0,0,0,0,0,0,0,559,2026-02-04 21:37:47.817188
ATB,60.89,60.88,60.9,50000000.0,50000000.0,0,0,0,0,0,0,559,2026-02-04 21:37:47.817188
SPK,47.42,47.41,47.43,50000000.0,50000000.0,0,0,0,0,0,0,559,2026-02-04 21:37:47.817188
EEC,38.45,38.44,38.46,50000000.0,50000000.0,0,0,0,0,0,0,559,2026-02-04 21:37:47.817188
TGX,45.56,45.55,45.57,50000000.0,50000000.0,0,0,0,0,0,0,560,2026-02-04 21:37:48.878985
PHR,47.27,47.26,47.28,50000000.0,50000000.0,0,0,0,0,0,0,560,2026-02-04 21:37:48.878985
BYL,35.17,35.16,35.18,50000000.0,50000000.0,0,0,0,0,0,0,560,2026-02-04 21:37:48.878985
CLD,67.92,67.91,67.93,50000000.0,50000000.0,0,0,0,0,0,0,560,2026-02-04 21:37:48.878985
GGD,35.23,35.22,35.24,50000000.0,50000000.0,0,0,0,0,0,0,560,2026-02-04 21:37:48.878985
PNR,60.76,60.75,60.77,50000000.0,50000000.0,0,0,0,0,0,0,560,2026-02-04 21:37:48.878985
FSR,34.53,34.52,34.54,50000000.0,50000000.0,0,0,0,0,0,0,560,2026-02-04 21:37:48.878985
ATB,60.92,60.91,60.93,50000000.0,50000000.0,0,0,0,0,0,0,560,2026-02-04 21:37:48.878985
SPK,47.41,47.4,47.42,50000000.0,50000000.0,0,0,0,0,0,0,560,2026-02-04 21:37:48.878985
EEC,38.53,38.52,38.54,50000000.0,50000000.0,0,0,0,0,0,0,560,2026-02-04 21:37:48.878985
TGX,45.56,45.55,45.57,50000000.0,50000000.0,0,0,0,0,0,0,561,2026-02-04 21:37:49.973281
PHR,47.81,47.8,47.82,50000000.0,50000000.0,0,0,0,0,0,0,561,2026-02-04 21:37:49.973281
BYL,35.06,35.05,35.07,50000000.0,50000000.0,0,0,0,0,0,0,561,2026-02-04 21:37:49.973281
CLD,67.63,67.62,67.64,50000000.0,50000000.0,0,0,0,0,0,0,561,2026-02-04 21:37:49.973281
GGD,35.28,35.27,35.29,50000000.0,50000000.0,0,0,0,0,0,0,561,2026-02-04 21:37:49.973281
PNR,61.35,61.34,61.36,50000000.0,50000000.0,0,0,0,0,0,0,561,2026-02-04 21:37:49.973281
FSR,34.48,34.47,34.49,50000000.0,50000000.0,0,0,0,0,0,0,561,2026-02-04 21:37:49.973281
ATB,60.8,60.79,60.81,50000000.0,50000000.0,0,0,0,0,0,0,561,2026-02-04 21:37:49.973281
SPK,47.53,47.52,47.54,50000000.0,50000000.0,0,0,0,0,0,0,561,2026-02-04 21:37:49.973281
EEC,38.59,38.58,38.6,50000000.0,50000000.0,0,0,0,0,0,0,561,2026-02-04 21:37:49.973281
TGX,45.57,45.56,45.58,50000000.0,50000000.0,0,0,0,0,0,0,562,2026-02-04 21:37:51.048555
PHR,47.39,47.38,47.4,50000000.0,50000000.0,0,0,0,0,0,0,562,2026-02-04 21:37:51.048555
BYL,35.1,35.09,35.11,50000000.0,50000000.0,0,0,0,0,0,0,562,2026-02-04 21:37:51.048555
CLD,67.89,67.88,67.9,50000000.0,50000000.0,0,0,0,0,0,0,562,2026-02-04 21:37:51.048555
GGD,35.29,35.28,35.3,50000000.0,50000000.0,0,0,0,0,0,0,562,2026-02-04 21:37:51.048555
PNR,61.15,61.14,61.16,50000000.0,50000000.0,0,0,0,0,0,0,562,2026-02-04 21:37:51.048555
FSR,34.54,34.53,34.55,50000000.0,50000000.0,0,0,0,0,0,0,562,2026-02-04 21:37:51.048555
ATB,60.76,60.75,60.77,50000000.0,50000000.0,0,0,0,0,0,0,562,2026-02-04 21:37:51.048555
SPK,47.5,47.49,47.51,50000000.0,50000000.0,0,0,0,0,0,0,562,2026-02-04 21:37:51.048555
EEC,38.58,38.57,38.59,50000000.0,50000000.0,0,0,0,0,0,0,562,2026-02-04 21:37:51.048555
TGX,45.56,45.55,45.57,50000000.0,50000000.0,0,0,0,0,0,0,563,2026-02-04 21:37:51.640716
PHR,47.65,47.64,47.66,50000000.0,50000000.0,0,0,0,0,0,0,563,2026-02-04 21:37:51.640716
BYL,34.92,34.91,34.93,50000000.0,50000000.0,0,0,0,0,0,0,563,2026-02-04 21:37:51.640716
CLD,67.25,67.24,67.26,50000000.0,50000000.0,0,0,0,0,0,0,563,2026-02-04 21:37:51.640716
GGD,35.32,35.31,35.33,50000000.0,50000000.0,0,0,0,0,0,0,563,2026-02-04 21:37:51.640716
PNR,61.58,61.57,61.59,50000000.0,50000000.0,0,0,0,0,0,0,563,2026-02-04 21:37:51.640716
FSR,34.57,34.56,34.58,50000000.0,50000000.0,0,0,0,0,0,0,563,2026-02-04 21:37:51.640716
ATB,60.86,60.85,60.87,50000000.0,50000000.0,0,0,0,0,0,0,563,2026-02-04 21:37:51.640716
SPK,47.55,47.54,47.56,50000000.0,50000000.0,0,0,0,0,0,0,563,2026-02-04 21:37:51.640716
EEC,38.63,38.62,38.64,50000000.0,50000000.0,0,0,0,0,0,0,563,2026-02-04 21:37:51.640716
TGX,45.56,45.55,45.57,50000000.0,50000000.0,0,0,0,0,0,0,564,2026-02-04 21:37:52.702526
PHR,47.59,47.58,47.6,50000000.0,50000000.0,0,0,0,0,0,0,564,2026-02-04 21:37:52.702526
BYL,34.87,34.86,34.88,50000000.0,50000000.0,0,0,0,0,0,0,564,2026-02-04 21:37:52.702526
CLD,66.94,66.93,66.95,50000000.0,50000000.0,0,0,0,0,0,0,564,2026-02-04 21:37:52.702526
GGD,35.36,35.35,35.37,50000000.0,50000000.0,0,0,0,0,0,0,564,2026-02-04 21:37:52.702526
PNR,61.7,61.69,61.71,50000000.0,50000000.0,0,0,0,0,0,0,564,2026-02-04 21:37:52.702526
FSR,34.48,34.47,34.49,50000000.0,50000000.0,0,0,0,0,0,0,564,2026-02-04 21:37:52.702526
ATB,60.82,60.81,60.83,50000000.0,50000000.0,0,0,0,0,0,0,564,2026-02-04 21:37:52.702526
SPK,47.54,47.53,47.55,50000000.0,50000000.0,0,0,0,0,0,0,564,2026-02-04 21:37:52.702526
EEC,38.71,38.7,38.72,50000000.0,50000000.0,0,0,0,0,0,0,564,2026-02-04 21:37:52.702526
TGX,45.51,45.5,45.52,50000000.0,50000000.0,0,0,0,0,0,0,565,2026-02-04 21:37:53.846099
PHR,47.95,47.94,47.96,50000000.0,50000000.0,0,0,0,0,0,0,565,2026-02-04 21:37:53.846099
BYL,34.82,34.81,34.83,50000000.0,50000000.0,0,0,0,0,0,0,565,2026-02-04 21:37:53.846099
CLD,66.79,66.78,66.8,50000000.0,50000000.0,0,0,0,0,0,0,565,2026-02-04 21:37:53.846099
GGD,35.31,35.3,35.32,50000000.0,50000000.0,0,0,0,0,0,0,565,2026-02-04 21:37:53.846099
PNR,61.52,61.51,61.53,50000000.0,50000000.0,0,0,0,0,0,0,565,2026-02-04 21:37:53.846099
FSR,34.59,34.58,34.6,50000000.0,50000000.0,0,0,0,0,0,0,565,2026-02-04 21:37:53.846099
ATB,60.96,60.95,60.97,50000000.0,50000000.0,0,0,0,0,0,0,565,2026-02-04 21:37:53.846099
SPK,47.62,47.61,47.63,50000000.0,50000000.0,0,0,0,0,0,0,565,2026-02-04 21:37:53.846099
EEC,38.81,38.8,38.82,50000000.0,50000000.0,0,0,0,0,0,0,565,2026-02-04 21:37:53.846099
TGX,45.52,45.51,45.53,50000000.0,50000000.0,0,0,0,0,0,0,566,2026-02-04 21:37:54.975601
PHR,47.65,47.64,47.66,50000000.0,50000000.0,0,0,0,0,0,0,566,2026-02-04 21:37:54.975601
BYL,34.74,34.73,34.75,50000000.0,50000000.0,0,0,0,0,0,0,566,2026-02-04 21:37:54.975601
CLD,66.74,66.73,66.75,50000000.0,50000000.0,0,0,0,0,0,0,566,2026-02-04 21:37:54.975601
GGD,35.19,35.18,35.2,50000000.0,50000000.0,0,0,0,0,0,0,566,2026-02-04 21:37:54.975601
PNR,61.34,61.33,61.35,50000000.0,50000000.0,0,0,0,0,0,0,566,2026-02-04 21:37:54.975601
FSR,34.49,34.48,34.5,50000000.0,50000000.0,0,0,0,0,0,0,566,2026-02-04 21:37:54.975601
ATB,61.04,61.03,61.05,50000000.0,50000000.0,0,0,0,0,0,0,566,2026-02-04 21:37:54.975601
SPK,47.65,47.64,47.66,50000000.0,50000000.0,0,0,0,0,0,0,566,2026-02-04 21:37:54.975601
EEC,38.8,38.79,38.81,50000000.0,50000000.0,0,0,0,0,0,0,566,2026-02-04 21:37:54.975601
TGX,45.52,45.51,45.53,50000000.0,50000000.0,0,0,0,0,0,0,567,2026-02-04 21:37:56.060331
PHR,48.05,48.04,48.06,50000000.0,50000000.0,0,0,0,0,0,0,567,2026-02-04 21:37:56.060331
BYL,34.81,34.8,34.82,50000000.0,50000000.0,0,0,0,0,0,0,567,2026-02-04 21:37:56.060331
CLD,66.68,66.67,66.69,50000000.0,50000000.0,0,0,0,0,0,0,567,2026-02-04 21:37:56.060331
GGD,35.31,35.3,35.32,50000000.0,50000000.0,0,0,0,0,0,0,567,2026-02-04 21:37:56.060331
PNR,61.22,61.21,61.23,50000000.0,50000000.0,0,0,0,0,0,0,567,2026-02-04 21:37:56.060331
FSR,34.61,34.6,34.62,50000000.0,50000000.0,0,0,0,0,0,0,567,2026-02-04 21:37:56.060331
ATB,60.93,60.92,60.94,50000000.0,50000000.0,0,0,0,0,0,0,567,2026-02-04 21:37:56.060331
SPK,47.62,47.61,47.63,50000000.0,50000000.0,0,0,0,0,0,0,567,2026-02-04 21:37:56.060331
EEC,38.72,38.71,38.73,50000000.0,50000000.0,0,0,0,0,0,0,567,2026-02-04 21:37:56.060331
TGX,45.55,45.54,45.56,50000000.0,50000000.0,0,0,0,0,0,0,568,2026-02-04 21:37:57.130302
PHR,48.06,48.05,48.07,50000000.0,50000000.0,0,0,0,0,0,0,568,2026-02-04 21:37:57.130302
BYL,34.91,34.9,34.92,50000000.0,50000000.0,0,0,0,0,0,0,568,2026-02-04 21:37:57.130302
CLD,67.15,67.14,67.16,50000000.0,50000000.0,0,0,0,0,0,0,568,2026-02-04 21:37:57.130302
GGD,35.31,35.3,35.32,50000000.0,50000000.0,0,0,0,0,0,0,568,2026-02-04 21:37:57.130302
PNR,61.42,61.41,61.43,50000000.0,50000000.0,0,0,0,0,0,0,568,2026-02-04 21:37:57.130302
FSR,34.54,34.53,34.55,50000000.0,50000000.0,0,0,0,0,0,0,568,2026-02-04 21:37:57.130302
ATB,60.9,60.89,60.91,50000000.0,50000000.0,0,0,0,0,0,0,568,2026-02-04 21:37:57.130302
SPK,47.46,47.45,47.47,50000000.0,50000000.0,0,0,0,0,0,0,568,2026-02-04 21:37:57.130302
EEC,38.55,38.54,38.56,50000000.0,50000000.0,0,0,0,0,0,0,568,2026-02-04 21:37:57.130302
TGX,45.55,45.54,45.56,50000000.0,50000000.0,0,0,0,0,0,0,569,2026-02-04 21:37:57.728688
PHR,47.38,47.37,47.39,50000000.0,50000000.0,0,0,0,0,0,0,569,2026-02-04 21:37:57.728688
BYL,34.83,34.82,34.84,50000000.0,50000000.0,0,0,0,0,0,0,569,2026-02-04 21:37:57.728688
CLD,66.99,66.98,67.0,50000000.0,50000000.0,0,0,0,0,0,0,569,2026-02-04 21:37:57.728688
GGD,35.24,35.23,35.25,50000000.0,50000000.0,0,0,0,0,0,0,569,2026-02-04 21:37:57.728688
PNR,61.24,61.23,61.25,50000000.0,50000000.0,0,0,0,0,0,0,569,2026-02-04 21:37:57.728688
FSR,34.58,34.57,34.59,50000000.0,50000000.0,0,0,0,0,0,0,569,2026-02-04 21:37:57.728688
ATB,60.94,60.93,60.95,50000000.0,50000000.0,0,0,0,0,0,0,569,2026-02-04 21:37:57.728688
SPK,47.55,47.54,47.56,50000000.0,50000000.0,0,0,0,0,0,0,569,2026-02-04 21:37:57.728688
EEC,38.68,38.67,38.69,50000000.0,50000000.0,0,0,0,0,0,0,569,2026-02-04 21:37:57.728688
TGX,45.48,45.47,45.49,50000000.0,50000000.0,0,0,0,0,0,0,570,2026-02-04 21:37:58.785235
PHR,47.11,47.1,47.12,50000000.0,50000000.0,0,0,0,0,0,0,570,2026-02-04 21:37:58.785235
BYL,34.83,34.82,34.84,50000000.0,50000000.0,0,0,0,0,0,0,570,2026-02-04 21:37:58.785235
CLD,67.16,67.15,67.17,50000000.0,50000000.0,0,0,0,0,0,0,570,2026-02-04 21:37:58.785235
GGD,35.33,35.32,35.34,50000000.0,50000000.0,0,0,0,0,0,0,570,2026-02-04 21:37:58.785235
PNR,61.1,61.09,61.11,50000000.0,50000000.0,0,0,0,0,0,0,570,2026-02-04 21:37:58.785235
FSR,34.5,34.49,34.51,50000000.0,50000000.0,0,0,0,0,0,0,570,2026-02-04 21:37:58.785235
ATB,60.89,60.88,60.9,50000000.0,50000000.0,0,0,0,0,0,0,570,2026-02-04 21:37:58.785235
SPK,47.47,47.46,47.48,50000000.0,50000000.0,0,0,0,0,0,0,570,2026-02-04 21:37:58.785235
EEC,38.45,38.44,38.46,50000000.0,50000000.0,0,0,0,0,0,0,570,2026-02-04 21:37:58.785235
TGX,45.54,45.53,45.55,50000000.0,50000000.0,0,0,0,0,0,0,571,2026-02-04 21:37:59.831621,57.0,1.0,570.0,D2-BYL/CLD,Closed-Door Meeting Between Transaction Principals Reported,"Sources indicate that senior executives from ByteLayer and CloudSys held an unscheduled closed-door meeting to discuss matters related to the pending transaction. The meeting's agenda has not been disclosed, and representatives from both companies declined to comment. Such meetings can address a range of topics from integration planning to renegotiation of terms, and market participants are monitoring subsequent regulatory filings for indications of any changes to the deal structure or timeline."
PHR,47.18,47.17,47.19,50000000.0,50000000.0,0,0,0,0,0,0,571,2026-02-04 21:37:59.831621,,,,,,
BYL,34.95,34.94,34.96,50000000.0,50000000.0,0,0,0,0,0,0,571,2026-02-04 21:37:59.831621,,,,,,
CLD,67.28,67.27,67.29,50000000.0,50000000.0,0,0,0,0,0,0,571,2026-02-04 21:37:59.831621,,,,,,
GGD,35.34,35.33,35.35,50000000.0,50000000.0,0,0,0,0,0,0,571,2026-02-04 21:37:59.831621,,,,,,
PNR,61.44,61.43,61.45,50000000.0,50000000.0,0,0,0,0,0,0,571,2026-02-04 21:37:59.831621,,,,,,
FSR,34.61,34.6,34.62,50000000.0,50000000.0,0,0,0,0,0,0,571,2026-02-04 21:37:59.831621,,,,,,
ATB,60.75,60.74,60.76,50000000.0,50000000.0,0,0,0,0,0,0,571,2026-02-04 21:37:59.831621,,,,,,
SPK,47.18,47.17,47.19,50000000.0,50000000.0,0,0,0,0,0,0,571,2026-02-04 21:37:59.831621,,,,,,
EEC,38.15,38.14,38.16,50000000.0,50000000.0,0,0,0,0,0,0,571,2026-02-04 21:37:59.831621,,,,,,
TGX,45.49,45.48,45.5,50000000.0,50000000.0,0,0,0,0,0,0,572,2026-02-04 21:38:00.895614
PHR,47.07,47.06,47.08,50000000.0,50000000.0,0,0,0,0,0,0,572,2026-02-04 21:38:00.895614
BYL,34.94,34.93,34.95,50000000.0,50000000.0,0,0,0,0,0,0,572,2026-02-04 21:38:00.895614
CLD,67.24,67.23,67.25,50000000.0,50000000.0,0,0,0,0,0,0,572,2026-02-04 21:38:00.895614
GGD,35.31,35.3,35.32,50000000.0,50000000.0,0,0,0,0,0,0,572,2026-02-04 21:38:00.895614
PNR,61.52,61.51,61.53,50000000.0,50000000.0,0,0,0,0,0,0,572,2026-02-04 21:38:00.895614
FSR,34.59,34.58,34.6,50000000.0,50000000.0,0,0,0,0,0,0,572,2026-02-04 21:38:00.895614
ATB,60.53,60.52,60.54,50000000.0,50000000.0,0,0,0,0,0,0,572,2026-02-04 21:38:00.895614
SPK,47.24,47.23,47.25,50000000.0,50000000.0,0,0,0,0,0,0,572,2026-02-04 21:38:00.895614
EEC,38.14,38.13,38.15,50000000.0,50000000.0,0,0,0,0,0,0,572,2026-02-04 21:38:00.895614
TGX,45.5,45.49,45.51,50000000.0,50000000.0,0,0,0,0,0,0,573,2026-02-04 21:38:02.138572
PHR,47.04,47.03,47.05,50000000.0,50000000.0,0,0,0,0,0,0,573,2026-02-04 21:38:02.138572
BYL,34.86,34.85,34.87,50000000.0,50000000.0,0,0,0,0,0,0,573,2026-02-04 21:38:02.138572
CLD,67.1,67.09,67.11,50000000.0,50000000.0,0,0,0,0,0,0,573,2026-02-04 21:38:02.138572
GGD,35.29,35.28,35.3,50000000.0,50000000.0,0,0,0,0,0,0,573,2026-02-04 21:38:02.138572
PNR,61.76,61.75,61.77,50000000.0,50000000.0,0,0,0,0,0,0,573,2026-02-04 21:38:02.138572
FSR,34.58,34.57,34.59,50000000.0,50000000.0,0,0,0,0,0,0,573,2026-02-04 21:38:02.138572
ATB,60.31,60.3,60.32,50000000.0,50000000.0,0,0,0,0,0,0,573,2026-02-04 21:38:02.138572
SPK,47.27,47.26,47.28,50000000.0,50000000.0,0,0,0,0,0,0,573,2026-02-04 21:38:02.138572
EEC,38.2,38.19,38.21,50000000.0,50000000.0,0,0,0,0,0,0,573,2026-02-04 21:38:02.138572
TGX,45.56,45.55,45.57,50000000.0,50000000.0,0,0,0,0,0,0,574,2026-02-04 21:38:02.858990,58.0,1.0,573.0,D1-TGX/PHR,Expected Closing Date Pushed Back,"Due to extended regulatory reviews, the companies now expect the transaction to close in Q3 rather than Q2 as originally anticipated."
PHR,47.38,47.37,47.39,50000000.0,50000000.0,0,0,0,0,0,0,574,2026-02-04 21:38:02.858990,,,,,,
BYL,34.88,34.87,34.89,50000000.0,50000000.0,0,0,0,0,0,0,574,2026-02-04 21:38:02.858990,,,,,,
CLD,67.13,67.12,67.14,50000000.0,50000000.0,0,0,0,0,0,0,574,2026-02-04 21:38:02.858990,,,,,,
GGD,35.19,35.18,35.2,50000000.0,50000000.0,0,0,0,0,0,0,574,2026-02-04 21:38:02.858990,,,,,,
PNR,61.59,61.58,61.6,50000000.0,50000000.0,0,0,0,0,0,0,574,2026-02-04 21:38:02.858990,,,,,,
FSR,34.56,34.55,34.57,50000000.0,50000000.0,0,0,0,0,0,0,574,2026-02-04 21:38:02.858990,,,,,,
ATB,60.17,60.16,60.18,50000000.0,50000000.0,0,0,0,0,0,0,574,2026-02-04 21:38:02.858990,,,,,,
SPK,47.21,47.2,47.22,50000000.0,50000000.0,0,0,0,0,0,0,574,2026-02-04 21:38:02.858990,,,,,,
EEC,38.09,38.08,38.1,50000000.0,50000000.0,0,0,0,0,0,0,574,2026-02-04 21:38:02.858990,,,,,,
TGX,45.55,45.54,45.56,50000000.0,50000000.0,0,0,0,0,0,0,575,2026-02-04 21:38:03.920751,62.0,1.0,574.0,D5-SPK/EEC,State Commission Accepts Commitments,PUC accepts enhanced renewable energy commitments and retail rate protection guarantees.
PHR,47.31,47.3,47.32,50000000.0,50000000.0,0,0,0,0,0,0,575,2026-02-04 21:38:03.920751,61.0,1.0,574.0,D5-SPK/EEC,Companies Commit to Capacity Expansion,EastEnergy pledges 3GW of new solar and wind capacity development over next four years.
BYL,34.94,34.93,34.95,50000000.0,50000000.0,0,0,0,0,0,0,575,2026-02-04 21:38:03.920751,60.0,1.0,574.0,D5-SPK/EEC,Environmental Groups Express Support,Major environmental organizations issue joint statement supporting transaction's clean energy benefits.
CLD,67.39,67.38,67.4,50000000.0,50000000.0,0,0,0,0,0,0,575,2026-02-04 21:38:03.920751,59.0,1.0,574.0,D3-GGD/PNR,Board Issues Supplemental Disclosure,GreenGrid board provides additional financial analysis and fairness opinion materials.
GGD,35.27,35.26,35.28,50000000.0,50000000.0,0,0,0,0,0,0,575,2026-02-04 21:38:03.920751,,,,,,
PNR,61.77,61.76,61.78,50000000.0,50000000.0,0,0,0,0,0,0,575,2026-02-04 21:38:03.920751,,,,,,
FSR,34.44,34.43,34.45,50000000.0,50000000.0,0,0,0,0,0,0,575,2026-02-04 21:38:03.920751,,,,,,
ATB,59.81,59.8,59.82,50000000.0,50000000.0,0,0,0,0,0,0,575,2026-02-04 21:38:03.920751,,,,,,
SPK,47.15,47.14,47.16,50000000.0,50000000.0,0,0,0,0,0,0,575,2026-02-04 21:38:03.920751,,,,,,
EEC,37.98,37.97,37.99,50000000.0,50000000.0,0,0,0,0,0,0,575,2026-02-04 21:38:03.920751,,,,,,
TGX,45.51,45.5,45.52,50000000.0,50000000.0,0,0,0,0,0,0,576,2026-02-04 21:38:05.045874
PHR,46.96,46.95,46.97,50000000.0,50000000.0,0,0,0,0,0,0,576,2026-02-04 21:38:05.045874
BYL,34.84,34.83,34.85,50000000.0,50000000.0,0,0,0,0,0,0,576,2026-02-04 21:38:05.045874
CLD,67.09,67.08,67.1,50000000.0,50000000.0,0,0,0,0,0,0,576,2026-02-04 21:38:05.045874
GGD,35.24,35.23,35.25,50000000.0,50000000.0,0,0,0,0,0,0,576,2026-02-04 21:38:05.045874
PNR,61.75,61.74,61.76,50000000.0,50000000.0,0,0,0,0,0,0,576,2026-02-04 21:38:05.045874
FSR,34.48,34.47,34.49,50000000.0,50000000.0,0,0,0,0,0,0,576,2026-02-04 21:38:05.045874
ATB,59.51,59.5,59.52,50000000.0,50000000.0,0,0,0,0,0,0,576,2026-02-04 21:38:05.045874
SPK,47.09,47.08,47.1,50000000.0,50000000.0,0,0,0,0,0,0,576,2026-02-04 21:38:05.045874
EEC,37.88,37.87,37.89,50000000.0,50000000.0,0,0,0,0,0,0,576,2026-02-04 21:38:05.045874
TGX,45.49,45.48,45.5,50000000.0,50000000.0,0,0,0,0,0,0,577,2026-02-04 21:38:06.150149,64.0,1.0,576.0,D3-GGD/PNR,Infrastructure Fund Opposes Terms,Major GreenGrid shareholder with 6.2% stake announces opposition citing inadequate premium.
PHR,46.9,46.89,46.91,50000000.0,50000000.0,0,0,0,0,0,0,577,2026-02-04 21:38:06.150149,63.0,1.0,576.0,D2-BYL/CLD,Glass Lewis Recommends Approval,Leading proxy advisor Glass Lewis issues favorable report citing strategic rationale and attractive valuation.
BYL,34.85,34.84,34.86,50000000.0,50000000.0,0,0,0,0,0,0,577,2026-02-04 21:38:06.150149,,,,,,
CLD,67.13,67.12,67.14,50000000.0,50000000.0,0,0,0,0,0,0,577,2026-02-04 21:38:06.150149,,,,,,
GGD,35.34,35.33,35.35,50000000.0,50000000.0,0,0,0,0,0,0,577,2026-02-04 21:38:06.150149,,,,,,
PNR,61.43,61.42,61.44,50000000.0,50000000.0,0,0,0,0,0,0,577,2026-02-04 21:38:06.150149,,,,,,
FSR,34.55,34.54,34.56,50000000.0,50000000.0,0,0,0,0,0,0,577,2026-02-04 21:38:06.150149,,,,,,
ATB,59.51,59.5,59.52,50000000.0,50000000.0,0,0,0,0,0,0,577,2026-02-04 21:38:06.150149,,,,,,
SPK,47.09,47.08,47.1,50000000.0,50000000.0,0,0,0,0,0,0,577,2026-02-04 21:38:06.150149,,,,,,
EEC,37.95,37.94,37.96,50000000.0,50000000.0,0,0,0,0,0,0,577,2026-02-04 21:38:06.150149,,,,,,
TGX,45.55,45.54,45.56,50000000.0,50000000.0,0,0,0,0,0,0,578,2026-02-04 21:38:07.207832
PHR,46.38,46.37,46.39,50000000.0,50000000.0,0,0,0,0,0,0,578,2026-02-04 21:38:07.207832
BYL,34.74,34.73,34.75,50000000.0,50000000.0,0,0,0,0,0,0,578,2026-02-04 21:38:07.207832
CLD,66.84,66.83,66.85,50000000.0,50000000.0,0,0,0,0,0,0,578,2026-02-04 21:38:07.207832
GGD,35.38,35.37,35.39,50000000.0,50000000.0,0,0,0,0,0,0,578,2026-02-04 21:38:07.207832
PNR,61.48,61.47,61.49,50000000.0,50000000.0,0,0,0,0,0,0,578,2026-02-04 21:38:07.207832
FSR,34.52,34.51,34.53,50000000.0,50000000.0,0,0,0,0,0,0,578,2026-02-04 21:38:07.207832
ATB,59.33,59.32,59.34,50000000.0,50000000.0,0,0,0,0,0,0,578,2026-02-04 21:38:07.207832
SPK,46.9,46.89,46.91,50000000.0,50000000.0,0,0,0,0,0,0,578,2026-02-04 21:38:07.207832
EEC,37.56,37.55,37.57,50000000.0,50000000.0,0,0,0,0,0,0,578,2026-02-04 21:38:07.207832
TGX,45.56,45.55,45.57,50000000.0,50000000.0,0,0,0,0,0,0,579,2026-02-04 21:38:07.758309
PHR,46.6,46.59,46.61,50000000.0,50000000.0,0,0,0,0,0,0,579,2026-02-04 21:38:07.758309
BYL,34.71,34.7,34.72,50000000.0,50000000.0,0,0,0,0,0,0,579,2026-02-04 21:38:07.758309
CLD,66.55,66.54,66.56,50000000.0,50000000.0,0,0,0,0,0,0,579,2026-02-04 21:38:07.758309
GGD,35.3,35.29,35.31,50000000.0,50000000.0,0,0,0,0,0,0,579,2026-02-04 21:38:07.758309
PNR,61.16,61.15,61.17,50000000.0,50000000.0,0,0,0,0,0,0,579,2026-02-04 21:38:07.758309
FSR,34.47,34.46,34.48,50000000.0,50000000.0,0,0,0,0,0,0,579,2026-02-04 21:38:07.758309
ATB,59.13,59.12,59.14,50000000.0,50000000.0,0,0,0,0,0,0,579,2026-02-04 21:38:07.758309
SPK,46.85,46.84,46.86,50000000.0,50000000.0,0,0,0,0,0,0,579,2026-02-04 21:38:07.758309
EEC,37.49,37.48,37.5,50000000.0,50000000.0,0,0,0,0,0,0,579,2026-02-04 21:38:07.758309
TGX,45.54,45.53,45.55,50000000.0,50000000.0,0,0,0,0,0,0,580,2026-02-04 21:38:08.836609
PHR,46.54,46.53,46.55,50000000.0,50000000.0,0,0,0,0,0,0,580,2026-02-04 21:38:08.836609
BYL,34.57,34.56,34.58,50000000.0,50000000.0,0,0,0,0,0,0,580,2026-02-04 21:38:08.836609
CLD,66.15,66.14,66.16,50000000.0,50000000.0,0,0,0,0,0,0,580,2026-02-04 21:38:08.836609
GGD,35.33,35.32,35.34,50000000.0,50000000.0,0,0,0,0,0,0,580,2026-02-04 21:38:08.836609
PNR,61.54,61.53,61.55,50000000.0,50000000.0,0,0,0,0,0,0,580,2026-02-04 21:38:08.836609
FSR,34.49,34.48,34.5,50000000.0,50000000.0,0,0,0,0,0,0,580,2026-02-04 21:38:08.836609
ATB,59.01,59.0,59.02,50000000.0,50000000.0,0,0,0,0,0,0,580,2026-02-04 21:38:08.836609
SPK,46.81,46.8,46.82,50000000.0,50000000.0,0,0,0,0,0,0,580,2026-02-04 21:38:08.836609
EEC,37.46,37.45,37.47,50000000.0,50000000.0,0,0,0,0,0,0,580,2026-02-04 21:38:08.836609
TGX,45.54,45.53,45.55,50000000.0,50000000.0,0,0,0,0,0,0,581,2026-02-04 21:38:09.894705,65.0,1.0,580.0,D4-FSR/ATB,Proxy Advisory Firms Issue Divided Recommendations,"The two leading proxy advisory firms have issued split recommendations on the FinSure/Atlas Bank merger vote, with one recommending approval based on the premium and strategic rationale, while the other raises concerns about the adequacy of the offer price relative to standalone intrinsic value. The divided guidance creates uncertainty about institutional voting patterns and may encourage retail shareholders to engage more actively with the proxy materials before the meeting date."
PHR,46.62,46.61,46.63,50000000.0,50000000.0,0,0,0,0,0,0,581,2026-02-04 21:38:09.894705,,,,,,
BYL,34.37,34.36,34.38,50000000.0,50000000.0,0,0,0,0,0,0,581,2026-02-04 21:38:09.894705,,,,,,
CLD,65.47,65.46,65.48,50000000.0,50000000.0,0,0,0,0,0,0,581,2026-02-04 21:38:09.894705,,,,,,
GGD,35.27,35.26,35.28,50000000.0,50000000.0,0,0,0,0,0,0,581,2026-02-04 21:38:09.894705,,,,,,
PNR,60.96,60.95,60.97,50000000.0,50000000.0,0,0,0,0,0,0,581,2026-02-04 21:38:09.894705,,,,,,
FSR,34.53,34.52,34.54,50000000.0,50000000.0,0,0,0,0,0,0,581,2026-02-04 21:38:09.894705,,,,,,
ATB,59.25,59.24,59.26,50000000.0,50000000.0,0,0,0,0,0,0,581,2026-02-04 21:38:09.894705,,,,,,
SPK,46.92,46.91,46.93,50000000.0,50000000.0,0,0,0,0,0,0,581,2026-02-04 21:38:09.894705,,,,,,
EEC,37.66,37.65,37.67,50000000.0,50000000.0,0,0,0,0,0,0,581,2026-02-04 21:38:09.894705,,,,,,
TGX,45.59,45.58,45.6,50000000.0,50000000.0,0,0,0,0,0,0,582,2026-02-04 21:38:10.965323
PHR,46.62,46.61,46.63,50000000.0,50000000.0,0,0,0,0,0,0,582,2026-02-04 21:38:10.965323
BYL,34.46,34.45,34.47,50000000.0,50000000.0,0,0,0,0,0,0,582,2026-02-04 21:38:10.965323
CLD,65.6,65.59,65.61,50000000.0,50000000.0,0,0,0,0,0,0,582,2026-02-04 21:38:10.965323
GGD,35.14,35.13,35.15,50000000.0,50000000.0,0,0,0,0,0,0,582,2026-02-04 21:38:10.965323
PNR,60.49,60.48,60.5,50000000.0,50000000.0,0,0,0,0,0,0,582,2026-02-04 21:38:10.965323
FSR,34.55,34.54,34.56,50000000.0,50000000.0,0,0,0,0,0,0,582,2026-02-04 21:38:10.965323
ATB,59.41,59.4,59.42,50000000.0,50000000.0,0,0,0,0,0,0,582,2026-02-04 21:38:10.965323
SPK,46.89,46.88,46.9,50000000.0,50000000.0,0,0,0,0,0,0,582,2026-02-04 21:38:10.965323
EEC,37.64,37.63,37.65,50000000.0,50000000.0,0,0,0,0,0,0,582,2026-02-04 21:38:10.965323
TGX,45.57,45.56,45.58,50000000.0,50000000.0,0,0,0,0,0,0,583,2026-02-04 21:38:12.104303
PHR,46.77,46.76,46.78,50000000.0,50000000.0,0,0,0,0,0,0,583,2026-02-04 21:38:12.104303
BYL,34.33,34.32,34.34,50000000.0,50000000.0,0,0,0,0,0,0,583,2026-02-04 21:38:12.104303
CLD,65.45,65.44,65.46,50000000.0,50000000.0,0,0,0,0,0,0,583,2026-02-04 21:38:12.104303
GGD,35.14,35.13,35.15,50000000.0,50000000.0,0,0,0,0,0,0,583,2026-02-04 21:38:12.104303
PNR,60.2,60.19,60.21,50000000.0,50000000.0,0,0,0,0,0,0,583,2026-02-04 21:38:12.104303
FSR,34.61,34.6,34.62,50000000.0,50000000.0,0,0,0,0,0,0,583,2026-02-04 21:38:12.104303
ATB,59.39,59.38,59.4,50000000.0,50000000.0,0,0,0,0,0,0,583,2026-02-04 21:38:12.104303
SPK,46.8,46.79,46.81,50000000.0,50000000.0,0,0,0,0,0,0,583,2026-02-04 21:38:12.104303
EEC,37.48,37.47,37.49,50000000.0,50000000.0,0,0,0,0,0,0,583,2026-02-04 21:38:12.104303
TGX,45.52,45.51,45.53,50000000.0,50000000.0,0,0,0,0,0,0,584,2026-02-04 21:38:13.173528,66.0,1.0,583.0,D5-SPK/EEC,Timeline Adjustment,Expected closing adjusted from Q2 to Q3 to accommodate state PUC review schedules.
PHR,46.61,46.6,46.62,50000000.0,50000000.0,0,0,0,0,0,0,584,2026-02-04 21:38:13.173528,,,,,,
BYL,34.58,34.57,34.59,50000000.0,50000000.0,0,0,0,0,0,0,584,2026-02-04 21:38:13.173528,,,,,,
CLD,66.12,66.11,66.13,50000000.0,50000000.0,0,0,0,0,0,0,584,2026-02-04 21:38:13.173528,,,,,,
GGD,35.21,35.2,35.22,50000000.0,50000000.0,0,0,0,0,0,0,584,2026-02-04 21:38:13.173528,,,,,,
PNR,60.72,60.71,60.73,50000000.0,50000000.0,0,0,0,0,0,0,584,2026-02-04 21:38:13.173528,,,,,,
FSR,34.6,34.59,34.61,50000000.0,50000000.0,0,0,0,0,0,0,584,2026-02-04 21:38:13.173528,,,,,,
ATB,59.21,59.2,59.22,50000000.0,50000000.0,0,0,0,0,0,0,584,2026-02-04 21:38:13.173528,,,,,,
SPK,46.86,46.85,46.87,50000000.0,50000000.0,0,0,0,0,0,0,584,2026-02-04 21:38:13.173528,,,,,,
EEC,37.56,37.55,37.57,50000000.0,50000000.0,0,0,0,0,0,0,584,2026-02-04 21:38:13.173528,,,,,,
TGX,45.6,45.59,45.61,50000000.0,50000000.0,0,0,0,0,0,0,585,2026-02-04 21:38:13.757693
PHR,46.73,46.72,46.74,50000000.0,50000000.0,0,0,0,0,0,0,585,2026-02-04 21:38:13.757693
BYL,34.57,34.56,34.58,50000000.0,50000000.0,0,0,0,0,0,0,585,2026-02-04 21:38:13.757693
CLD,66.27,66.26,66.28,50000000.0,50000000.0,0,0,0,0,0,0,585,2026-02-04 21:38:13.757693
GGD,35.22,35.21,35.23,50000000.0,50000000.0,0,0,0,0,0,0,585,2026-02-04 21:38:13.757693
PNR,60.87,60.86,60.88,50000000.0,50000000.0,0,0,0,0,0,0,585,2026-02-04 21:38:13.757693
FSR,34.62,34.61,34.63,50000000.0,50000000.0,0,0,0,0,0,0,585,2026-02-04 21:38:13.757693
ATB,59.37,59.36,59.38,50000000.0,50000000.0,0,0,0,0,0,0,585,2026-02-04 21:38:13.757693
SPK,46.81,46.8,46.82,50000000.0,50000000.0,0,0,0,0,0,0,585,2026-02-04 21:38:13.757693
EEC,37.55,37.54,37.56,50000000.0,50000000.0,0,0,0,0,0,0,585,2026-02-04 21:38:13.757693
TGX,45.59,45.58,45.6,50000000.0,50000000.0,0,0,0,0,0,0,586,2026-02-04 21:38:14.816912
PHR,46.48,46.47,46.49,50000000.0,50000000.0,0,0,0,0,0,0,586,2026-02-04 21:38:14.816912
BYL,34.53,34.52,34.54,50000000.0,50000000.0,0,0,0,0,0,0,586,2026-02-04 21:38:14.816912
CLD,65.95,65.94,65.96,50000000.0,50000000.0,0,0,0,0,0,0,586,2026-02-04 21:38:14.816912
GGD,35.26,35.25,35.27,50000000.0,50000000.0,0,0,0,0,0,0,586,2026-02-04 21:38:14.816912
PNR,61.03,61.02,61.04,50000000.0,50000000.0,0,0,0,0,0,0,586,2026-02-04 21:38:14.816912
FSR,34.6,34.59,34.61,50000000.0,50000000.0,0,0,0,0,0,0,586,2026-02-04 21:38:14.816912
ATB,59.22,59.21,59.23,50000000.0,50000000.0,0,0,0,0,0,0,586,2026-02-04 21:38:14.816912
SPK,46.75,46.74,46.76,50000000.0,50000000.0,0,0,0,0,0,0,586,2026-02-04 21:38:14.816912
EEC,37.52,37.51,37.53,50000000.0,50000000.0,0,0,0,0,0,0,586,2026-02-04 21:38:14.816912
TGX,45.5,45.49,45.51,50000000.0,50000000.0,0,0,0,0,0,0,587,2026-02-04 21:38:15.869096
PHR,46.55,46.54,46.56,50000000.0,50000000.0,0,0,0,0,0,0,587,2026-02-04 21:38:15.869096
BYL,34.41,34.4,34.42,50000000.0,50000000.0,0,0,0,0,0,0,587,2026-02-04 21:38:15.869096
CLD,65.58,65.57,65.59,50000000.0,50000000.0,0,0,0,0,0,0,587,2026-02-04 21:38:15.869096
GGD,35.33,35.32,35.34,50000000.0,50000000.0,0,0,0,0,0,0,587,2026-02-04 21:38:15.869096
PNR,61.43,61.42,61.44,50000000.0,50000000.0,0,0,0,0,0,0,587,2026-02-04 21:38:15.869096
FSR,34.43,34.42,34.44,50000000.0,50000000.0,0,0,0,0,0,0,587,2026-02-04 21:38:15.869096
ATB,59.11,59.1,59.12,50000000.0,50000000.0,0,0,0,0,0,0,587,2026-02-04 21:38:15.869096
SPK,46.69,46.68,46.7,50000000.0,50000000.0,0,0,0,0,0,0,587,2026-02-04 21:38:15.869096
EEC,37.39,37.38,37.4,50000000.0,50000000.0,0,0,0,0,0,0,587,2026-02-04 21:38:15.869096
TGX,45.52,45.51,45.53,50000000.0,50000000.0,0,0,0,0,0,0,588,2026-02-04 21:38:16.910529
PHR,46.26,46.25,46.27,50000000.0,50000000.0,0,0,0,0,0,0,588,2026-02-04 21:38:16.910529
BYL,34.35,34.34,34.36,50000000.0,50000000.0,0,0,0,0,0,0,588,2026-02-04 21:38:16.910529
CLD,65.54,65.53,65.55,50000000.0,50000000.0,0,0,0,0,0,0,588,2026-02-04 21:38:16.910529
GGD,35.24,35.23,35.25,50000000.0,50000000.0,0,0,0,0,0,0,588,2026-02-04 21:38:16.910529
PNR,61.28,61.27,61.29,50000000.0,50000000.0,0,0,0,0,0,0,588,2026-02-04 21:38:16.910529
FSR,34.56,34.55,34.57,50000000.0,50000000.0,0,0,0,0,0,0,588,2026-02-04 21:38:16.910529
ATB,58.83,58.82,58.84,50000000.0,50000000.0,0,0,0,0,0,0,588,2026-02-04 21:38:16.910529
SPK,46.77,46.76,46.78,50000000.0,50000000.0,0,0,0,0,0,0,588,2026-02-04 21:38:16.910529
EEC,37.43,37.42,37.44,50000000.0,50000000.0,0,0,0,0,0,0,588,2026-02-04 21:38:16.910529
TGX,45.53,45.52,45.54,50000000.0,50000000.0,0,0,0,0,0,0,589,2026-02-04 21:38:17.963156
PHR,46.22,46.21,46.23,50000000.0,50000000.0,0,0,0,0,0,0,589,2026-02-04 21:38:17.963156
BYL,34.61,34.6,34.62,50000000.0,50000000.0,0,0,0,0,0,0,589,2026-02-04 21:38:17.963156
CLD,66.41,66.4,66.42,50000000.0,50000000.0,0,0,0,0,0,0,589,2026-02-04 21:38:17.963156
GGD,35.36,35.35,35.37,50000000.0,50000000.0,0,0,0,0,0,0,589,2026-02-04 21:38:17.963156
PNR,61.48,61.47,61.49,50000000.0,50000000.0,0,0,0,0,0,0,589,2026-02-04 21:38:17.963156
FSR,34.5,34.49,34.51,50000000.0,50000000.0,0,0,0,0,0,0,589,2026-02-04 21:38:17.963156
ATB,58.79,58.78,58.8,50000000.0,50000000.0,0,0,0,0,0,0,589,2026-02-04 21:38:17.963156
SPK,46.92,46.91,46.93,50000000.0,50000000.0,0,0,0,0,0,0,589,2026-02-04 21:38:17.963156
EEC,37.6,37.59,37.61,50000000.0,50000000.0,0,0,0,0,0,0,589,2026-02-04 21:38:17.963156
TGX,45.54,45.53,45.55,50000000.0,50000000.0,0,0,0,0,0,0,590,2026-02-04 21:38:19.126944
PHR,46.11,46.1,46.12,50000000.0,50000000.0,0,0,0,0,0,0,590,2026-02-04 21:38:19.126944
BYL,34.81,34.8,34.82,50000000.0,50000000.0,0,0,0,0,0,0,590,2026-02-04 21:38:19.126944
CLD,67.07,67.06,67.08,50000000.0,50000000.0,0,0,0,0,0,0,590,2026-02-04 21:38:19.126944
GGD,35.33,35.32,35.34,50000000.0,50000000.0,0,0,0,0,0,0,590,2026-02-04 21:38:19.126944
PNR,61.67,61.66,61.68,50000000.0,50000000.0,0,0,0,0,0,0,590,2026-02-04 21:38:19.126944
FSR,34.46,34.45,34.47,50000000.0,50000000.0,0,0,0,0,0,0,590,2026-02-04 21:38:19.126944
ATB,58.56,58.55,58.57,50000000.0,50000000.0,0,0,0,0,0,0,590,2026-02-04 21:38:19.126944
SPK,47.01,47.0,47.02,50000000.0,50000000.0,0,0,0,0,0,0,590,2026-02-04 21:38:19.126944
EEC,37.72,37.71,37.73,50000000.0,50000000.0,0,0,0,0,0,0,590,2026-02-04 21:38:19.126944
TGX,45.56,45.55,45.57,50000000.0,50000000.0,0,0,0,0,0,0,591,2026-02-04 21:38:20.238191
PHR,45.74,45.73,45.75,50000000.0,50000000.0,0,0,0,0,0,0,591,2026-02-04 21:38:20.238191
BYL,34.9,34.89,34.91,50000000.0,50000000.0,0,0,0,0,0,0,591,2026-02-04 21:38:20.238191
CLD,67.18,67.17,67.19,50000000.0,50000000.0,0,0,0,0,0,0,591,2026-02-04 21:38:20.238191
GGD,35.22,35.21,35.23,50000000.0,50000000.0,0,0,0,0,0,0,591,2026-02-04 21:38:20.238191
PNR,61.45,61.44,61.46,50000000.0,50000000.0,0,0,0,0,0,0,591,2026-02-04 21:38:20.238191
FSR,34.56,34.55,34.57,50000000.0,50000000.0,0,0,0,0,0,0,591,2026-02-04 21:38:20.238191
ATB,58.54,58.53,58.55,50000000.0,50000000.0,0,0,0,0,0,0,591,2026-02-04 21:38:20.238191
SPK,46.92,46.91,46.93,50000000.0,50000000.0,0,0,0,0,0,0,591,2026-02-04 21:38:20.238191
EEC,37.73,37.72,37.74,50000000.0,50000000.0,0,0,0,0,0,0,591,2026-02-04 21:38:20.238191
TGX,45.55,45.54,45.56,50000000.0,50000000.0,0,0,0,0,0,0,592,2026-02-04 21:38:20.786316
PHR,46.26,46.25,46.27,50000000.0,50000000.0,0,0,0,0,0,0,592,2026-02-04 21:38:20.786316
BYL,35.01,35.0,35.02,50000000.0,50000000.0,0,0,0,0,0,0,592,2026-02-04 21:38:20.786316
CLD,67.54,67.53,67.55,50000000.0,50000000.0,0,0,0,0,0,0,592,2026-02-04 21:38:20.786316
GGD,35.28,35.27,35.29,50000000.0,50000000.0,0,0,0,0,0,0,592,2026-02-04 21:38:20.786316
PNR,61.61,61.6,61.62,50000000.0,50000000.0,0,0,0,0,0,0,592,2026-02-04 21:38:20.786316
FSR,34.6,34.59,34.61,50000000.0,50000000.0,0,0,0,0,0,0,592,2026-02-04 21:38:20.786316
ATB,58.77,58.76,58.78,50000000.0,50000000.0,0,0,0,0,0,0,592,2026-02-04 21:38:20.786316
SPK,47.0,46.99,47.01,50000000.0,50000000.0,0,0,0,0,0,0,592,2026-02-04 21:38:20.786316
EEC,37.79,37.78,37.8,50000000.0,50000000.0,0,0,0,0,0,0,592,2026-02-04 21:38:20.786316
TGX,45.6,45.59,45.61,50000000.0,50000000.0,0,0,0,0,0,0,593,2026-02-04 21:38:21.831426
PHR,46.3,46.29,46.31,50000000.0,50000000.0,0,0,0,0,0,0,593,2026-02-04 21:38:21.831426
BYL,35.04,35.03,35.05,50000000.0,50000000.0,0,0,0,0,0,0,593,2026-02-04 21:38:21.831426
CLD,67.77,67.76,67.78,50000000.0,50000000.0,0,0,0,0,0,0,593,2026-02-04 21:38:21.831426
GGD,35.24,35.23,35.25,50000000.0,50000000.0,0,0,0,0,0,0,593,2026-02-04 21:38:21.831426
PNR,61.59,61.58,61.6,50000000.0,50000000.0,0,0,0,0,0,0,593,2026-02-04 21:38:21.831426
FSR,34.55,34.54,34.56,50000000.0,50000000.0,0,0,0,0,0,0,593,2026-02-04 21:38:21.831426
ATB,58.68,58.67,58.69,50000000.0,50000000.0,0,0,0,0,0,0,593,2026-02-04 21:38:21.831426
SPK,46.9,46.89,46.91,50000000.0,50000000.0,0,0,0,0,0,0,593,2026-02-04 21:38:21.831426
EEC,37.65,37.64,37.66,50000000.0,50000000.0,0,0,0,0,0,0,593,2026-02-04 21:38:21.831426
TGX,45.51,45.5,45.52,50000000.0,50000000.0,0,0,0,0,0,0,594,2026-02-04 21:38:22.891665
PHR,46.76,46.75,46.77,50000000.0,50000000.0,0,0,0,0,0,0,594,2026-02-04 21:38:22.891665
BYL,35.01,35.0,35.02,50000000.0,50000000.0,0,0,0,0,0,0,594,2026-02-04 21:38:22.891665
CLD,67.67,67.66,67.68,50000000.0,50000000.0,0,0,0,0,0,0,594,2026-02-04 21:38:22.891665
GGD,35.32,35.31,35.33,50000000.0,50000000.0,0,0,0,0,0,0,594,2026-02-04 21:38:22.891665
PNR,61.63,61.62,61.64,50000000.0,50000000.0,0,0,0,0,0,0,594,2026-02-04 21:38:22.891665
FSR,34.49,34.48,34.5,50000000.0,50000000.0,0,0,0,0,0,0,594,2026-02-04 21:38:22.891665
ATB,58.45,58.44,58.46,50000000.0,50000000.0,0,0,0,0,0,0,594,2026-02-04 21:38:22.891665
SPK,47.03,47.02,47.04,50000000.0,50000000.0,0,0,0,0,0,0,594,2026-02-04 21:38:22.891665
EEC,37.78,37.77,37.79,50000000.0,50000000.0,0,0,0,0,0,0,594,2026-02-04 21:38:22.891665
TGX,44.96,44.95,44.97,50000000.0,50000000.0,0,0,0,0,0,0,595,2026-02-04 21:38:23.961049
PHR,46.92,46.91,46.93,50000000.0,50000000.0,0,0,0,0,0,0,595,2026-02-04 21:38:23.961049
BYL,35.15,35.14,35.16,50000000.0,50000000.0,0,0,0,0,0,0,595,2026-02-04 21:38:23.961049
CLD,68.01,68.0,68.02,50000000.0,50000000.0,0,0,0,0,0,0,595,2026-02-04 21:38:23.961049
GGD,35.23,35.22,35.24,50000000.0,50000000.0,0,0,0,0,0,0,595,2026-02-04 21:38:23.961049
PNR,61.28,61.27,61.29,50000000.0,50000000.0,0,0,0,0,0,0,595,2026-02-04 21:38:23.961049
FSR,34.47,34.46,34.48,50000000.0,50000000.0,0,0,0,0,0,0,595,2026-02-04 21:38:23.961049
ATB,58.59,58.58,58.6,50000000.0,50000000.0,0,0,0,0,0,0,595,2026-02-04 21:38:23.961049
SPK,46.91,46.9,46.92,50000000.0,50000000.0,0,0,0,0,0,0,595,2026-02-04 21:38:23.961049
EEC,37.71,37.7,37.72,50000000.0,50000000.0,0,0,0,0,0,0,595,2026-02-04 21:38:23.961049
TGX,44.9,44.89,44.91,50000000.0,50000000.0,0,0,0,0,0,0,596,2026-02-04 21:38:25.032909
PHR,46.89,46.88,46.9,50000000.0,50000000.0,0,0,0,0,0,0,596,2026-02-04 21:38:25.032909
BYL,35.18,35.17,35.19,50000000.0,50000000.0,0,0,0,0,0,0,596,2026-02-04 21:38:25.032909
CLD,68.07,68.06,68.08,50000000.0,50000000.0,0,0,0,0,0,0,596,2026-02-04 21:38:25.032909
GGD,35.24,35.23,35.25,50000000.0,50000000.0,0,0,0,0,0,0,596,2026-02-04 21:38:25.032909
PNR,61.01,61.0,61.02,50000000.0,50000000.0,0,0,0,0,0,0,596,2026-02-04 21:38:25.032909
FSR,34.52,34.51,34.53,50000000.0,50000000.0,0,0,0,0,0,0,596,2026-02-04 21:38:25.032909
ATB,58.69,58.68,58.7,50000000.0,50000000.0,0,0,0,0,0,0,596,2026-02-04 21:38:25.032909
SPK,47.06,47.05,47.07,50000000.0,50000000.0,0,0,0,0,0,0,596,2026-02-04 21:38:25.032909
EEC,37.95,37.94,37.96,50000000.0,50000000.0,0,0,0,0,0,0,596,2026-02-04 21:38:25.032909
TGX,44.92,44.91,44.93,50000000.0,50000000.0,0,0,0,0,0,0,597,2026-02-04 21:38:25.842516
PHR,47.14,47.13,47.15,50000000.0,50000000.0,0,0,0,0,0,0,597,2026-02-04 21:38:25.842516
BYL,35.05,35.04,35.06,50000000.0,50000000.0,0,0,0,0,0,0,597,2026-02-04 21:38:25.842516
CLD,67.73,67.72,67.74,50000000.0,50000000.0,0,0,0,0,0,0,597,2026-02-04 21:38:25.842516
GGD,35.2,35.19,35.21,50000000.0,50000000.0,0,0,0,0,0,0,597,2026-02-04 21:38:25.842516
PNR,60.7,60.69,60.71,50000000.0,50000000.0,0,0,0,0,0,0,597,2026-02-04 21:38:25.842516
FSR,34.6,34.59,34.61,50000000.0,50000000.0,0,0,0,0,0,0,597,2026-02-04 21:38:25.842516
ATB,58.88,58.87,58.89,50000000.0,50000000.0,0,0,0,0,0,0,597,2026-02-04 21:38:25.842516
SPK,47.23,47.22,47.24,50000000.0,50000000.0,0,0,0,0,0,0,597,2026-02-04 21:38:25.842516
EEC,38.14,38.13,38.15,50000000.0,50000000.0,0,0,0,0,0,0,597,2026-02-04 21:38:25.842516
TGX,44.96,44.95,44.97,50000000.0,50000000.0,0,0,0,0,0,0,598,2026-02-04 21:38:26.904033
PHR,47.01,47.0,47.02,50000000.0,50000000.0,0,0,0,0,0,0,598,2026-02-04 21:38:26.904033
BYL,35.08,35.07,35.09,50000000.0,50000000.0,0,0,0,0,0,0,598,2026-02-04 21:38:26.904033
CLD,67.77,67.76,67.78,50000000.0,50000000.0,0,0,0,0,0,0,598,2026-02-04 21:38:26.904033
GGD,35.98,35.97,35.99,50000000.0,50000000.0,0,0,0,0,0,0,598,2026-02-04 21:38:26.904033
PNR,60.65,60.64,60.66,50000000.0,50000000.0,0,0,0,0,0,0,598,2026-02-04 21:38:26.904033
FSR,34.62,34.61,34.63,50000000.0,50000000.0,0,0,0,0,0,0,598,2026-02-04 21:38:26.904033
ATB,58.85,58.84,58.86,50000000.0,50000000.0,0,0,0,0,0,0,598,2026-02-04 21:38:26.904033
SPK,47.11,47.1,47.12,50000000.0,50000000.0,0,0,0,0,0,0,598,2026-02-04 21:38:26.904033
EEC,37.84,37.83,37.85,50000000.0,50000000.0,0,0,0,0,0,0,598,2026-02-04 21:38:26.904033
TGX,44.96,44.95,44.97,50000000.0,50000000.0,0,0,0,0,0,0,599,2026-02-04 21:38:27.954061
PHR,47.06,47.05,47.07,50000000.0,50000000.0,0,0,0,0,0,0,599,2026-02-04 21:38:27.954061
BYL,35.17,35.16,35.18,50000000.0,50000000.0,0,0,0,0,0,0,599,2026-02-04 21:38:27.954061
CLD,67.98,67.97,67.99,50000000.0,50000000.0,0,0,0,0,0,0,599,2026-02-04 21:38:27.954061
GGD,36.16,36.15,36.17,50000000.0,50000000.0,0,0,0,0,0,0,599,2026-02-04 21:38:27.954061
PNR,61.07,61.06,61.08,50000000.0,50000000.0,0,0,0,0,0,0,599,2026-02-04 21:38:27.954061
FSR,35.07,35.06,35.08,50000000.0,50000000.0,0,0,0,0,0,0,599,2026-02-04 21:38:27.954061
ATB,58.52,58.51,58.53,50000000.0,50000000.0,0,0,0,0,0,0,599,2026-02-04 21:38:27.954061
SPK,46.96,46.95,46.97,50000000.0,50000000.0,0,0,0,0,0,0,599,2026-02-04 21:38:27.954061
EEC,37.79,37.78,37.8,50000000.0,50000000.0,0,0,0,0,0,0,599,2026-02-04 21:38:27.954061
