ticker,last_price,bid_price,ask_price,BUY_ANON,SELL_ANON,SELL_CITY-3,SELL_BABS-1,BUY_LUIS-1,BUY_COLB-2,SELL_BABS-4,BUY_BRCH-2,BUY_ZUAI-2,BUY_COLA-6,BUY_UOTA-1,SELL_GIOT-1,SELL_DUBL-1,SELL_OTWA-1,SELL_UEBR-2,BUY_CALG-2,BUY_BABS-1,SELL_LUIS-1,BUY_CALG-3,BUY_BABS-4,BUY_GIOT-1,BUY_DUBL-6,SELL_COLB-2,SELL_UOTA-1,BUY_OTWA-1,BUY_UEBR-2,BUY_CITY-3,BUY_COLA-1,tick,timestamp,news_news_id,news_period,news_tick,news_ticker,news_headline,news_body
TGX,43.7,43.69,43.71,50000000.0,50000000.0,0,0,0,0,0,0,0,0,0,0,0,0,0,0,0,0,0,0,0,0,0,0,0,0,0,0,2,2026-02-07 01:48:03.779625,1.0,1.0,1.0,,Welcome to the RITC 2026 Merger Arbitrage Case - practice server,Good Luck!
PHR,47.56,47.55,47.57,50000000.0,50000000.0,0,0,0,0,0,0,0,0,0,0,0,0,0,0,0,0,0,0,0,0,0,0,0,0,0,0,2,2026-02-07 01:48:03.779625,,,,,,
BYL,43.49,43.48,43.5,50000000.0,50000000.0,0,0,0,0,0,0,0,0,0,0,0,0,0,0,0,0,0,0,0,0,0,0,0,0,0,0,2,2026-02-07 01:48:03.779625,,,,,,
CLD,79.21,79.2,79.22,50000000.0,50000000.0,0,0,0,0,0,0,0,0,0,0,0,0,0,0,0,0,0,0,0,0,0,0,0,0,0,0,2,2026-02-07 01:48:03.779625,,,,,,
GGD,31.67,31.66,31.68,50000000.0,50000000.0,0,0,0,0,0,0,0,0,0,0,0,0,0,0,0,0,0,0,0,0,0,0,0,0,0,0,2,2026-02-07 01:48:03.779625,,,,,,
PNR,60.05,60.04,60.06,50000000.0,50000000.0,0,0,0,0,0,0,0,0,0,0,0,0,0,0,0,0,0,0,0,0,0,0,0,0,0,0,2,2026-02-07 01:48:03.779625,,,,,,
FSR,30.49,30.48,30.5,50000000.0,50000000.0,0,0,0,0,0,0,0,0,0,0,0,0,0,0,0,0,0,0,0,0,0,0,0,0,0,0,2,2026-02-07 01:48:03.779625,,,,,,
ATB,62.23,62.22,62.24,50000000.0,50000000.0,0,0,0,0,0,0,0,0,0,0,0,0,0,0,0,0,0,0,0,0,0,0,0,0,0,0,2,2026-02-07 01:48:03.779625,,,,,,
SPK,52.92,52.91,52.93,50000000.0,50000000.0,0,0,0,0,0,0,0,0,0,0,0,0,0,0,0,0,0,0,0,0,0,0,0,0,0,0,2,2026-02-07 01:48:03.779625,,,,,,
EEC,48.2,48.19,48.21,50000000.0,50000000.0,0,0,0,0,0,0,0,0,0,0,0,0,0,0,0,0,0,0,0,0,0,0,0,0,0,0,2,2026-02-07 01:48:03.779625,,,,,,
TGX,43.68,43.67,43.69,50000000.0,50000000.0,0,0,0,0,0,0,0,0,0,0,0,0,0,0,0,0,0,0,0,0,0,0,0,0,0,0,3,2026-02-07 01:48:04.890928
PHR,47.74,47.73,47.75,50000000.0,50000000.0,0,0,0,0,0,0,0,0,0,0,0,0,0,0,0,0,0,0,0,0,0,0,0,0,0,0,3,2026-02-07 01:48:04.890928
BYL,43.79,43.78,43.8,50000000.0,50000000.0,0,0,0,0,0,0,0,0,0,0,0,0,0,0,0,0,0,0,0,0,0,0,0,0,0,0,3,2026-02-07 01:48:04.890928
CLD,79.95,79.94,79.96,50000000.0,50000000.0,0,0,0,0,0,0,0,0,0,0,0,0,0,0,0,0,0,0,0,0,0,0,0,0,0,0,3,2026-02-07 01:48:04.890928
GGD,31.63,31.62,31.64,50000000.0,50000000.0,0,0,0,0,0,0,0,0,0,0,0,0,0,0,0,0,0,0,0,0,0,0,0,0,0,0,3,2026-02-07 01:48:04.890928
PNR,59.98,59.97,59.99,50000000.0,50000000.0,0,0,0,0,0,0,0,0,0,0,0,0,0,0,0,0,0,0,0,0,0,0,0,0,0,0,3,2026-02-07 01:48:04.890928
FSR,30.49,30.48,30.5,50000000.0,50000000.0,0,0,0,0,0,0,0,0,0,0,0,0,0,0,0,0,0,0,0,0,0,0,0,0,0,0,3,2026-02-07 01:48:04.890928
ATB,62.38,62.37,62.39,50000000.0,50000000.0,0,0,0,0,0,0,0,0,0,0,0,0,0,0,0,0,0,0,0,0,0,0,0,0,0,0,3,2026-02-07 01:48:04.890928
SPK,52.8,52.79,52.81,50000000.0,50000000.0,0,0,0,0,0,0,0,0,0,0,0,0,0,0,0,0,0,0,0,0,0,0,0,0,0,0,3,2026-02-07 01:48:04.890928
EEC,47.99,47.98,48.0,50000000.0,50000000.0,0,0,0,0,0,0,0,0,0,0,0,0,0,0,0,0,0,0,0,0,0,0,0,0,0,0,3,2026-02-07 01:48:04.890928
TGX,43.7,43.69,43.71,50000000.0,50000000.0,0,0,0,0,0,0,0,0,0,0,0,0,0,0,0,0,0,0,0,0,0,0,0,0,0,0,4,2026-02-07 01:48:05.978666
PHR,47.78,47.77,47.79,50000000.0,50000000.0,0,0,0,0,0,0,0,0,0,0,0,0,0,0,0,0,0,0,0,0,0,0,0,0,0,0,4,2026-02-07 01:48:05.978666
BYL,43.43,43.42,43.44,50000000.0,50000000.0,0,0,0,0,0,0,0,0,0,0,0,0,0,0,0,0,0,0,0,0,0,0,0,0,0,0,4,2026-02-07 01:48:05.978666
CLD,79.1,79.09,79.11,50000000.0,50000000.0,0,0,0,0,0,0,0,0,0,0,0,0,0,0,0,0,0,0,0,0,0,0,0,0,0,0,4,2026-02-07 01:48:05.978666
GGD,31.64,31.63,31.65,50000000.0,50000000.0,0,0,0,0,0,0,0,0,0,0,0,0,0,0,0,0,0,0,0,0,0,0,0,0,0,0,4,2026-02-07 01:48:05.978666
PNR,59.99,59.98,60.0,50000000.0,50000000.0,0,0,0,0,0,0,0,0,0,0,0,0,0,0,0,0,0,0,0,0,0,0,0,0,0,0,4,2026-02-07 01:48:05.978666
FSR,30.54,30.53,30.55,50000000.0,50000000.0,0,0,0,0,0,0,0,0,0,0,0,0,0,0,0,0,0,0,0,0,0,0,0,0,0,0,4,2026-02-07 01:48:05.978666
ATB,62.23,62.22,62.24,50000000.0,50000000.0,0,0,0,0,0,0,0,0,0,0,0,0,0,0,0,0,0,0,0,0,0,0,0,0,0,0,4,2026-02-07 01:48:05.978666
SPK,52.97,52.96,52.98,50000000.0,50000000.0,0,0,0,0,0,0,0,0,0,0,0,0,0,0,0,0,0,0,0,0,0,0,0,0,0,0,4,2026-02-07 01:48:05.978666
EEC,48.31,48.3,48.32,50000000.0,50000000.0,0,0,0,0,0,0,0,0,0,0,0,0,0,0,0,0,0,0,0,0,0,0,0,0,0,0,4,2026-02-07 01:48:05.978666
TGX,43.64,43.63,43.65,50000000.0,50000000.0,0,0,0,0,0,0,0,0,0,0,0,0,0,0,0,0,0,0,0,0,0,0,0,0,0,0,5,2026-02-07 01:48:07.037683
PHR,47.93,47.92,47.94,50000000.0,50000000.0,0,0,0,0,0,0,0,0,0,0,0,0,0,0,0,0,0,0,0,0,0,0,0,0,0,0,5,2026-02-07 01:48:07.037683
BYL,43.35,43.34,43.36,50000000.0,50000000.0,0,0,0,0,0,0,0,0,0,0,0,0,0,0,0,0,0,0,0,0,0,0,0,0,0,0,5,2026-02-07 01:48:07.037683
CLD,78.94,78.93,78.95,50000000.0,50000000.0,0,0,0,0,0,0,0,0,0,0,0,0,0,0,0,0,0,0,0,0,0,0,0,0,0,0,5,2026-02-07 01:48:07.037683
GGD,31.61,31.6,31.62,50000000.0,50000000.0,0,0,0,0,0,0,0,0,0,0,0,0,0,0,0,0,0,0,0,0,0,0,0,0,0,0,5,2026-02-07 01:48:07.037683
PNR,60.09,60.08,60.1,50000000.0,50000000.0,0,0,0,0,0,0,0,0,0,0,0,0,0,0,0,0,0,0,0,0,0,0,0,0,0,0,5,2026-02-07 01:48:07.037683
FSR,30.52,30.51,30.53,50000000.0,50000000.0,0,0,0,0,0,0,0,0,0,0,0,0,0,0,0,0,0,0,0,0,0,0,0,0,0,0,5,2026-02-07 01:48:07.037683
ATB,62.35,62.34,62.36,50000000.0,50000000.0,0,0,0,0,0,0,0,0,0,0,0,0,0,0,0,0,0,0,0,0,0,0,0,0,0,0,5,2026-02-07 01:48:07.037683
SPK,52.92,52.91,52.93,50000000.0,50000000.0,0,0,0,0,0,0,0,0,0,0,0,0,0,0,0,0,0,0,0,0,0,0,0,0,0,0,5,2026-02-07 01:48:07.037683
EEC,48.24,48.23,48.25,50000000.0,50000000.0,0,0,0,0,0,0,0,0,0,0,0,0,0,0,0,0,0,0,0,0,0,0,0,0,0,0,5,2026-02-07 01:48:07.037683
TGX,43.64,43.63,43.65,50000000.0,50000000.0,0,0,0,0,0,0,0,0,0,0,0,0,0,0,0,0,0,0,0,0,0,0,0,0,0,0,6,2026-02-07 01:48:08.098260
PHR,48.0,47.99,48.01,50000000.0,50000000.0,0,0,0,0,0,0,0,0,0,0,0,0,0,0,0,0,0,0,0,0,0,0,0,0,0,0,6,2026-02-07 01:48:08.098260
BYL,43.38,43.37,43.39,50000000.0,50000000.0,0,0,0,0,0,0,0,0,0,0,0,0,0,0,0,0,0,0,0,0,0,0,0,0,0,0,6,2026-02-07 01:48:08.098260
CLD,79.12,79.11,79.13,50000000.0,50000000.0,0,0,0,0,0,0,0,0,0,0,0,0,0,0,0,0,0,0,0,0,0,0,0,0,0,0,6,2026-02-07 01:48:08.098260
GGD,31.6,31.59,31.61,50000000.0,50000000.0,0,0,0,0,0,0,0,0,0,0,0,0,0,0,0,0,0,0,0,0,0,0,0,0,0,0,6,2026-02-07 01:48:08.098260
PNR,59.97,59.96,59.98,50000000.0,50000000.0,0,0,0,0,0,0,0,0,0,0,0,0,0,0,0,0,0,0,0,0,0,0,0,0,0,0,6,2026-02-07 01:48:08.098260
FSR,30.55,30.54,30.56,50000000.0,50000000.0,0,0,0,0,0,0,0,0,0,0,0,0,0,0,0,0,0,0,0,0,0,0,0,0,0,0,6,2026-02-07 01:48:08.098260
ATB,62.41,62.4,62.42,50000000.0,50000000.0,0,0,0,0,0,0,0,0,0,0,0,0,0,0,0,0,0,0,0,0,0,0,0,0,0,0,6,2026-02-07 01:48:08.098260
SPK,53.08,53.07,53.09,50000000.0,50000000.0,0,0,0,0,0,0,0,0,0,0,0,0,0,0,0,0,0,0,0,0,0,0,0,0,0,0,6,2026-02-07 01:48:08.098260
EEC,48.48,48.47,48.49,50000000.0,50000000.0,0,0,0,0,0,0,0,0,0,0,0,0,0,0,0,0,0,0,0,0,0,0,0,0,0,0,6,2026-02-07 01:48:08.098260
TGX,43.63,43.62,43.64,50000000.0,50000000.0,0,0,0,0,0,0,0,0,0,0,0,0,0,0,0,0,0,0,0,0,0,0,0,0,0,0,7,2026-02-07 01:48:09.201852
PHR,47.98,47.97,47.99,50000000.0,50000000.0,0,0,0,0,0,0,0,0,0,0,0,0,0,0,0,0,0,0,0,0,0,0,0,0,0,0,7,2026-02-07 01:48:09.201852
BYL,43.22,43.21,43.23,50000000.0,50000000.0,0,0,0,0,0,0,0,0,0,0,0,0,0,0,0,0,0,0,0,0,0,0,0,0,0,0,7,2026-02-07 01:48:09.201852
CLD,78.78,78.77,78.79,50000000.0,50000000.0,0,0,0,0,0,0,0,0,0,0,0,0,0,0,0,0,0,0,0,0,0,0,0,0,0,0,7,2026-02-07 01:48:09.201852
GGD,31.54,31.53,31.55,50000000.0,50000000.0,0,0,0,0,0,0,0,0,0,0,0,0,0,0,0,0,0,0,0,0,0,0,0,0,0,0,7,2026-02-07 01:48:09.201852
PNR,59.79,59.78,59.8,50000000.0,50000000.0,0,0,0,0,0,0,0,0,0,0,0,0,0,0,0,0,0,0,0,0,0,0,0,0,0,0,7,2026-02-07 01:48:09.201852
FSR,30.53,30.52,30.54,50000000.0,50000000.0,0,0,0,0,0,0,0,0,0,0,0,0,0,0,0,0,0,0,0,0,0,0,0,0,0,0,7,2026-02-07 01:48:09.201852
ATB,62.39,62.38,62.4,50000000.0,50000000.0,0,0,0,0,0,0,0,0,0,0,0,0,0,0,0,0,0,0,0,0,0,0,0,0,0,0,7,2026-02-07 01:48:09.201852
SPK,53.09,53.08,53.1,50000000.0,50000000.0,0,0,0,0,0,0,0,0,0,0,0,0,0,0,0,0,0,0,0,0,0,0,0,0,0,0,7,2026-02-07 01:48:09.201852
EEC,48.52,48.51,48.53,50000000.0,50000000.0,0,0,0,0,0,0,0,0,0,0,0,0,0,0,0,0,0,0,0,0,0,0,0,0,0,0,7,2026-02-07 01:48:09.201852
TGX,43.7,43.69,43.71,50000000.0,50000000.0,0,0,0,0,0,0,0,0,0,0,0,0,0,0,0,0,0,0,0,0,0,0,0,0,0,0,8,2026-02-07 01:48:10.271688
PHR,47.52,47.51,47.53,50000000.0,50000000.0,0,0,0,0,0,0,0,0,0,0,0,0,0,0,0,0,0,0,0,0,0,0,0,0,0,0,8,2026-02-07 01:48:10.271688
BYL,42.99,42.98,43.0,50000000.0,50000000.0,0,0,0,0,0,0,0,0,0,0,0,0,0,0,0,0,0,0,0,0,0,0,0,0,0,0,8,2026-02-07 01:48:10.271688
CLD,78.28,78.27,78.29,50000000.0,50000000.0,0,0,0,0,0,0,0,0,0,0,0,0,0,0,0,0,0,0,0,0,0,0,0,0,0,0,8,2026-02-07 01:48:10.271688
GGD,31.59,31.58,31.6,50000000.0,50000000.0,0,0,0,0,0,0,0,0,0,0,0,0,0,0,0,0,0,0,0,0,0,0,0,0,0,0,8,2026-02-07 01:48:10.271688
PNR,60.02,60.01,60.03,50000000.0,50000000.0,0,0,0,0,0,0,0,0,0,0,0,0,0,0,0,0,0,0,0,0,0,0,0,0,0,0,8,2026-02-07 01:48:10.271688
FSR,30.56,30.55,30.57,50000000.0,50000000.0,0,0,0,0,0,0,0,0,0,0,0,0,0,0,0,0,0,0,0,0,0,0,0,0,0,0,8,2026-02-07 01:48:10.271688
ATB,62.45,62.44,62.46,50000000.0,50000000.0,0,0,0,0,0,0,0,0,0,0,0,0,0,0,0,0,0,0,0,0,0,0,0,0,0,0,8,2026-02-07 01:48:10.271688
SPK,53.01,53.0,53.02,50000000.0,50000000.0,0,0,0,0,0,0,0,0,0,0,0,0,0,0,0,0,0,0,0,0,0,0,0,0,0,0,8,2026-02-07 01:48:10.271688
EEC,48.39,48.38,48.4,50000000.0,50000000.0,0,0,0,0,0,0,0,0,0,0,0,0,0,0,0,0,0,0,0,0,0,0,0,0,0,0,8,2026-02-07 01:48:10.271688
TGX,43.69,43.68,43.7,50000000.0,50000000.0,0,0,0,0,0,0,0,0,0,0,0,0,0,0,0,0,0,0,0,0,0,0,0,0,0,0,9,2026-02-07 01:48:10.844149
PHR,47.7,47.69,47.71,50000000.0,50000000.0,0,0,0,0,0,0,0,0,0,0,0,0,0,0,0,0,0,0,0,0,0,0,0,0,0,0,9,2026-02-07 01:48:10.844149
BYL,42.92,42.91,42.93,50000000.0,50000000.0,0,0,0,0,0,0,0,0,0,0,0,0,0,0,0,0,0,0,0,0,0,0,0,0,0,0,9,2026-02-07 01:48:10.844149
CLD,78.22,78.21,78.23,50000000.0,50000000.0,0,0,0,0,0,0,0,0,0,0,0,0,0,0,0,0,0,0,0,0,0,0,0,0,0,0,9,2026-02-07 01:48:10.844149
GGD,31.63,31.62,31.64,50000000.0,50000000.0,0,0,0,0,0,0,0,0,0,0,0,0,0,0,0,0,0,0,0,0,0,0,0,0,0,0,9,2026-02-07 01:48:10.844149
PNR,60.08,60.07,60.09,50000000.0,50000000.0,0,0,0,0,0,0,0,0,0,0,0,0,0,0,0,0,0,0,0,0,0,0,0,0,0,0,9,2026-02-07 01:48:10.844149
FSR,30.55,30.54,30.56,50000000.0,50000000.0,0,0,0,0,0,0,0,0,0,0,0,0,0,0,0,0,0,0,0,0,0,0,0,0,0,0,9,2026-02-07 01:48:10.844149
ATB,62.45,62.44,62.46,50000000.0,50000000.0,0,0,0,0,0,0,0,0,0,0,0,0,0,0,0,0,0,0,0,0,0,0,0,0,0,0,9,2026-02-07 01:48:10.844149
SPK,52.99,52.98,53.0,50000000.0,50000000.0,0,0,0,0,0,0,0,0,0,0,0,0,0,0,0,0,0,0,0,0,0,0,0,0,0,0,9,2026-02-07 01:48:10.844149
EEC,48.39,48.38,48.4,50000000.0,50000000.0,0,0,0,0,0,0,0,0,0,0,0,0,0,0,0,0,0,0,0,0,0,0,0,0,0,0,9,2026-02-07 01:48:10.844149
TGX,43.69,43.68,43.7,50000000.0,50000000.0,0,0,0,0,0,0,0,0,0,0,0,0,0,0,0,0,0,0,0,0,0,0,0,0,0,0,10,2026-02-07 01:48:11.969274
PHR,47.39,47.38,47.4,50000000.0,50000000.0,0,0,0,0,0,0,0,0,0,0,0,0,0,0,0,0,0,0,0,0,0,0,0,0,0,0,10,2026-02-07 01:48:11.969274
BYL,42.99,42.98,43.0,50000000.0,50000000.0,0,0,0,0,0,0,0,0,0,0,0,0,0,0,0,0,0,0,0,0,0,0,0,0,0,0,10,2026-02-07 01:48:11.969274
CLD,78.41,78.4,78.42,50000000.0,50000000.0,0,0,0,0,0,0,0,0,0,0,0,0,0,0,0,0,0,0,0,0,0,0,0,0,0,0,10,2026-02-07 01:48:11.969274
GGD,31.64,31.63,31.65,50000000.0,50000000.0,0,0,0,0,0,0,0,0,0,0,0,0,0,0,0,0,0,0,0,0,0,0,0,0,0,0,10,2026-02-07 01:48:11.969274
PNR,59.76,59.75,59.77,50000000.0,50000000.0,0,0,0,0,0,0,0,0,0,0,0,0,0,0,0,0,0,0,0,0,0,0,0,0,0,0,10,2026-02-07 01:48:11.969274
FSR,30.54,30.53,30.55,50000000.0,50000000.0,0,0,0,0,0,0,0,0,0,0,0,0,0,0,0,0,0,0,0,0,0,0,0,0,0,0,10,2026-02-07 01:48:11.969274
ATB,62.62,62.61,62.63,50000000.0,50000000.0,0,0,0,0,0,0,0,0,0,0,0,0,0,0,0,0,0,0,0,0,0,0,0,0,0,0,10,2026-02-07 01:48:11.969274
SPK,53.09,53.08,53.1,50000000.0,50000000.0,0,0,0,0,0,0,0,0,0,0,0,0,0,0,0,0,0,0,0,0,0,0,0,0,0,0,10,2026-02-07 01:48:11.969274
EEC,48.56,48.55,48.57,50000000.0,50000000.0,0,0,0,0,0,0,0,0,0,0,0,0,0,0,0,0,0,0,0,0,0,0,0,0,0,0,10,2026-02-07 01:48:11.969274
TGX,43.71,43.7,43.72,50000000.0,50000000.0,0,0,0,0,0,0,0,0,0,0,0,0,0,0,0,0,0,0,0,0,0,0,0,0,0,0,11,2026-02-07 01:48:13.161383
PHR,47.58,47.57,47.59,50000000.0,50000000.0,0,0,0,0,0,0,0,0,0,0,0,0,0,0,0,0,0,0,0,0,0,0,0,0,0,0,11,2026-02-07 01:48:13.161383
BYL,42.82,42.81,42.83,50000000.0,50000000.0,0,0,0,0,0,0,0,0,0,0,0,0,0,0,0,0,0,0,0,0,0,0,0,0,0,0,11,2026-02-07 01:48:13.161383
CLD,78.01,78.0,78.02,50000000.0,50000000.0,0,0,0,0,0,0,0,0,0,0,0,0,0,0,0,0,0,0,0,0,0,0,0,0,0,0,11,2026-02-07 01:48:13.161383
GGD,31.66,31.65,31.67,50000000.0,50000000.0,0,0,0,0,0,0,0,0,0,0,0,0,0,0,0,0,0,0,0,0,0,0,0,0,0,0,11,2026-02-07 01:48:13.161383
PNR,59.69,59.68,59.7,50000000.0,50000000.0,0,0,0,0,0,0,0,0,0,0,0,0,0,0,0,0,0,0,0,0,0,0,0,0,0,0,11,2026-02-07 01:48:13.161383
FSR,30.56,30.55,30.57,50000000.0,50000000.0,0,0,0,0,0,0,0,0,0,0,0,0,0,0,0,0,0,0,0,0,0,0,0,0,0,0,11,2026-02-07 01:48:13.161383
ATB,62.79,62.78,62.8,50000000.0,50000000.0,0,0,0,0,0,0,0,0,0,0,0,0,0,0,0,0,0,0,0,0,0,0,0,0,0,0,11,2026-02-07 01:48:13.161383
SPK,53.1,53.09,53.11,50000000.0,50000000.0,0,0,0,0,0,0,0,0,0,0,0,0,0,0,0,0,0,0,0,0,0,0,0,0,0,0,11,2026-02-07 01:48:13.161383
EEC,48.61,48.6,48.62,50000000.0,50000000.0,0,0,0,0,0,0,0,0,0,0,0,0,0,0,0,0,0,0,0,0,0,0,0,0,0,0,11,2026-02-07 01:48:13.161383
TGX,43.71,43.7,43.72,50000000.0,50000000.0,0,0,0,0,0,0,0,0,0,0,0,0,0,0,0,0,0,0,0,0,0,0,0,0,0,0,12,2026-02-07 01:48:14.207516
PHR,47.31,47.3,47.32,50000000.0,50000000.0,0,0,0,0,0,0,0,0,0,0,0,0,0,0,0,0,0,0,0,0,0,0,0,0,0,0,12,2026-02-07 01:48:14.207516
BYL,42.87,42.86,42.88,50000000.0,50000000.0,0,0,0,0,0,0,0,0,0,0,0,0,0,0,0,0,0,0,0,0,0,0,0,0,0,0,12,2026-02-07 01:48:14.207516
CLD,78.27,78.26,78.28,50000000.0,50000000.0,0,0,0,0,0,0,0,0,0,0,0,0,0,0,0,0,0,0,0,0,0,0,0,0,0,0,12,2026-02-07 01:48:14.207516
GGD,31.72,31.71,31.73,50000000.0,50000000.0,0,0,0,0,0,0,0,0,0,0,0,0,0,0,0,0,0,0,0,0,0,0,0,0,0,0,12,2026-02-07 01:48:14.207516
PNR,59.45,59.44,59.46,50000000.0,50000000.0,0,0,0,0,0,0,0,0,0,0,0,0,0,0,0,0,0,0,0,0,0,0,0,0,0,0,12,2026-02-07 01:48:14.207516
FSR,30.58,30.57,30.59,50000000.0,50000000.0,0,0,0,0,0,0,0,0,0,0,0,0,0,0,0,0,0,0,0,0,0,0,0,0,0,0,12,2026-02-07 01:48:14.207516
ATB,62.78,62.77,62.79,50000000.0,50000000.0,0,0,0,0,0,0,0,0,0,0,0,0,0,0,0,0,0,0,0,0,0,0,0,0,0,0,12,2026-02-07 01:48:14.207516
SPK,52.98,52.97,52.99,50000000.0,50000000.0,0,0,0,0,0,0,0,0,0,0,0,0,0,0,0,0,0,0,0,0,0,0,0,0,0,0,12,2026-02-07 01:48:14.207516
EEC,48.34,48.33,48.35,50000000.0,50000000.0,0,0,0,0,0,0,0,0,0,0,0,0,0,0,0,0,0,0,0,0,0,0,0,0,0,0,12,2026-02-07 01:48:14.207516
TGX,43.71,43.7,43.72,50000000.0,50000000.0,0,0,0,0,0,0,0,0,0,0,0,0,0,0,0,0,0,0,0,0,0,0,0,0,0,0,13,2026-02-07 01:48:15.254394
PHR,47.3,47.29,47.31,50000000.0,50000000.0,0,0,0,0,0,0,0,0,0,0,0,0,0,0,0,0,0,0,0,0,0,0,0,0,0,0,13,2026-02-07 01:48:15.254394
BYL,42.75,42.74,42.76,50000000.0,50000000.0,0,0,0,0,0,0,0,0,0,0,0,0,0,0,0,0,0,0,0,0,0,0,0,0,0,0,13,2026-02-07 01:48:15.254394
CLD,77.97,77.96,77.98,50000000.0,50000000.0,0,0,0,0,0,0,0,0,0,0,0,0,0,0,0,0,0,0,0,0,0,0,0,0,0,0,13,2026-02-07 01:48:15.254394
GGD,31.67,31.66,31.68,50000000.0,50000000.0,0,0,0,0,0,0,0,0,0,0,0,0,0,0,0,0,0,0,0,0,0,0,0,0,0,0,13,2026-02-07 01:48:15.254394
PNR,59.47,59.46,59.48,50000000.0,50000000.0,0,0,0,0,0,0,0,0,0,0,0,0,0,0,0,0,0,0,0,0,0,0,0,0,0,0,13,2026-02-07 01:48:15.254394
FSR,30.59,30.58,30.6,50000000.0,50000000.0,0,0,0,0,0,0,0,0,0,0,0,0,0,0,0,0,0,0,0,0,0,0,0,0,0,0,13,2026-02-07 01:48:15.254394
ATB,62.76,62.75,62.77,50000000.0,50000000.0,0,0,0,0,0,0,0,0,0,0,0,0,0,0,0,0,0,0,0,0,0,0,0,0,0,0,13,2026-02-07 01:48:15.254394
SPK,52.95,52.94,52.96,50000000.0,50000000.0,0,0,0,0,0,0,0,0,0,0,0,0,0,0,0,0,0,0,0,0,0,0,0,0,0,0,13,2026-02-07 01:48:15.254394
EEC,48.33,48.32,48.34,50000000.0,50000000.0,0,0,0,0,0,0,0,0,0,0,0,0,0,0,0,0,0,0,0,0,0,0,0,0,0,0,13,2026-02-07 01:48:15.254394
TGX,43.69,43.68,43.7,50000000.0,50000000.0,0,0,0,0,0,0,0,0,0,0,0,0,0,0,0,0,0,0,0,0,0,0,0,0,0,0,14,2026-02-07 01:48:16.307539
PHR,47.14,47.13,47.15,50000000.0,50000000.0,0,0,0,0,0,0,0,0,0,0,0,0,0,0,0,0,0,0,0,0,0,0,0,0,0,0,14,2026-02-07 01:48:16.307539
BYL,42.95,42.94,42.96,50000000.0,50000000.0,0,0,0,0,0,0,0,0,0,0,0,0,0,0,0,0,0,0,0,0,0,0,0,0,0,0,14,2026-02-07 01:48:16.307539
CLD,78.32,78.31,78.33,50000000.0,50000000.0,0,0,0,0,0,0,0,0,0,0,0,0,0,0,0,0,0,0,0,0,0,0,0,0,0,0,14,2026-02-07 01:48:16.307539
GGD,31.64,31.63,31.65,50000000.0,50000000.0,0,0,0,0,0,0,0,0,0,0,0,0,0,0,0,0,0,0,0,0,0,0,0,0,0,0,14,2026-02-07 01:48:16.307539
PNR,59.44,59.43,59.45,50000000.0,50000000.0,0,0,0,0,0,0,0,0,0,0,0,0,0,0,0,0,0,0,0,0,0,0,0,0,0,0,14,2026-02-07 01:48:16.307539
FSR,30.52,30.51,30.53,50000000.0,50000000.0,0,0,0,0,0,0,0,0,0,0,0,0,0,0,0,0,0,0,0,0,0,0,0,0,0,0,14,2026-02-07 01:48:16.307539
ATB,62.67,62.66,62.68,50000000.0,50000000.0,0,0,0,0,0,0,0,0,0,0,0,0,0,0,0,0,0,0,0,0,0,0,0,0,0,0,14,2026-02-07 01:48:16.307539
SPK,53.05,53.04,53.06,50000000.0,50000000.0,0,0,0,0,0,0,0,0,0,0,0,0,0,0,0,0,0,0,0,0,0,0,0,0,0,0,14,2026-02-07 01:48:16.307539
EEC,48.44,48.43,48.45,50000000.0,50000000.0,0,0,0,0,0,0,0,0,0,0,0,0,0,0,0,0,0,0,0,0,0,0,0,0,0,0,14,2026-02-07 01:48:16.307539
TGX,43.66,43.65,43.67,50000000.0,50000000.0,0,0,0,0,0,0,0,0,0,0,0,0,0,0,0,0,0,0,0,0,0,0,0,0,0,0,15,2026-02-07 01:48:16.850304
PHR,47.1,47.09,47.11,50000000.0,50000000.0,0,0,0,0,0,0,0,0,0,0,0,0,0,0,0,0,0,0,0,0,0,0,0,0,0,0,15,2026-02-07 01:48:16.850304
BYL,42.73,42.72,42.74,50000000.0,50000000.0,0,0,0,0,0,0,0,0,0,0,0,0,0,0,0,0,0,0,0,0,0,0,0,0,0,0,15,2026-02-07 01:48:16.850304
CLD,77.69,77.68,77.7,50000000.0,50000000.0,0,0,0,0,0,0,0,0,0,0,0,0,0,0,0,0,0,0,0,0,0,0,0,0,0,0,15,2026-02-07 01:48:16.850304
GGD,31.67,31.66,31.68,50000000.0,50000000.0,0,0,0,0,0,0,0,0,0,0,0,0,0,0,0,0,0,0,0,0,0,0,0,0,0,0,15,2026-02-07 01:48:16.850304
PNR,59.49,59.48,59.5,50000000.0,50000000.0,0,0,0,0,0,0,0,0,0,0,0,0,0,0,0,0,0,0,0,0,0,0,0,0,0,0,15,2026-02-07 01:48:16.850304
FSR,30.55,30.54,30.56,50000000.0,50000000.0,0,0,0,0,0,0,0,0,0,0,0,0,0,0,0,0,0,0,0,0,0,0,0,0,0,0,15,2026-02-07 01:48:16.850304
ATB,62.72,62.71,62.73,50000000.0,50000000.0,0,0,0,0,0,0,0,0,0,0,0,0,0,0,0,0,0,0,0,0,0,0,0,0,0,0,15,2026-02-07 01:48:16.850304
SPK,52.98,52.97,52.99,50000000.0,50000000.0,0,0,0,0,0,0,0,0,0,0,0,0,0,0,0,0,0,0,0,0,0,0,0,0,0,0,15,2026-02-07 01:48:16.850304
EEC,48.23,48.22,48.24,50000000.0,50000000.0,0,0,0,0,0,0,0,0,0,0,0,0,0,0,0,0,0,0,0,0,0,0,0,0,0,0,15,2026-02-07 01:48:16.850304
TGX,43.62,43.61,43.63,50000000.0,50000000.0,0,0,0,0,0,0,0,0,0,0,0,0,0,0,0,0,0,0,0,0,0,0,0,0,0,0,16,2026-02-07 01:48:17.898005
PHR,47.1,47.09,47.11,50000000.0,50000000.0,0,0,0,0,0,0,0,0,0,0,0,0,0,0,0,0,0,0,0,0,0,0,0,0,0,0,16,2026-02-07 01:48:17.898005
BYL,43.05,43.04,43.06,50000000.0,50000000.0,0,0,0,0,0,0,0,0,0,0,0,0,0,0,0,0,0,0,0,0,0,0,0,0,0,0,16,2026-02-07 01:48:17.898005
CLD,78.46,78.45,78.47,50000000.0,50000000.0,0,0,0,0,0,0,0,0,0,0,0,0,0,0,0,0,0,0,0,0,0,0,0,0,0,0,16,2026-02-07 01:48:17.898005
GGD,31.66,31.65,31.67,50000000.0,50000000.0,0,0,0,0,0,0,0,0,0,0,0,0,0,0,0,0,0,0,0,0,0,0,0,0,0,0,16,2026-02-07 01:48:17.898005
PNR,59.42,59.41,59.43,50000000.0,50000000.0,0,0,0,0,0,0,0,0,0,0,0,0,0,0,0,0,0,0,0,0,0,0,0,0,0,0,16,2026-02-07 01:48:17.898005
FSR,30.54,30.53,30.55,50000000.0,50000000.0,0,0,0,0,0,0,0,0,0,0,0,0,0,0,0,0,0,0,0,0,0,0,0,0,0,0,16,2026-02-07 01:48:17.898005
ATB,62.76,62.75,62.77,50000000.0,50000000.0,0,0,0,0,0,0,0,0,0,0,0,0,0,0,0,0,0,0,0,0,0,0,0,0,0,0,16,2026-02-07 01:48:17.898005
SPK,53.22,53.21,53.23,50000000.0,50000000.0,0,0,0,0,0,0,0,0,0,0,0,0,0,0,0,0,0,0,0,0,0,0,0,0,0,0,16,2026-02-07 01:48:17.898005
EEC,48.73,48.72,48.74,50000000.0,50000000.0,0,0,0,0,0,0,0,0,0,0,0,0,0,0,0,0,0,0,0,0,0,0,0,0,0,0,16,2026-02-07 01:48:17.898005
TGX,43.6,43.59,43.61,50000000.0,50000000.0,0,0,0,0,0,0,0,0,0,0,0,0,0,0,0,0,0,0,0,0,0,0,0,0,0,0,17,2026-02-07 01:48:19.074594
PHR,46.9,46.89,46.91,50000000.0,50000000.0,0,0,0,0,0,0,0,0,0,0,0,0,0,0,0,0,0,0,0,0,0,0,0,0,0,0,17,2026-02-07 01:48:19.074594
BYL,42.85,42.84,42.86,50000000.0,50000000.0,0,0,0,0,0,0,0,0,0,0,0,0,0,0,0,0,0,0,0,0,0,0,0,0,0,0,17,2026-02-07 01:48:19.074594
CLD,78.06,78.05,78.07,50000000.0,50000000.0,0,0,0,0,0,0,0,0,0,0,0,0,0,0,0,0,0,0,0,0,0,0,0,0,0,0,17,2026-02-07 01:48:19.074594
GGD,31.61,31.6,31.62,50000000.0,50000000.0,0,0,0,0,0,0,0,0,0,0,0,0,0,0,0,0,0,0,0,0,0,0,0,0,0,0,17,2026-02-07 01:48:19.074594
PNR,59.67,59.66,59.68,50000000.0,50000000.0,0,0,0,0,0,0,0,0,0,0,0,0,0,0,0,0,0,0,0,0,0,0,0,0,0,0,17,2026-02-07 01:48:19.074594
FSR,30.54,30.53,30.55,50000000.0,50000000.0,0,0,0,0,0,0,0,0,0,0,0,0,0,0,0,0,0,0,0,0,0,0,0,0,0,0,17,2026-02-07 01:48:19.074594
ATB,62.86,62.85,62.87,50000000.0,50000000.0,0,0,0,0,0,0,0,0,0,0,0,0,0,0,0,0,0,0,0,0,0,0,0,0,0,0,17,2026-02-07 01:48:19.074594
SPK,53.2,53.19,53.21,50000000.0,50000000.0,0,0,0,0,0,0,0,0,0,0,0,0,0,0,0,0,0,0,0,0,0,0,0,0,0,0,17,2026-02-07 01:48:19.074594
EEC,48.62,48.61,48.63,50000000.0,50000000.0,0,0,0,0,0,0,0,0,0,0,0,0,0,0,0,0,0,0,0,0,0,0,0,0,0,0,17,2026-02-07 01:48:19.074594
TGX,43.55,43.54,43.56,50000000.0,50000000.0,0,0,0,0,0,0,0,0,0,0,0,0,0,0,0,0,0,0,0,0,0,0,0,0,0,0,18,2026-02-07 01:48:20.156687
PHR,46.66,46.65,46.67,50000000.0,50000000.0,0,0,0,0,0,0,0,0,0,0,0,0,0,0,0,0,0,0,0,0,0,0,0,0,0,0,18,2026-02-07 01:48:20.156687
BYL,42.83,42.82,42.84,50000000.0,50000000.0,0,0,0,0,0,0,0,0,0,0,0,0,0,0,0,0,0,0,0,0,0,0,0,0,0,0,18,2026-02-07 01:48:20.156687
CLD,77.88,77.87,77.89,50000000.0,50000000.0,0,0,0,0,0,0,0,0,0,0,0,0,0,0,0,0,0,0,0,0,0,0,0,0,0,0,18,2026-02-07 01:48:20.156687
GGD,31.59,31.58,31.6,50000000.0,50000000.0,0,0,0,0,0,0,0,0,0,0,0,0,0,0,0,0,0,0,0,0,0,0,0,0,0,0,18,2026-02-07 01:48:20.156687
PNR,59.63,59.62,59.64,50000000.0,50000000.0,0,0,0,0,0,0,0,0,0,0,0,0,0,0,0,0,0,0,0,0,0,0,0,0,0,0,18,2026-02-07 01:48:20.156687
FSR,30.57,30.56,30.58,50000000.0,50000000.0,0,0,0,0,0,0,0,0,0,0,0,0,0,0,0,0,0,0,0,0,0,0,0,0,0,0,18,2026-02-07 01:48:20.156687
ATB,63.03,63.02,63.04,50000000.0,50000000.0,0,0,0,0,0,0,0,0,0,0,0,0,0,0,0,0,0,0,0,0,0,0,0,0,0,0,18,2026-02-07 01:48:20.156687
SPK,53.24,53.23,53.25,50000000.0,50000000.0,0,0,0,0,0,0,0,0,0,0,0,0,0,0,0,0,0,0,0,0,0,0,0,0,0,0,18,2026-02-07 01:48:20.156687
EEC,48.62,48.61,48.63,50000000.0,50000000.0,0,0,0,0,0,0,0,0,0,0,0,0,0,0,0,0,0,0,0,0,0,0,0,0,0,0,18,2026-02-07 01:48:20.156687
TGX,43.53,43.52,43.54,50000000.0,50000000.0,0,0,0,0,0,0,0,0,0,0,0,0,0,0,0,0,0,0,0,0,0,0,0,0,0,0,19,2026-02-07 01:48:21.204390
PHR,46.3,46.29,46.31,50000000.0,50000000.0,0,0,0,0,0,0,0,0,0,0,0,0,0,0,0,0,0,0,0,0,0,0,0,0,0,0,19,2026-02-07 01:48:21.204390
BYL,42.61,42.6,42.62,50000000.0,50000000.0,0,0,0,0,0,0,0,0,0,0,0,0,0,0,0,0,0,0,0,0,0,0,0,0,0,0,19,2026-02-07 01:48:21.204390
CLD,77.43,77.42,77.44,50000000.0,50000000.0,0,0,0,0,0,0,0,0,0,0,0,0,0,0,0,0,0,0,0,0,0,0,0,0,0,0,19,2026-02-07 01:48:21.204390
GGD,31.59,31.58,31.6,50000000.0,50000000.0,0,0,0,0,0,0,0,0,0,0,0,0,0,0,0,0,0,0,0,0,0,0,0,0,0,0,19,2026-02-07 01:48:21.204390
PNR,59.39,59.38,59.4,50000000.0,50000000.0,0,0,0,0,0,0,0,0,0,0,0,0,0,0,0,0,0,0,0,0,0,0,0,0,0,0,19,2026-02-07 01:48:21.204390
FSR,30.58,30.57,30.59,50000000.0,50000000.0,0,0,0,0,0,0,0,0,0,0,0,0,0,0,0,0,0,0,0,0,0,0,0,0,0,0,19,2026-02-07 01:48:21.204390
ATB,63.0,62.99,63.01,50000000.0,50000000.0,0,0,0,0,0,0,0,0,0,0,0,0,0,0,0,0,0,0,0,0,0,0,0,0,0,0,19,2026-02-07 01:48:21.204390
SPK,53.35,53.34,53.36,50000000.0,50000000.0,0,0,0,0,0,0,0,0,0,0,0,0,0,0,0,0,0,0,0,0,0,0,0,0,0,0,19,2026-02-07 01:48:21.204390
EEC,48.84,48.83,48.85,50000000.0,50000000.0,0,0,0,0,0,0,0,0,0,0,0,0,0,0,0,0,0,0,0,0,0,0,0,0,0,0,19,2026-02-07 01:48:21.204390
TGX,43.54,43.53,43.55,50000000.0,50000000.0,0,0,0,0,0,0,0,0,0,0,0,0,0,0,0,0,0,0,0,0,0,0,0,0,0,0,20,2026-02-07 01:48:22.267660
PHR,46.48,46.47,46.49,50000000.0,50000000.0,0,0,0,0,0,0,0,0,0,0,0,0,0,0,0,0,0,0,0,0,0,0,0,0,0,0,20,2026-02-07 01:48:22.267660
BYL,42.59,42.58,42.6,50000000.0,50000000.0,0,0,0,0,0,0,0,0,0,0,0,0,0,0,0,0,0,0,0,0,0,0,0,0,0,0,20,2026-02-07 01:48:22.267660
CLD,77.37,77.36,77.38,50000000.0,50000000.0,0,0,0,0,0,0,0,0,0,0,0,0,0,0,0,0,0,0,0,0,0,0,0,0,0,0,20,2026-02-07 01:48:22.267660
GGD,31.57,31.56,31.58,50000000.0,50000000.0,0,0,0,0,0,0,0,0,0,0,0,0,0,0,0,0,0,0,0,0,0,0,0,0,0,0,20,2026-02-07 01:48:22.267660
PNR,59.19,59.18,59.2,50000000.0,50000000.0,0,0,0,0,0,0,0,0,0,0,0,0,0,0,0,0,0,0,0,0,0,0,0,0,0,0,20,2026-02-07 01:48:22.267660
FSR,30.56,30.55,30.57,50000000.0,50000000.0,0,0,0,0,0,0,0,0,0,0,0,0,0,0,0,0,0,0,0,0,0,0,0,0,0,0,20,2026-02-07 01:48:22.267660
ATB,62.92,62.91,62.93,50000000.0,50000000.0,0,0,0,0,0,0,0,0,0,0,0,0,0,0,0,0,0,0,0,0,0,0,0,0,0,0,20,2026-02-07 01:48:22.267660
SPK,53.44,53.43,53.45,50000000.0,50000000.0,0,0,0,0,0,0,0,0,0,0,0,0,0,0,0,0,0,0,0,0,0,0,0,0,0,0,20,2026-02-07 01:48:22.267660
EEC,48.93,48.92,48.94,50000000.0,50000000.0,0,0,0,0,0,0,0,0,0,0,0,0,0,0,0,0,0,0,0,0,0,0,0,0,0,0,20,2026-02-07 01:48:22.267660
TGX,43.53,43.52,43.54,50000000.0,50000000.0,0,0,0,0,0,0,0,0,0,0,0,0,0,0,0,0,0,0,0,0,0,0,0,0,0,0,21,2026-02-07 01:48:23.324334
PHR,46.27,46.26,46.28,50000000.0,50000000.0,0,0,0,0,0,0,0,0,0,0,0,0,0,0,0,0,0,0,0,0,0,0,0,0,0,0,21,2026-02-07 01:48:23.324334
BYL,42.61,42.6,42.62,50000000.0,50000000.0,0,0,0,0,0,0,0,0,0,0,0,0,0,0,0,0,0,0,0,0,0,0,0,0,0,0,21,2026-02-07 01:48:23.324334
CLD,77.36,77.35,77.37,50000000.0,50000000.0,0,0,0,0,0,0,0,0,0,0,0,0,0,0,0,0,0,0,0,0,0,0,0,0,0,0,21,2026-02-07 01:48:23.324334
GGD,31.6,31.59,31.61,50000000.0,50000000.0,0,0,0,0,0,0,0,0,0,0,0,0,0,0,0,0,0,0,0,0,0,0,0,0,0,0,21,2026-02-07 01:48:23.324334
PNR,59.37,59.36,59.38,50000000.0,50000000.0,0,0,0,0,0,0,0,0,0,0,0,0,0,0,0,0,0,0,0,0,0,0,0,0,0,0,21,2026-02-07 01:48:23.324334
FSR,30.56,30.55,30.57,50000000.0,50000000.0,0,0,0,0,0,0,0,0,0,0,0,0,0,0,0,0,0,0,0,0,0,0,0,0,0,0,21,2026-02-07 01:48:23.324334
ATB,62.94,62.93,62.95,50000000.0,50000000.0,0,0,0,0,0,0,0,0,0,0,0,0,0,0,0,0,0,0,0,0,0,0,0,0,0,0,21,2026-02-07 01:48:23.324334
SPK,53.51,53.5,53.52,50000000.0,50000000.0,0,0,0,0,0,0,0,0,0,0,0,0,0,0,0,0,0,0,0,0,0,0,0,0,0,0,21,2026-02-07 01:48:23.324334
EEC,49.09,49.08,49.1,50000000.0,50000000.0,0,0,0,0,0,0,0,0,0,0,0,0,0,0,0,0,0,0,0,0,0,0,0,0,0,0,21,2026-02-07 01:48:23.324334
TGX,43.58,43.57,43.59,50000000.0,50000000.0,0,0,0,0,0,0,0,0,0,0,0,0,0,0,0,0,0,0,0,0,0,0,0,0,0,0,22,2026-02-07 01:48:23.879552
PHR,46.08,46.07,46.09,50000000.0,50000000.0,0,0,0,0,0,0,0,0,0,0,0,0,0,0,0,0,0,0,0,0,0,0,0,0,0,0,22,2026-02-07 01:48:23.879552
BYL,42.42,42.41,42.43,50000000.0,50000000.0,0,0,0,0,0,0,0,0,0,0,0,0,0,0,0,0,0,0,0,0,0,0,0,0,0,0,22,2026-02-07 01:48:23.879552
CLD,76.88,76.87,76.89,50000000.0,50000000.0,0,0,0,0,0,0,0,0,0,0,0,0,0,0,0,0,0,0,0,0,0,0,0,0,0,0,22,2026-02-07 01:48:23.879552
GGD,31.58,31.57,31.59,50000000.0,50000000.0,0,0,0,0,0,0,0,0,0,0,0,0,0,0,0,0,0,0,0,0,0,0,0,0,0,0,22,2026-02-07 01:48:23.879552
PNR,59.54,59.53,59.55,50000000.0,50000000.0,0,0,0,0,0,0,0,0,0,0,0,0,0,0,0,0,0,0,0,0,0,0,0,0,0,0,22,2026-02-07 01:48:23.879552
FSR,30.6,30.59,30.61,50000000.0,50000000.0,0,0,0,0,0,0,0,0,0,0,0,0,0,0,0,0,0,0,0,0,0,0,0,0,0,0,22,2026-02-07 01:48:23.879552
ATB,63.06,63.05,63.07,50000000.0,50000000.0,0,0,0,0,0,0,0,0,0,0,0,0,0,0,0,0,0,0,0,0,0,0,0,0,0,0,22,2026-02-07 01:48:23.879552
SPK,53.61,53.6,53.62,50000000.0,50000000.0,0,0,0,0,0,0,0,0,0,0,0,0,0,0,0,0,0,0,0,0,0,0,0,0,0,0,22,2026-02-07 01:48:23.879552
EEC,49.27,49.26,49.28,50000000.0,50000000.0,0,0,0,0,0,0,0,0,0,0,0,0,0,0,0,0,0,0,0,0,0,0,0,0,0,0,22,2026-02-07 01:48:23.879552
TGX,43.58,43.57,43.59,50000000.0,50000000.0,0,0,0,0,0,0,0,0,0,0,0,0,0,0,0,0,0,0,0,0,0,0,0,0,0,0,23,2026-02-07 01:48:24.940752,2.0,1.0,22.0,D4-FSR/ATB,Atlas Bank Management Provides Updated Market Outlook,"Atlas Bank management has updated its forward guidance in a routine investor communication, revising certain operating assumptions while maintaining its overall strategic outlook. The revised projections reflect mixed conditions in the banking sector, with some metrics trending above prior expectations and others showing softness. Market participants are debating whether the update strengthens or weakens the economic rationale for the proposed combination with FinSure."
PHR,46.29,46.28,46.3,50000000.0,50000000.0,0,0,0,0,0,0,0,0,0,0,0,0,0,0,0,0,0,0,0,0,0,0,0,0,0,0,23,2026-02-07 01:48:24.940752,,,,,,
BYL,42.43,42.42,42.44,50000000.0,50000000.0,0,0,0,0,0,0,0,0,0,0,0,0,0,0,0,0,0,0,0,0,0,0,0,0,0,0,23,2026-02-07 01:48:24.940752,,,,,,
CLD,76.97,76.96,76.98,50000000.0,50000000.0,0,0,0,0,0,0,0,0,0,0,0,0,0,0,0,0,0,0,0,0,0,0,0,0,0,0,23,2026-02-07 01:48:24.940752,,,,,,
GGD,31.65,31.64,31.66,50000000.0,50000000.0,0,0,0,0,0,0,0,0,0,0,0,0,0,0,0,0,0,0,0,0,0,0,0,0,0,0,23,2026-02-07 01:48:24.940752,,,,,,
PNR,59.93,59.92,59.94,50000000.0,50000000.0,0,0,0,0,0,0,0,0,0,0,0,0,0,0,0,0,0,0,0,0,0,0,0,0,0,0,23,2026-02-07 01:48:24.940752,,,,,,
FSR,30.61,30.6,30.62,50000000.0,50000000.0,0,0,0,0,0,0,0,0,0,0,0,0,0,0,0,0,0,0,0,0,0,0,0,0,0,0,23,2026-02-07 01:48:24.940752,,,,,,
ATB,63.17,63.16,63.18,50000000.0,50000000.0,0,0,0,0,0,0,0,0,0,0,0,0,0,0,0,0,0,0,0,0,0,0,0,0,0,0,23,2026-02-07 01:48:24.940752,,,,,,
SPK,53.84,53.83,53.85,50000000.0,50000000.0,0,0,0,0,0,0,0,0,0,0,0,0,0,0,0,0,0,0,0,0,0,0,0,0,0,0,23,2026-02-07 01:48:24.940752,,,,,,
EEC,49.65,49.64,49.66,50000000.0,50000000.0,0,0,0,0,0,0,0,0,0,0,0,0,0,0,0,0,0,0,0,0,0,0,0,0,0,0,23,2026-02-07 01:48:24.940752,,,,,,
TGX,43.57,43.56,43.58,50000000.0,50000000.0,0,0,0,0,0,0,0,0,0,0,0,0,0,0,0,0,0,0,0,0,0,0,0,0,0,0,24,2026-02-07 01:48:26.006038
PHR,46.11,46.1,46.12,50000000.0,50000000.0,0,0,0,0,0,0,0,0,0,0,0,0,0,0,0,0,0,0,0,0,0,0,0,0,0,0,24,2026-02-07 01:48:26.006038
BYL,42.16,42.15,42.17,50000000.0,50000000.0,0,0,0,0,0,0,0,0,0,0,0,0,0,0,0,0,0,0,0,0,0,0,0,0,0,0,24,2026-02-07 01:48:26.006038
CLD,76.23,76.22,76.24,50000000.0,50000000.0,0,0,0,0,0,0,0,0,0,0,0,0,0,0,0,0,0,0,0,0,0,0,0,0,0,0,24,2026-02-07 01:48:26.006038
GGD,31.68,31.67,31.69,50000000.0,50000000.0,0,0,0,0,0,0,0,0,0,0,0,0,0,0,0,0,0,0,0,0,0,0,0,0,0,0,24,2026-02-07 01:48:26.006038
PNR,60.01,60.0,60.02,50000000.0,50000000.0,0,0,0,0,0,0,0,0,0,0,0,0,0,0,0,0,0,0,0,0,0,0,0,0,0,0,24,2026-02-07 01:48:26.006038
FSR,30.6,30.59,30.61,50000000.0,50000000.0,0,0,0,0,0,0,0,0,0,0,0,0,0,0,0,0,0,0,0,0,0,0,0,0,0,0,24,2026-02-07 01:48:26.006038
ATB,63.09,63.08,63.1,50000000.0,50000000.0,0,0,0,0,0,0,0,0,0,0,0,0,0,0,0,0,0,0,0,0,0,0,0,0,0,0,24,2026-02-07 01:48:26.006038
SPK,53.8,53.79,53.81,50000000.0,50000000.0,0,0,0,0,0,0,0,0,0,0,0,0,0,0,0,0,0,0,0,0,0,0,0,0,0,0,24,2026-02-07 01:48:26.006038
EEC,49.7,49.69,49.71,50000000.0,50000000.0,0,0,0,0,0,0,0,0,0,0,0,0,0,0,0,0,0,0,0,0,0,0,0,0,0,0,24,2026-02-07 01:48:26.006038
TGX,43.57,43.56,43.58,50000000.0,50000000.0,0,0,0,0,0,0,0,0,0,0,0,0,0,0,0,0,0,0,0,0,0,0,0,0,0,0,25,2026-02-07 01:48:27.109747
PHR,45.44,45.43,45.45,50000000.0,50000000.0,0,0,0,0,0,0,0,0,0,0,0,0,0,0,0,0,0,0,0,0,0,0,0,0,0,0,25,2026-02-07 01:48:27.109747
BYL,42.33,42.32,42.34,50000000.0,50000000.0,0,0,0,0,0,0,0,0,0,0,0,0,0,0,0,0,0,0,0,0,0,0,0,0,0,0,25,2026-02-07 01:48:27.109747
CLD,76.52,76.51,76.53,50000000.0,50000000.0,0,0,0,0,0,0,0,0,0,0,0,0,0,0,0,0,0,0,0,0,0,0,0,0,0,0,25,2026-02-07 01:48:27.109747
GGD,31.61,31.6,31.62,50000000.0,50000000.0,0,0,0,0,0,0,0,0,0,0,0,0,0,0,0,0,0,0,0,0,0,0,0,0,0,0,25,2026-02-07 01:48:27.109747
PNR,59.92,59.91,59.93,50000000.0,50000000.0,0,0,0,0,0,0,0,0,0,0,0,0,0,0,0,0,0,0,0,0,0,0,0,0,0,0,25,2026-02-07 01:48:27.109747
FSR,30.62,30.61,30.63,50000000.0,50000000.0,0,0,0,0,0,0,0,0,0,0,0,0,0,0,0,0,0,0,0,0,0,0,0,0,0,0,25,2026-02-07 01:48:27.109747
ATB,63.31,63.3,63.32,50000000.0,50000000.0,0,0,0,0,0,0,0,0,0,0,0,0,0,0,0,0,0,0,0,0,0,0,0,0,0,0,25,2026-02-07 01:48:27.109747
SPK,53.81,53.8,53.82,50000000.0,50000000.0,0,0,0,0,0,0,0,0,0,0,0,0,0,0,0,0,0,0,0,0,0,0,0,0,0,0,25,2026-02-07 01:48:27.109747
EEC,49.65,49.64,49.66,50000000.0,50000000.0,0,0,0,0,0,0,0,0,0,0,0,0,0,0,0,0,0,0,0,0,0,0,0,0,0,0,25,2026-02-07 01:48:27.109747
TGX,43.58,43.57,43.59,50000000.0,50000000.0,0,0,0,0,0,0,0,0,0,0,0,0,0,0,0,0,0,0,0,0,0,0,0,0,0,0,26,2026-02-07 01:48:28.171137
PHR,45.79,45.78,45.8,50000000.0,50000000.0,0,0,0,0,0,0,0,0,0,0,0,0,0,0,0,0,0,0,0,0,0,0,0,0,0,0,26,2026-02-07 01:48:28.171137
BYL,42.2,42.19,42.21,50000000.0,50000000.0,0,0,0,0,0,0,0,0,0,0,0,0,0,0,0,0,0,0,0,0,0,0,0,0,0,0,26,2026-02-07 01:48:28.171137
CLD,76.16,76.15,76.17,50000000.0,50000000.0,0,0,0,0,0,0,0,0,0,0,0,0,0,0,0,0,0,0,0,0,0,0,0,0,0,0,26,2026-02-07 01:48:28.171137
GGD,31.61,31.6,31.62,50000000.0,50000000.0,0,0,0,0,0,0,0,0,0,0,0,0,0,0,0,0,0,0,0,0,0,0,0,0,0,0,26,2026-02-07 01:48:28.171137
PNR,59.86,59.85,59.87,50000000.0,50000000.0,0,0,0,0,0,0,0,0,0,0,0,0,0,0,0,0,0,0,0,0,0,0,0,0,0,0,26,2026-02-07 01:48:28.171137
FSR,30.6,30.59,30.61,50000000.0,50000000.0,0,0,0,0,0,0,0,0,0,0,0,0,0,0,0,0,0,0,0,0,0,0,0,0,0,0,26,2026-02-07 01:48:28.171137
ATB,63.4,63.39,63.41,50000000.0,50000000.0,0,0,0,0,0,0,0,0,0,0,0,0,0,0,0,0,0,0,0,0,0,0,0,0,0,0,26,2026-02-07 01:48:28.171137
SPK,53.91,53.9,53.92,50000000.0,50000000.0,0,0,0,0,0,0,0,0,0,0,0,0,0,0,0,0,0,0,0,0,0,0,0,0,0,0,26,2026-02-07 01:48:28.171137
EEC,49.87,49.86,49.88,50000000.0,50000000.0,0,0,0,0,0,0,0,0,0,0,0,0,0,0,0,0,0,0,0,0,0,0,0,0,0,0,26,2026-02-07 01:48:28.171137
TGX,43.61,43.6,43.62,50000000.0,50000000.0,0,0,0,0,0,0,0,0,0,0,0,0,0,0,0,0,0,0,0,0,0,0,0,0,0,0,27,2026-02-07 01:48:29.235937,4.0,1.0,26.0,D4-FSR/ATB,TLAC Requirements Clarified,Regulators provide clarity on Total Loss-Absorbing Capacity requirements post-merger.
PHR,45.99,45.98,46.0,50000000.0,50000000.0,0,0,0,0,0,0,0,0,0,0,0,0,0,0,0,0,0,0,0,0,0,0,0,0,0,0,27,2026-02-07 01:48:29.235937,3.0,1.0,26.0,D3-GGD/PNR,ISS Issues Qualified Support,Institutional Shareholder Services recommends approval while noting valuation at low end of range.
BYL,42.39,42.38,42.4,50000000.0,50000000.0,0,0,0,0,0,0,0,0,0,0,0,0,0,0,0,0,0,0,0,0,0,0,0,0,0,0,27,2026-02-07 01:48:29.235937,,,,,,
CLD,76.55,76.54,76.56,50000000.0,50000000.0,0,0,0,0,0,0,0,0,0,0,0,0,0,0,0,0,0,0,0,0,0,0,0,0,0,0,27,2026-02-07 01:48:29.235937,,,,,,
GGD,31.62,31.61,31.63,50000000.0,50000000.0,0,0,0,0,0,0,0,0,0,0,0,0,0,0,0,0,0,0,0,0,0,0,0,0,0,0,27,2026-02-07 01:48:29.235937,,,,,,
PNR,60.2,60.19,60.21,50000000.0,50000000.0,0,0,0,0,0,0,0,0,0,0,0,0,0,0,0,0,0,0,0,0,0,0,0,0,0,0,27,2026-02-07 01:48:29.235937,,,,,,
FSR,30.58,30.57,30.59,50000000.0,50000000.0,0,0,0,0,0,0,0,0,0,0,0,0,0,0,0,0,0,0,0,0,0,0,0,0,0,0,27,2026-02-07 01:48:29.235937,,,,,,
ATB,63.41,63.4,63.42,50000000.0,50000000.0,0,0,0,0,0,0,0,0,0,0,0,0,0,0,0,0,0,0,0,0,0,0,0,0,0,0,27,2026-02-07 01:48:29.235937,,,,,,
SPK,54.03,54.02,54.04,50000000.0,50000000.0,0,0,0,0,0,0,0,0,0,0,0,0,0,0,0,0,0,0,0,0,0,0,0,0,0,0,27,2026-02-07 01:48:29.235937,,,,,,
EEC,50.08,50.07,50.09,50000000.0,50000000.0,0,0,0,0,0,0,0,0,0,0,0,0,0,0,0,0,0,0,0,0,0,0,0,0,0,0,27,2026-02-07 01:48:29.235937,,,,,,
TGX,43.64,43.63,43.65,50000000.0,50000000.0,0,0,0,0,0,0,0,0,0,0,0,0,0,0,0,0,0,0,0,0,0,0,0,0,0,0,28,2026-02-07 01:48:30.288567
PHR,46.03,46.02,46.04,50000000.0,50000000.0,0,0,0,0,0,0,0,0,0,0,0,0,0,0,0,0,0,0,0,0,0,0,0,0,0,0,28,2026-02-07 01:48:30.288567
BYL,42.3,42.29,42.31,50000000.0,50000000.0,0,0,0,0,0,0,0,0,0,0,0,0,0,0,0,0,0,0,0,0,0,0,0,0,0,0,28,2026-02-07 01:48:30.288567
CLD,76.38,76.37,76.39,50000000.0,50000000.0,0,0,0,0,0,0,0,0,0,0,0,0,0,0,0,0,0,0,0,0,0,0,0,0,0,0,28,2026-02-07 01:48:30.288567
GGD,31.55,31.54,31.56,50000000.0,50000000.0,0,0,0,0,0,0,0,0,0,0,0,0,0,0,0,0,0,0,0,0,0,0,0,0,0,0,28,2026-02-07 01:48:30.288567
PNR,60.13,60.12,60.14,50000000.0,50000000.0,0,0,0,0,0,0,0,0,0,0,0,0,0,0,0,0,0,0,0,0,0,0,0,0,0,0,28,2026-02-07 01:48:30.288567
FSR,30.63,30.62,30.64,50000000.0,50000000.0,0,0,0,0,0,0,0,0,0,0,0,0,0,0,0,0,0,0,0,0,0,0,0,0,0,0,28,2026-02-07 01:48:30.288567
ATB,63.34,63.33,63.35,50000000.0,50000000.0,0,0,0,0,0,0,0,0,0,0,0,0,0,0,0,0,0,0,0,0,0,0,0,0,0,0,28,2026-02-07 01:48:30.288567
SPK,53.97,53.96,53.98,50000000.0,50000000.0,0,0,0,0,0,0,0,0,0,0,0,0,0,0,0,0,0,0,0,0,0,0,0,0,0,0,28,2026-02-07 01:48:30.288567
EEC,49.94,49.93,49.95,50000000.0,50000000.0,0,0,0,0,0,0,0,0,0,0,0,0,0,0,0,0,0,0,0,0,0,0,0,0,0,0,28,2026-02-07 01:48:30.288567
TGX,43.69,43.68,43.7,50000000.0,50000000.0,0,0,0,0,0,0,0,0,0,0,0,0,0,0,0,0,0,0,0,0,0,0,0,0,0,0,29,2026-02-07 01:48:31.346403
PHR,46.21,46.2,46.22,50000000.0,50000000.0,0,0,0,0,0,0,0,0,0,0,0,0,0,0,0,0,0,0,0,0,0,0,0,0,0,0,29,2026-02-07 01:48:31.346403
BYL,42.41,42.4,42.42,50000000.0,50000000.0,0,0,0,0,0,0,0,0,0,0,0,0,0,0,0,0,0,0,0,0,0,0,0,0,0,0,29,2026-02-07 01:48:31.346403
CLD,76.65,76.64,76.66,50000000.0,50000000.0,0,0,0,0,0,0,0,0,0,0,0,0,0,0,0,0,0,0,0,0,0,0,0,0,0,0,29,2026-02-07 01:48:31.346403
GGD,31.6,31.59,31.61,50000000.0,50000000.0,0,0,0,0,0,0,0,0,0,0,0,0,0,0,0,0,0,0,0,0,0,0,0,0,0,0,29,2026-02-07 01:48:31.346403
PNR,60.43,60.42,60.44,50000000.0,50000000.0,0,0,0,0,0,0,0,0,0,0,0,0,0,0,0,0,0,0,0,0,0,0,0,0,0,0,29,2026-02-07 01:48:31.346403
FSR,30.66,30.65,30.67,50000000.0,50000000.0,0,0,0,0,0,0,0,0,0,0,0,0,0,0,0,0,0,0,0,0,0,0,0,0,0,0,29,2026-02-07 01:48:31.346403
ATB,63.24,63.23,63.25,50000000.0,50000000.0,0,0,0,0,0,0,0,0,0,0,0,0,0,0,0,0,0,0,0,0,0,0,0,0,0,0,29,2026-02-07 01:48:31.346403
SPK,53.97,53.96,53.98,50000000.0,50000000.0,0,0,0,0,0,0,0,0,0,0,0,0,0,0,0,0,0,0,0,0,0,0,0,0,0,0,29,2026-02-07 01:48:31.346403
EEC,50.0,49.99,50.01,50000000.0,50000000.0,0,0,0,0,0,0,0,0,0,0,0,0,0,0,0,0,0,0,0,0,0,0,0,0,0,0,29,2026-02-07 01:48:31.346403
TGX,43.76,43.75,43.77,50000000.0,50000000.0,0,0,0,0,0,0,0,0,0,0,0,0,0,0,0,0,0,0,0,0,0,0,0,0,0,0,30,2026-02-07 01:48:31.926582
PHR,46.48,46.47,46.49,50000000.0,50000000.0,0,0,0,0,0,0,0,0,0,0,0,0,0,0,0,0,0,0,0,0,0,0,0,0,0,0,30,2026-02-07 01:48:31.926582
BYL,42.32,42.31,42.33,50000000.0,50000000.0,0,0,0,0,0,0,0,0,0,0,0,0,0,0,0,0,0,0,0,0,0,0,0,0,0,0,30,2026-02-07 01:48:31.926582
CLD,76.56,76.55,76.57,50000000.0,50000000.0,0,0,0,0,0,0,0,0,0,0,0,0,0,0,0,0,0,0,0,0,0,0,0,0,0,0,30,2026-02-07 01:48:31.926582
GGD,31.61,31.6,31.62,50000000.0,50000000.0,0,0,0,0,0,0,0,0,0,0,0,0,0,0,0,0,0,0,0,0,0,0,0,0,0,0,30,2026-02-07 01:48:31.926582
PNR,60.32,60.31,60.33,50000000.0,50000000.0,0,0,0,0,0,0,0,0,0,0,0,0,0,0,0,0,0,0,0,0,0,0,0,0,0,0,30,2026-02-07 01:48:31.926582
FSR,30.69,30.68,30.7,50000000.0,50000000.0,0,0,0,0,0,0,0,0,0,0,0,0,0,0,0,0,0,0,0,0,0,0,0,0,0,0,30,2026-02-07 01:48:31.926582
ATB,63.28,63.27,63.29,50000000.0,50000000.0,0,0,0,0,0,0,0,0,0,0,0,0,0,0,0,0,0,0,0,0,0,0,0,0,0,0,30,2026-02-07 01:48:31.926582
SPK,53.82,53.81,53.83,50000000.0,50000000.0,0,0,0,0,0,0,0,0,0,0,0,0,0,0,0,0,0,0,0,0,0,0,0,0,0,0,30,2026-02-07 01:48:31.926582
EEC,49.71,49.7,49.72,50000000.0,50000000.0,0,0,0,0,0,0,0,0,0,0,0,0,0,0,0,0,0,0,0,0,0,0,0,0,0,0,30,2026-02-07 01:48:31.926582
TGX,43.77,43.76,43.78,50000000.0,50000000.0,0,0,0,0,0,0,0,0,0,0,0,0,0,0,0,0,0,0,0,0,0,0,0,0,0,0,31,2026-02-07 01:48:33.037473
PHR,46.35,46.34,46.36,50000000.0,50000000.0,0,0,0,0,0,0,0,0,0,0,0,0,0,0,0,0,0,0,0,0,0,0,0,0,0,0,31,2026-02-07 01:48:33.037473
BYL,42.28,42.27,42.29,50000000.0,50000000.0,0,0,0,0,0,0,0,0,0,0,0,0,0,0,0,0,0,0,0,0,0,0,0,0,0,0,31,2026-02-07 01:48:33.037473
CLD,76.57,76.56,76.58,50000000.0,50000000.0,0,0,0,0,0,0,0,0,0,0,0,0,0,0,0,0,0,0,0,0,0,0,0,0,0,0,31,2026-02-07 01:48:33.037473
GGD,31.6,31.59,31.61,50000000.0,50000000.0,0,0,0,0,0,0,0,0,0,0,0,0,0,0,0,0,0,0,0,0,0,0,0,0,0,0,31,2026-02-07 01:48:33.037473
PNR,60.28,60.27,60.29,50000000.0,50000000.0,0,0,0,0,0,0,0,0,0,0,0,0,0,0,0,0,0,0,0,0,0,0,0,0,0,0,31,2026-02-07 01:48:33.037473
FSR,30.67,30.66,30.68,50000000.0,50000000.0,0,0,0,0,0,0,0,0,0,0,0,0,0,0,0,0,0,0,0,0,0,0,0,0,0,0,31,2026-02-07 01:48:33.037473
ATB,63.29,63.28,63.3,50000000.0,50000000.0,0,0,0,0,0,0,0,0,0,0,0,0,0,0,0,0,0,0,0,0,0,0,0,0,0,0,31,2026-02-07 01:48:33.037473
SPK,54.01,54.0,54.02,50000000.0,50000000.0,0,0,0,0,0,0,0,0,0,0,0,0,0,0,0,0,0,0,0,0,0,0,0,0,0,0,31,2026-02-07 01:48:33.037473
EEC,50.05,50.04,50.06,50000000.0,50000000.0,0,0,0,0,0,0,0,0,0,0,0,0,0,0,0,0,0,0,0,0,0,0,0,0,0,0,31,2026-02-07 01:48:33.037473
TGX,43.76,43.75,43.77,50000000.0,50000000.0,0,0,0,0,0,0,0,0,0,0,0,0,0,0,0,0,0,0,0,0,0,0,0,0,0,0,32,2026-02-07 01:48:34.119504
PHR,45.97,45.96,45.98,50000000.0,50000000.0,0,0,0,0,0,0,0,0,0,0,0,0,0,0,0,0,0,0,0,0,0,0,0,0,0,0,32,2026-02-07 01:48:34.119504
BYL,42.4,42.39,42.41,50000000.0,50000000.0,0,0,0,0,0,0,0,0,0,0,0,0,0,0,0,0,0,0,0,0,0,0,0,0,0,0,32,2026-02-07 01:48:34.119504
CLD,76.76,76.75,76.77,50000000.0,50000000.0,0,0,0,0,0,0,0,0,0,0,0,0,0,0,0,0,0,0,0,0,0,0,0,0,0,0,32,2026-02-07 01:48:34.119504
GGD,31.62,31.61,31.63,50000000.0,50000000.0,0,0,0,0,0,0,0,0,0,0,0,0,0,0,0,0,0,0,0,0,0,0,0,0,0,0,32,2026-02-07 01:48:34.119504
PNR,60.31,60.3,60.32,50000000.0,50000000.0,0,0,0,0,0,0,0,0,0,0,0,0,0,0,0,0,0,0,0,0,0,0,0,0,0,0,32,2026-02-07 01:48:34.119504
FSR,30.66,30.65,30.67,50000000.0,50000000.0,0,0,0,0,0,0,0,0,0,0,0,0,0,0,0,0,0,0,0,0,0,0,0,0,0,0,32,2026-02-07 01:48:34.119504
ATB,63.35,63.34,63.36,50000000.0,50000000.0,0,0,0,0,0,0,0,0,0,0,0,0,0,0,0,0,0,0,0,0,0,0,0,0,0,0,32,2026-02-07 01:48:34.119504
SPK,53.93,53.92,53.94,50000000.0,50000000.0,0,0,0,0,0,0,0,0,0,0,0,0,0,0,0,0,0,0,0,0,0,0,0,0,0,0,32,2026-02-07 01:48:34.119504
EEC,49.87,49.86,49.88,50000000.0,50000000.0,0,0,0,0,0,0,0,0,0,0,0,0,0,0,0,0,0,0,0,0,0,0,0,0,0,0,32,2026-02-07 01:48:34.119504
TGX,43.73,43.72,43.74,50000000.0,50000000.0,0,0,0,0,0,0,0,0,0,0,0,0,0,0,0,0,0,0,0,0,0,0,0,0,0,0,33,2026-02-07 01:48:35.215916
PHR,46.2,46.19,46.21,50000000.0,50000000.0,0,0,0,0,0,0,0,0,0,0,0,0,0,0,0,0,0,0,0,0,0,0,0,0,0,0,33,2026-02-07 01:48:35.215916
BYL,42.42,42.41,42.43,50000000.0,50000000.0,0,0,0,0,0,0,0,0,0,0,0,0,0,0,0,0,0,0,0,0,0,0,0,0,0,0,33,2026-02-07 01:48:35.215916
CLD,76.86,76.85,76.87,50000000.0,50000000.0,0,0,0,0,0,0,0,0,0,0,0,0,0,0,0,0,0,0,0,0,0,0,0,0,0,0,33,2026-02-07 01:48:35.215916
GGD,31.65,31.64,31.66,50000000.0,50000000.0,0,0,0,0,0,0,0,0,0,0,0,0,0,0,0,0,0,0,0,0,0,0,0,0,0,0,33,2026-02-07 01:48:35.215916
PNR,60.25,60.24,60.26,50000000.0,50000000.0,0,0,0,0,0,0,0,0,0,0,0,0,0,0,0,0,0,0,0,0,0,0,0,0,0,0,33,2026-02-07 01:48:35.215916
FSR,30.66,30.65,30.67,50000000.0,50000000.0,0,0,0,0,0,0,0,0,0,0,0,0,0,0,0,0,0,0,0,0,0,0,0,0,0,0,33,2026-02-07 01:48:35.215916
ATB,63.39,63.38,63.4,50000000.0,50000000.0,0,0,0,0,0,0,0,0,0,0,0,0,0,0,0,0,0,0,0,0,0,0,0,0,0,0,33,2026-02-07 01:48:35.215916
SPK,53.78,53.77,53.79,50000000.0,50000000.0,0,0,0,0,0,0,0,0,0,0,0,0,0,0,0,0,0,0,0,0,0,0,0,0,0,0,33,2026-02-07 01:48:35.215916
EEC,49.61,49.6,49.62,50000000.0,50000000.0,0,0,0,0,0,0,0,0,0,0,0,0,0,0,0,0,0,0,0,0,0,0,0,0,0,0,33,2026-02-07 01:48:35.215916
TGX,43.71,43.7,43.72,50000000.0,50000000.0,0,0,0,0,0,0,0,0,0,0,0,0,0,0,0,0,0,0,0,0,0,0,0,0,0,0,34,2026-02-07 01:48:36.274390
PHR,46.52,46.51,46.53,50000000.0,50000000.0,0,0,0,0,0,0,0,0,0,0,0,0,0,0,0,0,0,0,0,0,0,0,0,0,0,0,34,2026-02-07 01:48:36.274390
BYL,42.16,42.15,42.17,50000000.0,50000000.0,0,0,0,0,0,0,0,0,0,0,0,0,0,0,0,0,0,0,0,0,0,0,0,0,0,0,34,2026-02-07 01:48:36.274390
CLD,76.21,76.2,76.22,50000000.0,50000000.0,0,0,0,0,0,0,0,0,0,0,0,0,0,0,0,0,0,0,0,0,0,0,0,0,0,0,34,2026-02-07 01:48:36.274390
GGD,31.56,31.55,31.57,50000000.0,50000000.0,0,0,0,0,0,0,0,0,0,0,0,0,0,0,0,0,0,0,0,0,0,0,0,0,0,0,34,2026-02-07 01:48:36.274390
PNR,60.2,60.19,60.21,50000000.0,50000000.0,0,0,0,0,0,0,0,0,0,0,0,0,0,0,0,0,0,0,0,0,0,0,0,0,0,0,34,2026-02-07 01:48:36.274390
FSR,30.65,30.64,30.66,50000000.0,50000000.0,0,0,0,0,0,0,0,0,0,0,0,0,0,0,0,0,0,0,0,0,0,0,0,0,0,0,34,2026-02-07 01:48:36.274390
ATB,63.26,63.25,63.27,50000000.0,50000000.0,0,0,0,0,0,0,0,0,0,0,0,0,0,0,0,0,0,0,0,0,0,0,0,0,0,0,34,2026-02-07 01:48:36.274390
SPK,53.92,53.91,53.93,50000000.0,50000000.0,0,0,0,0,0,0,0,0,0,0,0,0,0,0,0,0,0,0,0,0,0,0,0,0,0,0,34,2026-02-07 01:48:36.274390
EEC,49.96,49.95,49.97,50000000.0,50000000.0,0,0,0,0,0,0,0,0,0,0,0,0,0,0,0,0,0,0,0,0,0,0,0,0,0,0,34,2026-02-07 01:48:36.274390
TGX,43.71,43.7,43.72,50000000.0,50000000.0,0,0,0,0,0,0,0,0,0,0,0,0,0,0,0,0,0,0,0,0,0,0,0,0,0,0,35,2026-02-07 01:48:37.329330
PHR,46.75,46.74,46.76,50000000.0,50000000.0,0,0,0,0,0,0,0,0,0,0,0,0,0,0,0,0,0,0,0,0,0,0,0,0,0,0,35,2026-02-07 01:48:37.329330
BYL,41.82,41.81,41.83,50000000.0,50000000.0,0,0,0,0,0,0,0,0,0,0,0,0,0,0,0,0,0,0,0,0,0,0,0,0,0,0,35,2026-02-07 01:48:37.329330
CLD,75.38,75.37,75.39,50000000.0,50000000.0,0,0,0,0,0,0,0,0,0,0,0,0,0,0,0,0,0,0,0,0,0,0,0,0,0,0,35,2026-02-07 01:48:37.329330
GGD,31.48,31.47,31.49,50000000.0,50000000.0,0,0,0,0,0,0,0,0,0,0,0,0,0,0,0,0,0,0,0,0,0,0,0,0,0,0,35,2026-02-07 01:48:37.329330
PNR,59.94,59.93,59.95,50000000.0,50000000.0,0,0,0,0,0,0,0,0,0,0,0,0,0,0,0,0,0,0,0,0,0,0,0,0,0,0,35,2026-02-07 01:48:37.329330
FSR,30.67,30.66,30.68,50000000.0,50000000.0,0,0,0,0,0,0,0,0,0,0,0,0,0,0,0,0,0,0,0,0,0,0,0,0,0,0,35,2026-02-07 01:48:37.329330
ATB,63.22,63.21,63.23,50000000.0,50000000.0,0,0,0,0,0,0,0,0,0,0,0,0,0,0,0,0,0,0,0,0,0,0,0,0,0,0,35,2026-02-07 01:48:37.329330
SPK,53.88,53.87,53.89,50000000.0,50000000.0,0,0,0,0,0,0,0,0,0,0,0,0,0,0,0,0,0,0,0,0,0,0,0,0,0,0,35,2026-02-07 01:48:37.329330
EEC,49.95,49.94,49.96,50000000.0,50000000.0,0,0,0,0,0,0,0,0,0,0,0,0,0,0,0,0,0,0,0,0,0,0,0,0,0,0,35,2026-02-07 01:48:37.329330
TGX,43.68,43.67,43.69,50000000.0,50000000.0,0,0,0,0,0,0,0,0,0,0,0,0,0,0,0,0,0,0,0,0,0,0,0,0,0,0,36,2026-02-07 01:48:38.413547
PHR,47.31,47.3,47.32,50000000.0,50000000.0,0,0,0,0,0,0,0,0,0,0,0,0,0,0,0,0,0,0,0,0,0,0,0,0,0,0,36,2026-02-07 01:48:38.413547
BYL,41.87,41.86,41.88,50000000.0,50000000.0,0,0,0,0,0,0,0,0,0,0,0,0,0,0,0,0,0,0,0,0,0,0,0,0,0,0,36,2026-02-07 01:48:38.413547
CLD,75.49,75.48,75.5,50000000.0,50000000.0,0,0,0,0,0,0,0,0,0,0,0,0,0,0,0,0,0,0,0,0,0,0,0,0,0,0,36,2026-02-07 01:48:38.413547
GGD,31.49,31.48,31.5,50000000.0,50000000.0,0,0,0,0,0,0,0,0,0,0,0,0,0,0,0,0,0,0,0,0,0,0,0,0,0,0,36,2026-02-07 01:48:38.413547
PNR,59.83,59.82,59.84,50000000.0,50000000.0,0,0,0,0,0,0,0,0,0,0,0,0,0,0,0,0,0,0,0,0,0,0,0,0,0,0,36,2026-02-07 01:48:38.413547
FSR,30.69,30.68,30.7,50000000.0,50000000.0,0,0,0,0,0,0,0,0,0,0,0,0,0,0,0,0,0,0,0,0,0,0,0,0,0,0,36,2026-02-07 01:48:38.413547
ATB,63.18,63.17,63.19,50000000.0,50000000.0,0,0,0,0,0,0,0,0,0,0,0,0,0,0,0,0,0,0,0,0,0,0,0,0,0,0,36,2026-02-07 01:48:38.413547
SPK,53.85,53.84,53.86,50000000.0,50000000.0,0,0,0,0,0,0,0,0,0,0,0,0,0,0,0,0,0,0,0,0,0,0,0,0,0,0,36,2026-02-07 01:48:38.413547
EEC,49.96,49.95,49.97,50000000.0,50000000.0,0,0,0,0,0,0,0,0,0,0,0,0,0,0,0,0,0,0,0,0,0,0,0,0,0,0,36,2026-02-07 01:48:38.413547
TGX,43.71,43.7,43.72,50000000.0,50000000.0,0,0,0,0,0,0,0,0,0,0,0,0,0,0,0,0,0,0,0,0,0,0,0,0,0,0,37,2026-02-07 01:48:38.966361
PHR,47.27,47.26,47.28,50000000.0,50000000.0,0,0,0,0,0,0,0,0,0,0,0,0,0,0,0,0,0,0,0,0,0,0,0,0,0,0,37,2026-02-07 01:48:38.966361
BYL,42.08,42.07,42.09,50000000.0,50000000.0,0,0,0,0,0,0,0,0,0,0,0,0,0,0,0,0,0,0,0,0,0,0,0,0,0,0,37,2026-02-07 01:48:38.966361
CLD,75.96,75.95,75.97,50000000.0,50000000.0,0,0,0,0,0,0,0,0,0,0,0,0,0,0,0,0,0,0,0,0,0,0,0,0,0,0,37,2026-02-07 01:48:38.966361
GGD,31.49,31.48,31.5,50000000.0,50000000.0,0,0,0,0,0,0,0,0,0,0,0,0,0,0,0,0,0,0,0,0,0,0,0,0,0,0,37,2026-02-07 01:48:38.966361
PNR,59.7,59.69,59.71,50000000.0,50000000.0,0,0,0,0,0,0,0,0,0,0,0,0,0,0,0,0,0,0,0,0,0,0,0,0,0,0,37,2026-02-07 01:48:38.966361
FSR,30.62,30.61,30.63,50000000.0,50000000.0,0,0,0,0,0,0,0,0,0,0,0,0,0,0,0,0,0,0,0,0,0,0,0,0,0,0,37,2026-02-07 01:48:38.966361
ATB,63.3,63.29,63.31,50000000.0,50000000.0,0,0,0,0,0,0,0,0,0,0,0,0,0,0,0,0,0,0,0,0,0,0,0,0,0,0,37,2026-02-07 01:48:38.966361
SPK,53.85,53.84,53.86,50000000.0,50000000.0,0,0,0,0,0,0,0,0,0,0,0,0,0,0,0,0,0,0,0,0,0,0,0,0,0,0,37,2026-02-07 01:48:38.966361
EEC,49.98,49.97,49.99,50000000.0,50000000.0,0,0,0,0,0,0,0,0,0,0,0,0,0,0,0,0,0,0,0,0,0,0,0,0,0,0,37,2026-02-07 01:48:38.966361
TGX,43.72,43.71,43.73,50000000.0,50000000.0,0,0,0,0,0,0,0,0,0,0,0,0,0,0,0,0,0,0,0,0,0,0,0,0,0,0,38,2026-02-07 01:48:40.045537
PHR,47.35,47.34,47.36,50000000.0,50000000.0,0,0,0,0,0,0,0,0,0,0,0,0,0,0,0,0,0,0,0,0,0,0,0,0,0,0,38,2026-02-07 01:48:40.045537
BYL,42.02,42.01,42.03,50000000.0,50000000.0,0,0,0,0,0,0,0,0,0,0,0,0,0,0,0,0,0,0,0,0,0,0,0,0,0,0,38,2026-02-07 01:48:40.045537
CLD,75.78,75.77,75.79,50000000.0,50000000.0,0,0,0,0,0,0,0,0,0,0,0,0,0,0,0,0,0,0,0,0,0,0,0,0,0,0,38,2026-02-07 01:48:40.045537
GGD,31.47,31.46,31.48,50000000.0,50000000.0,0,0,0,0,0,0,0,0,0,0,0,0,0,0,0,0,0,0,0,0,0,0,0,0,0,0,38,2026-02-07 01:48:40.045537
PNR,59.48,59.47,59.49,50000000.0,50000000.0,0,0,0,0,0,0,0,0,0,0,0,0,0,0,0,0,0,0,0,0,0,0,0,0,0,0,38,2026-02-07 01:48:40.045537
FSR,30.64,30.63,30.65,50000000.0,50000000.0,0,0,0,0,0,0,0,0,0,0,0,0,0,0,0,0,0,0,0,0,0,0,0,0,0,0,38,2026-02-07 01:48:40.045537
ATB,63.17,63.16,63.18,50000000.0,50000000.0,0,0,0,0,0,0,0,0,0,0,0,0,0,0,0,0,0,0,0,0,0,0,0,0,0,0,38,2026-02-07 01:48:40.045537
SPK,53.81,53.8,53.82,50000000.0,50000000.0,0,0,0,0,0,0,0,0,0,0,0,0,0,0,0,0,0,0,0,0,0,0,0,0,0,0,38,2026-02-07 01:48:40.045537
EEC,49.93,49.92,49.94,50000000.0,50000000.0,0,0,0,0,0,0,0,0,0,0,0,0,0,0,0,0,0,0,0,0,0,0,0,0,0,0,38,2026-02-07 01:48:40.045537
TGX,43.72,43.71,43.73,50000000.0,50000000.0,0,0,0,0,0,0,0,0,0,0,0,0,0,0,0,0,0,0,0,0,0,0,0,0,0,0,39,2026-02-07 01:48:41.129549
PHR,47.6,47.59,47.61,50000000.0,50000000.0,0,0,0,0,0,0,0,0,0,0,0,0,0,0,0,0,0,0,0,0,0,0,0,0,0,0,39,2026-02-07 01:48:41.129549
BYL,42.02,42.01,42.03,50000000.0,50000000.0,0,0,0,0,0,0,0,0,0,0,0,0,0,0,0,0,0,0,0,0,0,0,0,0,0,0,39,2026-02-07 01:48:41.129549
CLD,75.89,75.88,75.9,50000000.0,50000000.0,0,0,0,0,0,0,0,0,0,0,0,0,0,0,0,0,0,0,0,0,0,0,0,0,0,0,39,2026-02-07 01:48:41.129549
GGD,31.54,31.53,31.55,50000000.0,50000000.0,0,0,0,0,0,0,0,0,0,0,0,0,0,0,0,0,0,0,0,0,0,0,0,0,0,0,39,2026-02-07 01:48:41.129549
PNR,59.47,59.46,59.48,50000000.0,50000000.0,0,0,0,0,0,0,0,0,0,0,0,0,0,0,0,0,0,0,0,0,0,0,0,0,0,0,39,2026-02-07 01:48:41.129549
FSR,30.62,30.61,30.63,50000000.0,50000000.0,0,0,0,0,0,0,0,0,0,0,0,0,0,0,0,0,0,0,0,0,0,0,0,0,0,0,39,2026-02-07 01:48:41.129549
ATB,63.09,63.08,63.1,50000000.0,50000000.0,0,0,0,0,0,0,0,0,0,0,0,0,0,0,0,0,0,0,0,0,0,0,0,0,0,0,39,2026-02-07 01:48:41.129549
SPK,53.92,53.91,53.93,50000000.0,50000000.0,0,0,0,0,0,0,0,0,0,0,0,0,0,0,0,0,0,0,0,0,0,0,0,0,0,0,39,2026-02-07 01:48:41.129549
EEC,50.11,50.1,50.12,50000000.0,50000000.0,0,0,0,0,0,0,0,0,0,0,0,0,0,0,0,0,0,0,0,0,0,0,0,0,0,0,39,2026-02-07 01:48:41.129549
TGX,43.71,43.7,43.72,50000000.0,50000000.0,0,0,0,0,0,0,0,0,0,0,0,0,0,0,0,0,0,0,0,0,0,0,0,0,0,0,40,2026-02-07 01:48:42.214026
PHR,47.77,47.76,47.78,50000000.0,50000000.0,0,0,0,0,0,0,0,0,0,0,0,0,0,0,0,0,0,0,0,0,0,0,0,0,0,0,40,2026-02-07 01:48:42.214026
BYL,41.93,41.92,41.94,50000000.0,50000000.0,0,0,0,0,0,0,0,0,0,0,0,0,0,0,0,0,0,0,0,0,0,0,0,0,0,0,40,2026-02-07 01:48:42.214026
CLD,75.73,75.72,75.74,50000000.0,50000000.0,0,0,0,0,0,0,0,0,0,0,0,0,0,0,0,0,0,0,0,0,0,0,0,0,0,0,40,2026-02-07 01:48:42.214026
GGD,31.49,31.48,31.5,50000000.0,50000000.0,0,0,0,0,0,0,0,0,0,0,0,0,0,0,0,0,0,0,0,0,0,0,0,0,0,0,40,2026-02-07 01:48:42.214026
PNR,59.35,59.34,59.36,50000000.0,50000000.0,0,0,0,0,0,0,0,0,0,0,0,0,0,0,0,0,0,0,0,0,0,0,0,0,0,0,40,2026-02-07 01:48:42.214026
FSR,30.61,30.6,30.62,50000000.0,50000000.0,0,0,0,0,0,0,0,0,0,0,0,0,0,0,0,0,0,0,0,0,0,0,0,0,0,0,40,2026-02-07 01:48:42.214026
ATB,63.11,63.1,63.12,50000000.0,50000000.0,0,0,0,0,0,0,0,0,0,0,0,0,0,0,0,0,0,0,0,0,0,0,0,0,0,0,40,2026-02-07 01:48:42.214026
SPK,54.0,53.99,54.01,50000000.0,50000000.0,0,0,0,0,0,0,0,0,0,0,0,0,0,0,0,0,0,0,0,0,0,0,0,0,0,0,40,2026-02-07 01:48:42.214026
EEC,50.19,50.18,50.2,50000000.0,50000000.0,0,0,0,0,0,0,0,0,0,0,0,0,0,0,0,0,0,0,0,0,0,0,0,0,0,0,40,2026-02-07 01:48:42.214026
TGX,43.67,43.66,43.68,50000000.0,50000000.0,0,0,0,0,0,0,0,0,0,0,0,0,0,0,0,0,0,0,0,0,0,0,0,0,0,0,41,2026-02-07 01:48:43.270430
PHR,47.91,47.9,47.92,50000000.0,50000000.0,0,0,0,0,0,0,0,0,0,0,0,0,0,0,0,0,0,0,0,0,0,0,0,0,0,0,41,2026-02-07 01:48:43.270430
BYL,41.97,41.96,41.98,50000000.0,50000000.0,0,0,0,0,0,0,0,0,0,0,0,0,0,0,0,0,0,0,0,0,0,0,0,0,0,0,41,2026-02-07 01:48:43.270430
CLD,75.84,75.83,75.85,50000000.0,50000000.0,0,0,0,0,0,0,0,0,0,0,0,0,0,0,0,0,0,0,0,0,0,0,0,0,0,0,41,2026-02-07 01:48:43.270430
GGD,31.48,31.47,31.49,50000000.0,50000000.0,0,0,0,0,0,0,0,0,0,0,0,0,0,0,0,0,0,0,0,0,0,0,0,0,0,0,41,2026-02-07 01:48:43.270430
PNR,59.21,59.2,59.22,50000000.0,50000000.0,0,0,0,0,0,0,0,0,0,0,0,0,0,0,0,0,0,0,0,0,0,0,0,0,0,0,41,2026-02-07 01:48:43.270430
FSR,30.6,30.59,30.61,50000000.0,50000000.0,0,0,0,0,0,0,0,0,0,0,0,0,0,0,0,0,0,0,0,0,0,0,0,0,0,0,41,2026-02-07 01:48:43.270430
ATB,62.92,62.91,62.93,50000000.0,50000000.0,0,0,0,0,0,0,0,0,0,0,0,0,0,0,0,0,0,0,0,0,0,0,0,0,0,0,41,2026-02-07 01:48:43.270430
SPK,54.0,53.99,54.01,50000000.0,50000000.0,0,0,0,0,0,0,0,0,0,0,0,0,0,0,0,0,0,0,0,0,0,0,0,0,0,0,41,2026-02-07 01:48:43.270430
EEC,50.18,50.17,50.19,50000000.0,50000000.0,0,0,0,0,0,0,0,0,0,0,0,0,0,0,0,0,0,0,0,0,0,0,0,0,0,0,41,2026-02-07 01:48:43.270430
TGX,43.66,43.65,43.67,50000000.0,50000000.0,0,0,0,0,0,0,0,0,0,0,0,0,0,0,0,0,0,0,0,0,0,0,0,0,0,0,42,2026-02-07 01:48:44.325395
PHR,47.71,47.7,47.72,50000000.0,50000000.0,0,0,0,0,0,0,0,0,0,0,0,0,0,0,0,0,0,0,0,0,0,0,0,0,0,0,42,2026-02-07 01:48:44.325395
BYL,42.19,42.18,42.2,50000000.0,50000000.0,0,0,0,0,0,0,0,0,0,0,0,0,0,0,0,0,0,0,0,0,0,0,0,0,0,0,42,2026-02-07 01:48:44.325395
CLD,76.39,76.38,76.4,50000000.0,50000000.0,0,0,0,0,0,0,0,0,0,0,0,0,0,0,0,0,0,0,0,0,0,0,0,0,0,0,42,2026-02-07 01:48:44.325395
GGD,31.49,31.48,31.5,50000000.0,50000000.0,0,0,0,0,0,0,0,0,0,0,0,0,0,0,0,0,0,0,0,0,0,0,0,0,0,0,42,2026-02-07 01:48:44.325395
PNR,59.06,59.05,59.07,50000000.0,50000000.0,0,0,0,0,0,0,0,0,0,0,0,0,0,0,0,0,0,0,0,0,0,0,0,0,0,0,42,2026-02-07 01:48:44.325395
FSR,31.17,31.16,31.18,50000000.0,50000000.0,0,0,0,0,0,0,0,0,0,0,0,0,0,0,0,0,0,0,0,0,0,0,0,0,0,0,42,2026-02-07 01:48:44.325395
ATB,62.98,62.97,62.99,50000000.0,50000000.0,0,0,0,0,0,0,0,0,0,0,0,0,0,0,0,0,0,0,0,0,0,0,0,0,0,0,42,2026-02-07 01:48:44.325395
SPK,53.86,53.85,53.87,50000000.0,50000000.0,0,0,0,0,0,0,0,0,0,0,0,0,0,0,0,0,0,0,0,0,0,0,0,0,0,0,42,2026-02-07 01:48:44.325395
EEC,50.04,50.03,50.05,50000000.0,50000000.0,0,0,0,0,0,0,0,0,0,0,0,0,0,0,0,0,0,0,0,0,0,0,0,0,0,0,42,2026-02-07 01:48:44.325395
TGX,43.68,43.67,43.69,50000000.0,50000000.0,0,0,0,0,0,0,0,0,0,0,0,0,0,0,0,0,0,0,0,0,0,0,0,0,0,0,43,2026-02-07 01:48:45.373809
PHR,48.24,48.23,48.25,50000000.0,50000000.0,0,0,0,0,0,0,0,0,0,0,0,0,0,0,0,0,0,0,0,0,0,0,0,0,0,0,43,2026-02-07 01:48:45.373809
BYL,42.43,42.42,42.44,50000000.0,50000000.0,0,0,0,0,0,0,0,0,0,0,0,0,0,0,0,0,0,0,0,0,0,0,0,0,0,0,43,2026-02-07 01:48:45.373809
CLD,76.96,76.95,76.97,50000000.0,50000000.0,0,0,0,0,0,0,0,0,0,0,0,0,0,0,0,0,0,0,0,0,0,0,0,0,0,0,43,2026-02-07 01:48:45.373809
GGD,31.54,31.53,31.55,50000000.0,50000000.0,0,0,0,0,0,0,0,0,0,0,0,0,0,0,0,0,0,0,0,0,0,0,0,0,0,0,43,2026-02-07 01:48:45.373809
PNR,59.35,59.34,59.36,50000000.0,50000000.0,0,0,0,0,0,0,0,0,0,0,0,0,0,0,0,0,0,0,0,0,0,0,0,0,0,0,43,2026-02-07 01:48:45.373809
FSR,31.16,31.15,31.17,50000000.0,50000000.0,0,0,0,0,0,0,0,0,0,0,0,0,0,0,0,0,0,0,0,0,0,0,0,0,0,0,43,2026-02-07 01:48:45.373809
ATB,62.94,62.93,62.95,50000000.0,50000000.0,0,0,0,0,0,0,0,0,0,0,0,0,0,0,0,0,0,0,0,0,0,0,0,0,0,0,43,2026-02-07 01:48:45.373809
SPK,53.83,53.82,53.84,50000000.0,50000000.0,0,0,0,0,0,0,0,0,0,0,0,0,0,0,0,0,0,0,0,0,0,0,0,0,0,0,43,2026-02-07 01:48:45.373809
EEC,50.07,50.06,50.08,50000000.0,50000000.0,0,0,0,0,0,0,0,0,0,0,0,0,0,0,0,0,0,0,0,0,0,0,0,0,0,0,43,2026-02-07 01:48:45.373809
TGX,43.68,43.67,43.69,50000000.0,50000000.0,0,0,0,0,0,0,0,0,0,0,0,0,0,0,0,0,0,0,0,0,0,0,0,0,0,0,44,2026-02-07 01:48:46.427832
PHR,48.27,48.26,48.28,50000000.0,50000000.0,0,0,0,0,0,0,0,0,0,0,0,0,0,0,0,0,0,0,0,0,0,0,0,0,0,0,44,2026-02-07 01:48:46.427832
BYL,42.29,42.28,42.3,50000000.0,50000000.0,0,0,0,0,0,0,0,0,0,0,0,0,0,0,0,0,0,0,0,0,0,0,0,0,0,0,44,2026-02-07 01:48:46.427832
CLD,76.71,76.7,76.72,50000000.0,50000000.0,0,0,0,0,0,0,0,0,0,0,0,0,0,0,0,0,0,0,0,0,0,0,0,0,0,0,44,2026-02-07 01:48:46.427832
GGD,32.31,32.3,32.32,50000000.0,50000000.0,0,0,0,0,0,0,0,0,0,0,0,0,0,0,0,0,0,0,0,0,0,0,0,0,0,0,44,2026-02-07 01:48:46.427832
PNR,59.57,59.56,59.58,50000000.0,50000000.0,0,0,0,0,0,0,0,0,0,0,0,0,0,0,0,0,0,0,0,0,0,0,0,0,0,0,44,2026-02-07 01:48:46.427832
FSR,31.14,31.13,31.15,50000000.0,50000000.0,0,0,0,0,0,0,0,0,0,0,0,0,0,0,0,0,0,0,0,0,0,0,0,0,0,0,44,2026-02-07 01:48:46.427832
ATB,63.05,63.04,63.06,50000000.0,50000000.0,0,0,0,0,0,0,0,0,0,0,0,0,0,0,0,0,0,0,0,0,0,0,0,0,0,0,44,2026-02-07 01:48:46.427832
SPK,53.76,53.75,53.77,50000000.0,50000000.0,0,0,0,0,0,0,0,0,0,0,0,0,0,0,0,0,0,0,0,0,0,0,0,0,0,0,44,2026-02-07 01:48:46.427832
EEC,49.96,49.95,49.97,50000000.0,50000000.0,0,0,0,0,0,0,0,0,0,0,0,0,0,0,0,0,0,0,0,0,0,0,0,0,0,0,44,2026-02-07 01:48:46.427832
TGX,43.66,43.65,43.67,50000000.0,50000000.0,0,0,0,0,0,0,0,0,0,0,0,0,0,0,0,0,0,0,0,0,0,0,0,0,0,0,45,2026-02-07 01:48:47.475351
PHR,48.02,48.01,48.03,50000000.0,50000000.0,0,0,0,0,0,0,0,0,0,0,0,0,0,0,0,0,0,0,0,0,0,0,0,0,0,0,45,2026-02-07 01:48:47.475351
BYL,42.26,42.25,42.27,50000000.0,50000000.0,0,0,0,0,0,0,0,0,0,0,0,0,0,0,0,0,0,0,0,0,0,0,0,0,0,0,45,2026-02-07 01:48:47.475351
CLD,76.66,76.65,76.67,50000000.0,50000000.0,0,0,0,0,0,0,0,0,0,0,0,0,0,0,0,0,0,0,0,0,0,0,0,0,0,0,45,2026-02-07 01:48:47.475351
GGD,32.39,32.38,32.4,50000000.0,50000000.0,0,0,0,0,0,0,0,0,0,0,0,0,0,0,0,0,0,0,0,0,0,0,0,0,0,0,45,2026-02-07 01:48:47.475351
PNR,59.52,59.51,59.53,50000000.0,50000000.0,0,0,0,0,0,0,0,0,0,0,0,0,0,0,0,0,0,0,0,0,0,0,0,0,0,0,45,2026-02-07 01:48:47.475351
FSR,31.14,31.13,31.15,50000000.0,50000000.0,0,0,0,0,0,0,0,0,0,0,0,0,0,0,0,0,0,0,0,0,0,0,0,0,0,0,45,2026-02-07 01:48:47.475351
ATB,63.1,63.09,63.11,50000000.0,50000000.0,0,0,0,0,0,0,0,0,0,0,0,0,0,0,0,0,0,0,0,0,0,0,0,0,0,0,45,2026-02-07 01:48:47.475351
SPK,53.8,53.79,53.81,50000000.0,50000000.0,0,0,0,0,0,0,0,0,0,0,0,0,0,0,0,0,0,0,0,0,0,0,0,0,0,0,45,2026-02-07 01:48:47.475351
EEC,50.04,50.03,50.05,50000000.0,50000000.0,0,0,0,0,0,0,0,0,0,0,0,0,0,0,0,0,0,0,0,0,0,0,0,0,0,0,45,2026-02-07 01:48:47.475351
TGX,43.63,43.62,43.64,50000000.0,50000000.0,0,0,0,0,0,0,0,0,0,0,0,0,0,0,0,0,0,0,0,0,0,0,0,0,0,0,46,2026-02-07 01:48:48.018216
PHR,48.24,48.23,48.25,50000000.0,50000000.0,0,0,0,0,0,0,0,0,0,0,0,0,0,0,0,0,0,0,0,0,0,0,0,0,0,0,46,2026-02-07 01:48:48.018216
BYL,41.97,41.96,41.98,50000000.0,50000000.0,0,0,0,0,0,0,0,0,0,0,0,0,0,0,0,0,0,0,0,0,0,0,0,0,0,0,46,2026-02-07 01:48:48.018216
CLD,76.01,76.0,76.02,50000000.0,50000000.0,0,0,0,0,0,0,0,0,0,0,0,0,0,0,0,0,0,0,0,0,0,0,0,0,0,0,46,2026-02-07 01:48:48.018216
GGD,32.37,32.36,32.38,50000000.0,50000000.0,0,0,0,0,0,0,0,0,0,0,0,0,0,0,0,0,0,0,0,0,0,0,0,0,0,0,46,2026-02-07 01:48:48.018216
PNR,59.69,59.68,59.7,50000000.0,50000000.0,0,0,0,0,0,0,0,0,0,0,0,0,0,0,0,0,0,0,0,0,0,0,0,0,0,0,46,2026-02-07 01:48:48.018216
FSR,31.16,31.15,31.17,50000000.0,50000000.0,0,0,0,0,0,0,0,0,0,0,0,0,0,0,0,0,0,0,0,0,0,0,0,0,0,0,46,2026-02-07 01:48:48.018216
ATB,62.91,62.9,62.92,50000000.0,50000000.0,0,0,0,0,0,0,0,0,0,0,0,0,0,0,0,0,0,0,0,0,0,0,0,0,0,0,46,2026-02-07 01:48:48.018216
SPK,53.95,53.94,53.96,50000000.0,50000000.0,0,0,0,0,0,0,0,0,0,0,0,0,0,0,0,0,0,0,0,0,0,0,0,0,0,0,46,2026-02-07 01:48:48.018216
EEC,50.24,50.23,50.25,50000000.0,50000000.0,0,0,0,0,0,0,0,0,0,0,0,0,0,0,0,0,0,0,0,0,0,0,0,0,0,0,46,2026-02-07 01:48:48.018216
TGX,43.61,43.6,43.62,50000000.0,50000000.0,0,0,0,0,0,0,0,0,0,0,0,0,0,0,0,0,0,0,0,0,0,0,0,0,0,0,47,2026-02-07 01:48:49.079768
PHR,48.36,48.35,48.37,50000000.0,50000000.0,0,0,0,0,0,0,0,0,0,0,0,0,0,0,0,0,0,0,0,0,0,0,0,0,0,0,47,2026-02-07 01:48:49.079768
BYL,42.06,42.05,42.07,50000000.0,50000000.0,0,0,0,0,0,0,0,0,0,0,0,0,0,0,0,0,0,0,0,0,0,0,0,0,0,0,47,2026-02-07 01:48:49.079768
CLD,76.27,76.26,76.28,50000000.0,50000000.0,0,0,0,0,0,0,0,0,0,0,0,0,0,0,0,0,0,0,0,0,0,0,0,0,0,0,47,2026-02-07 01:48:49.079768
GGD,32.4,32.39,32.41,50000000.0,50000000.0,0,0,0,0,0,0,0,0,0,0,0,0,0,0,0,0,0,0,0,0,0,0,0,0,0,0,47,2026-02-07 01:48:49.079768
PNR,59.93,59.92,59.94,50000000.0,50000000.0,0,0,0,0,0,0,0,0,0,0,0,0,0,0,0,0,0,0,0,0,0,0,0,0,0,0,47,2026-02-07 01:48:49.079768
FSR,31.14,31.13,31.15,50000000.0,50000000.0,0,0,0,0,0,0,0,0,0,0,0,0,0,0,0,0,0,0,0,0,0,0,0,0,0,0,47,2026-02-07 01:48:49.079768
ATB,63.06,63.05,63.07,50000000.0,50000000.0,0,0,0,0,0,0,0,0,0,0,0,0,0,0,0,0,0,0,0,0,0,0,0,0,0,0,47,2026-02-07 01:48:49.079768
SPK,54.03,54.02,54.04,50000000.0,50000000.0,0,0,0,0,0,0,0,0,0,0,0,0,0,0,0,0,0,0,0,0,0,0,0,0,0,0,47,2026-02-07 01:48:49.079768
EEC,50.34,50.33,50.35,50000000.0,50000000.0,0,0,0,0,0,0,0,0,0,0,0,0,0,0,0,0,0,0,0,0,0,0,0,0,0,0,47,2026-02-07 01:48:49.079768
TGX,43.67,43.66,43.68,50000000.0,50000000.0,0,0,0,0,0,0,0,0,0,0,0,0,0,0,0,0,0,0,0,0,0,0,0,0,0,0,48,2026-02-07 01:48:50.163032
PHR,48.29,48.28,48.3,50000000.0,50000000.0,0,0,0,0,0,0,0,0,0,0,0,0,0,0,0,0,0,0,0,0,0,0,0,0,0,0,48,2026-02-07 01:48:50.163032
BYL,42.14,42.13,42.15,50000000.0,50000000.0,0,0,0,0,0,0,0,0,0,0,0,0,0,0,0,0,0,0,0,0,0,0,0,0,0,0,48,2026-02-07 01:48:50.163032
CLD,76.43,76.42,76.44,50000000.0,50000000.0,0,0,0,0,0,0,0,0,0,0,0,0,0,0,0,0,0,0,0,0,0,0,0,0,0,0,48,2026-02-07 01:48:50.163032
GGD,32.41,32.4,32.42,50000000.0,50000000.0,0,0,0,0,0,0,0,0,0,0,0,0,0,0,0,0,0,0,0,0,0,0,0,0,0,0,48,2026-02-07 01:48:50.163032
PNR,59.85,59.84,59.86,50000000.0,50000000.0,0,0,0,0,0,0,0,0,0,0,0,0,0,0,0,0,0,0,0,0,0,0,0,0,0,0,48,2026-02-07 01:48:50.163032
FSR,31.16,31.15,31.17,50000000.0,50000000.0,0,0,0,0,0,0,0,0,0,0,0,0,0,0,0,0,0,0,0,0,0,0,0,0,0,0,48,2026-02-07 01:48:50.163032
ATB,63.13,63.12,63.14,50000000.0,50000000.0,0,0,0,0,0,0,0,0,0,0,0,0,0,0,0,0,0,0,0,0,0,0,0,0,0,0,48,2026-02-07 01:48:50.163032
SPK,53.99,53.98,54.0,50000000.0,50000000.0,0,0,0,0,0,0,0,0,0,0,0,0,0,0,0,0,0,0,0,0,0,0,0,0,0,0,48,2026-02-07 01:48:50.163032
EEC,50.37,50.36,50.38,50000000.0,50000000.0,0,0,0,0,0,0,0,0,0,0,0,0,0,0,0,0,0,0,0,0,0,0,0,0,0,0,48,2026-02-07 01:48:50.163032
TGX,43.66,43.65,43.67,50000000.0,50000000.0,0,0,0,0,0,0,0,0,0,0,0,0,0,0,0,0,0,0,0,0,0,0,0,0,0,0,49,2026-02-07 01:48:51.216714
PHR,48.31,48.3,48.32,50000000.0,50000000.0,0,0,0,0,0,0,0,0,0,0,0,0,0,0,0,0,0,0,0,0,0,0,0,0,0,0,49,2026-02-07 01:48:51.216714
BYL,42.18,42.17,42.19,50000000.0,50000000.0,0,0,0,0,0,0,0,0,0,0,0,0,0,0,0,0,0,0,0,0,0,0,0,0,0,0,49,2026-02-07 01:48:51.216714
CLD,76.53,76.52,76.54,50000000.0,50000000.0,0,0,0,0,0,0,0,0,0,0,0,0,0,0,0,0,0,0,0,0,0,0,0,0,0,0,49,2026-02-07 01:48:51.216714
GGD,32.38,32.37,32.39,50000000.0,50000000.0,0,0,0,0,0,0,0,0,0,0,0,0,0,0,0,0,0,0,0,0,0,0,0,0,0,0,49,2026-02-07 01:48:51.216714
PNR,59.96,59.95,59.97,50000000.0,50000000.0,0,0,0,0,0,0,0,0,0,0,0,0,0,0,0,0,0,0,0,0,0,0,0,0,0,0,49,2026-02-07 01:48:51.216714
FSR,31.22,31.21,31.23,50000000.0,50000000.0,0,0,0,0,0,0,0,0,0,0,0,0,0,0,0,0,0,0,0,0,0,0,0,0,0,0,49,2026-02-07 01:48:51.216714
ATB,63.18,63.17,63.19,50000000.0,50000000.0,0,0,0,0,0,0,0,0,0,0,0,0,0,0,0,0,0,0,0,0,0,0,0,0,0,0,49,2026-02-07 01:48:51.216714
SPK,54.21,54.2,54.22,50000000.0,50000000.0,0,0,0,0,0,0,0,0,0,0,0,0,0,0,0,0,0,0,0,0,0,0,0,0,0,0,49,2026-02-07 01:48:51.216714
EEC,50.74,50.73,50.75,50000000.0,50000000.0,0,0,0,0,0,0,0,0,0,0,0,0,0,0,0,0,0,0,0,0,0,0,0,0,0,0,49,2026-02-07 01:48:51.216714
TGX,43.62,43.61,43.63,50000000.0,50000000.0,0,0,0,0,0,0,0,0,0,0,0,0,0,0,0,0,0,0,0,0,0,0,0,0,0,0,50,2026-02-07 01:48:52.274730
PHR,48.23,48.22,48.24,50000000.0,50000000.0,0,0,0,0,0,0,0,0,0,0,0,0,0,0,0,0,0,0,0,0,0,0,0,0,0,0,50,2026-02-07 01:48:52.274730
BYL,42.24,42.23,42.25,50000000.0,50000000.0,0,0,0,0,0,0,0,0,0,0,0,0,0,0,0,0,0,0,0,0,0,0,0,0,0,0,50,2026-02-07 01:48:52.274730
CLD,76.68,76.67,76.69,50000000.0,50000000.0,0,0,0,0,0,0,0,0,0,0,0,0,0,0,0,0,0,0,0,0,0,0,0,0,0,0,50,2026-02-07 01:48:52.274730
GGD,32.39,32.38,32.4,50000000.0,50000000.0,0,0,0,0,0,0,0,0,0,0,0,0,0,0,0,0,0,0,0,0,0,0,0,0,0,0,50,2026-02-07 01:48:52.274730
PNR,60.13,60.12,60.14,50000000.0,50000000.0,0,0,0,0,0,0,0,0,0,0,0,0,0,0,0,0,0,0,0,0,0,0,0,0,0,0,50,2026-02-07 01:48:52.274730
FSR,31.82,31.81,31.83,50000000.0,50000000.0,0,0,0,0,0,0,0,0,0,0,0,0,0,0,0,0,0,0,0,0,0,0,0,0,0,0,50,2026-02-07 01:48:52.274730
ATB,63.23,63.22,63.24,50000000.0,50000000.0,0,0,0,0,0,0,0,0,0,0,0,0,0,0,0,0,0,0,0,0,0,0,0,0,0,0,50,2026-02-07 01:48:52.274730
SPK,54.15,54.14,54.16,50000000.0,50000000.0,0,0,0,0,0,0,0,0,0,0,0,0,0,0,0,0,0,0,0,0,0,0,0,0,0,0,50,2026-02-07 01:48:52.274730
EEC,50.51,50.5,50.52,50000000.0,50000000.0,0,0,0,0,0,0,0,0,0,0,0,0,0,0,0,0,0,0,0,0,0,0,0,0,0,0,50,2026-02-07 01:48:52.274730
TGX,43.59,43.58,43.6,50000000.0,50000000.0,0,0,0,0,0,0,0,0,0,0,0,0,0,0,0,0,0,0,0,0,0,0,0,0,0,0,51,2026-02-07 01:48:53.341172
PHR,47.98,47.97,47.99,50000000.0,50000000.0,0,0,0,0,0,0,0,0,0,0,0,0,0,0,0,0,0,0,0,0,0,0,0,0,0,0,51,2026-02-07 01:48:53.341172
BYL,42.19,42.18,42.2,50000000.0,50000000.0,0,0,0,0,0,0,0,0,0,0,0,0,0,0,0,0,0,0,0,0,0,0,0,0,0,0,51,2026-02-07 01:48:53.341172
CLD,76.6,76.59,76.61,50000000.0,50000000.0,0,0,0,0,0,0,0,0,0,0,0,0,0,0,0,0,0,0,0,0,0,0,0,0,0,0,51,2026-02-07 01:48:53.341172
GGD,32.35,32.34,32.36,50000000.0,50000000.0,0,0,0,0,0,0,0,0,0,0,0,0,0,0,0,0,0,0,0,0,0,0,0,0,0,0,51,2026-02-07 01:48:53.341172
PNR,60.4,60.39,60.41,50000000.0,50000000.0,0,0,0,0,0,0,0,0,0,0,0,0,0,0,0,0,0,0,0,0,0,0,0,0,0,0,51,2026-02-07 01:48:53.341172
FSR,31.78,31.77,31.79,50000000.0,50000000.0,0,0,0,0,0,0,0,0,0,0,0,0,0,0,0,0,0,0,0,0,0,0,0,0,0,0,51,2026-02-07 01:48:53.341172
ATB,63.07,63.06,63.08,50000000.0,50000000.0,0,0,0,0,0,0,0,0,0,0,0,0,0,0,0,0,0,0,0,0,0,0,0,0,0,0,51,2026-02-07 01:48:53.341172
SPK,54.21,54.2,54.22,50000000.0,50000000.0,0,0,0,0,0,0,0,0,0,0,0,0,0,0,0,0,0,0,0,0,0,0,0,0,0,0,51,2026-02-07 01:48:53.341172
EEC,50.66,50.65,50.67,50000000.0,50000000.0,0,0,0,0,0,0,0,0,0,0,0,0,0,0,0,0,0,0,0,0,0,0,0,0,0,0,51,2026-02-07 01:48:53.341172
TGX,43.6,43.59,43.61,50000000.0,50000000.0,0,0,0,0,0,0,0,0,0,0,0,0,0,0,0,0,0,0,0,0,0,0,0,0,0,0,52,2026-02-07 01:48:54.391269
PHR,47.88,47.87,47.89,50000000.0,50000000.0,0,0,0,0,0,0,0,0,0,0,0,0,0,0,0,0,0,0,0,0,0,0,0,0,0,0,52,2026-02-07 01:48:54.391269
BYL,42.15,42.14,42.16,50000000.0,50000000.0,0,0,0,0,0,0,0,0,0,0,0,0,0,0,0,0,0,0,0,0,0,0,0,0,0,0,52,2026-02-07 01:48:54.391269
CLD,76.49,76.48,76.5,50000000.0,50000000.0,0,0,0,0,0,0,0,0,0,0,0,0,0,0,0,0,0,0,0,0,0,0,0,0,0,0,52,2026-02-07 01:48:54.391269
GGD,32.35,32.34,32.36,50000000.0,50000000.0,0,0,0,0,0,0,0,0,0,0,0,0,0,0,0,0,0,0,0,0,0,0,0,0,0,0,52,2026-02-07 01:48:54.391269
PNR,60.41,60.4,60.42,50000000.0,50000000.0,0,0,0,0,0,0,0,0,0,0,0,0,0,0,0,0,0,0,0,0,0,0,0,0,0,0,52,2026-02-07 01:48:54.391269
FSR,31.78,31.77,31.79,50000000.0,50000000.0,0,0,0,0,0,0,0,0,0,0,0,0,0,0,0,0,0,0,0,0,0,0,0,0,0,0,52,2026-02-07 01:48:54.391269
ATB,62.85,62.84,62.86,50000000.0,50000000.0,0,0,0,0,0,0,0,0,0,0,0,0,0,0,0,0,0,0,0,0,0,0,0,0,0,0,52,2026-02-07 01:48:54.391269
SPK,54.25,54.24,54.26,50000000.0,50000000.0,0,0,0,0,0,0,0,0,0,0,0,0,0,0,0,0,0,0,0,0,0,0,0,0,0,0,52,2026-02-07 01:48:54.391269
EEC,50.69,50.68,50.7,50000000.0,50000000.0,0,0,0,0,0,0,0,0,0,0,0,0,0,0,0,0,0,0,0,0,0,0,0,0,0,0,52,2026-02-07 01:48:54.391269
TGX,43.57,43.56,43.58,50000000.0,50000000.0,0,0,0,0,0,0,0,0,0,0,0,0,0,0,0,0,0,0,0,0,0,0,0,0,0,0,53,2026-02-07 01:48:55.458593
PHR,47.81,47.8,47.82,50000000.0,50000000.0,0,0,0,0,0,0,0,0,0,0,0,0,0,0,0,0,0,0,0,0,0,0,0,0,0,0,53,2026-02-07 01:48:55.458593
BYL,42.18,42.17,42.19,50000000.0,50000000.0,0,0,0,0,0,0,0,0,0,0,0,0,0,0,0,0,0,0,0,0,0,0,0,0,0,0,53,2026-02-07 01:48:55.458593
CLD,76.51,76.5,76.52,50000000.0,50000000.0,0,0,0,0,0,0,0,0,0,0,0,0,0,0,0,0,0,0,0,0,0,0,0,0,0,0,53,2026-02-07 01:48:55.458593
GGD,32.36,32.35,32.37,50000000.0,50000000.0,0,0,0,0,0,0,0,0,0,0,0,0,0,0,0,0,0,0,0,0,0,0,0,0,0,0,53,2026-02-07 01:48:55.458593
PNR,60.23,60.22,60.24,50000000.0,50000000.0,0,0,0,0,0,0,0,0,0,0,0,0,0,0,0,0,0,0,0,0,0,0,0,0,0,0,53,2026-02-07 01:48:55.458593
FSR,31.78,31.77,31.79,50000000.0,50000000.0,0,0,0,0,0,0,0,0,0,0,0,0,0,0,0,0,0,0,0,0,0,0,0,0,0,0,53,2026-02-07 01:48:55.458593
ATB,62.71,62.7,62.72,50000000.0,50000000.0,0,0,0,0,0,0,0,0,0,0,0,0,0,0,0,0,0,0,0,0,0,0,0,0,0,0,53,2026-02-07 01:48:55.458593
SPK,54.4,54.39,54.41,50000000.0,50000000.0,0,0,0,0,0,0,0,0,0,0,0,0,0,0,0,0,0,0,0,0,0,0,0,0,0,0,53,2026-02-07 01:48:55.458593
EEC,50.91,50.9,50.92,50000000.0,50000000.0,0,0,0,0,0,0,0,0,0,0,0,0,0,0,0,0,0,0,0,0,0,0,0,0,0,0,53,2026-02-07 01:48:55.458593
TGX,43.52,43.51,43.53,50000000.0,50000000.0,0,0,0,0,0,0,0,0,0,0,0,0,0,0,0,0,0,0,0,0,0,0,0,0,0,0,54,2026-02-07 01:48:56.514219
PHR,47.87,47.86,47.88,50000000.0,50000000.0,0,0,0,0,0,0,0,0,0,0,0,0,0,0,0,0,0,0,0,0,0,0,0,0,0,0,54,2026-02-07 01:48:56.514219
BYL,42.3,42.29,42.31,50000000.0,50000000.0,0,0,0,0,0,0,0,0,0,0,0,0,0,0,0,0,0,0,0,0,0,0,0,0,0,0,54,2026-02-07 01:48:56.514219
CLD,76.75,76.74,76.76,50000000.0,50000000.0,0,0,0,0,0,0,0,0,0,0,0,0,0,0,0,0,0,0,0,0,0,0,0,0,0,0,54,2026-02-07 01:48:56.514219
GGD,32.38,32.37,32.39,50000000.0,50000000.0,0,0,0,0,0,0,0,0,0,0,0,0,0,0,0,0,0,0,0,0,0,0,0,0,0,0,54,2026-02-07 01:48:56.514219
PNR,60.18,60.17,60.19,50000000.0,50000000.0,0,0,0,0,0,0,0,0,0,0,0,0,0,0,0,0,0,0,0,0,0,0,0,0,0,0,54,2026-02-07 01:48:56.514219
FSR,31.76,31.75,31.77,50000000.0,50000000.0,0,0,0,0,0,0,0,0,0,0,0,0,0,0,0,0,0,0,0,0,0,0,0,0,0,0,54,2026-02-07 01:48:56.514219
ATB,62.84,62.83,62.85,50000000.0,50000000.0,0,0,0,0,0,0,0,0,0,0,0,0,0,0,0,0,0,0,0,0,0,0,0,0,0,0,54,2026-02-07 01:48:56.514219
SPK,54.45,54.44,54.46,50000000.0,50000000.0,0,0,0,0,0,0,0,0,0,0,0,0,0,0,0,0,0,0,0,0,0,0,0,0,0,0,54,2026-02-07 01:48:56.514219
EEC,51.04,51.03,51.05,50000000.0,50000000.0,0,0,0,0,0,0,0,0,0,0,0,0,0,0,0,0,0,0,0,0,0,0,0,0,0,0,54,2026-02-07 01:48:56.514219
TGX,43.49,43.48,43.5,50000000.0,50000000.0,0,0,0,0,0,0,0,0,0,0,0,0,0,0,0,0,0,0,0,0,0,0,0,0,0,0,55,2026-02-07 01:48:57.067069
PHR,48.17,48.16,48.18,50000000.0,50000000.0,0,0,0,0,0,0,0,0,0,0,0,0,0,0,0,0,0,0,0,0,0,0,0,0,0,0,55,2026-02-07 01:48:57.067069
BYL,42.18,42.17,42.19,50000000.0,50000000.0,0,0,0,0,0,0,0,0,0,0,0,0,0,0,0,0,0,0,0,0,0,0,0,0,0,0,55,2026-02-07 01:48:57.067069
CLD,76.47,76.46,76.48,50000000.0,50000000.0,0,0,0,0,0,0,0,0,0,0,0,0,0,0,0,0,0,0,0,0,0,0,0,0,0,0,55,2026-02-07 01:48:57.067069
GGD,32.36,32.35,32.37,50000000.0,50000000.0,0,0,0,0,0,0,0,0,0,0,0,0,0,0,0,0,0,0,0,0,0,0,0,0,0,0,55,2026-02-07 01:48:57.067069
PNR,60.07,60.06,60.08,50000000.0,50000000.0,0,0,0,0,0,0,0,0,0,0,0,0,0,0,0,0,0,0,0,0,0,0,0,0,0,0,55,2026-02-07 01:48:57.067069
FSR,31.73,31.72,31.74,50000000.0,50000000.0,0,0,0,0,0,0,0,0,0,0,0,0,0,0,0,0,0,0,0,0,0,0,0,0,0,0,55,2026-02-07 01:48:57.067069
ATB,62.75,62.74,62.76,50000000.0,50000000.0,0,0,0,0,0,0,0,0,0,0,0,0,0,0,0,0,0,0,0,0,0,0,0,0,0,0,55,2026-02-07 01:48:57.067069
SPK,54.59,54.58,54.6,50000000.0,50000000.0,0,0,0,0,0,0,0,0,0,0,0,0,0,0,0,0,0,0,0,0,0,0,0,0,0,0,55,2026-02-07 01:48:57.067069
EEC,51.21,51.2,51.22,50000000.0,50000000.0,0,0,0,0,0,0,0,0,0,0,0,0,0,0,0,0,0,0,0,0,0,0,0,0,0,0,55,2026-02-07 01:48:57.067069
TGX,43.51,43.5,43.52,50000000.0,50000000.0,0,0,0,0,0,0,0,0,0,0,0,0,0,0,0,0,0,0,0,0,0,0,0,0,0,0,56,2026-02-07 01:48:58.128764
PHR,48.37,48.36,48.38,50000000.0,50000000.0,0,0,0,0,0,0,0,0,0,0,0,0,0,0,0,0,0,0,0,0,0,0,0,0,0,0,56,2026-02-07 01:48:58.128764
BYL,42.03,42.02,42.04,50000000.0,50000000.0,0,0,0,0,0,0,0,0,0,0,0,0,0,0,0,0,0,0,0,0,0,0,0,0,0,0,56,2026-02-07 01:48:58.128764
CLD,76.11,76.1,76.12,50000000.0,50000000.0,0,0,0,0,0,0,0,0,0,0,0,0,0,0,0,0,0,0,0,0,0,0,0,0,0,0,56,2026-02-07 01:48:58.128764
GGD,32.38,32.37,32.39,50000000.0,50000000.0,0,0,0,0,0,0,0,0,0,0,0,0,0,0,0,0,0,0,0,0,0,0,0,0,0,0,56,2026-02-07 01:48:58.128764
PNR,60.06,60.05,60.07,50000000.0,50000000.0,0,0,0,0,0,0,0,0,0,0,0,0,0,0,0,0,0,0,0,0,0,0,0,0,0,0,56,2026-02-07 01:48:58.128764
FSR,31.69,31.68,31.7,50000000.0,50000000.0,0,0,0,0,0,0,0,0,0,0,0,0,0,0,0,0,0,0,0,0,0,0,0,0,0,0,56,2026-02-07 01:48:58.128764
ATB,62.65,62.64,62.66,50000000.0,50000000.0,0,0,0,0,0,0,0,0,0,0,0,0,0,0,0,0,0,0,0,0,0,0,0,0,0,0,56,2026-02-07 01:48:58.128764
SPK,54.67,54.66,54.68,50000000.0,50000000.0,0,0,0,0,0,0,0,0,0,0,0,0,0,0,0,0,0,0,0,0,0,0,0,0,0,0,56,2026-02-07 01:48:58.128764
EEC,51.31,51.3,51.32,50000000.0,50000000.0,0,0,0,0,0,0,0,0,0,0,0,0,0,0,0,0,0,0,0,0,0,0,0,0,0,0,56,2026-02-07 01:48:58.128764
TGX,43.48,43.47,43.49,50000000.0,50000000.0,0,0,0,0,0,0,0,0,0,0,0,0,0,0,0,0,0,0,0,0,0,0,0,0,0,0,57,2026-02-07 01:48:59.262002
PHR,48.7,48.69,48.71,50000000.0,50000000.0,0,0,0,0,0,0,0,0,0,0,0,0,0,0,0,0,0,0,0,0,0,0,0,0,0,0,57,2026-02-07 01:48:59.262002
BYL,42.35,42.34,42.36,50000000.0,50000000.0,0,0,0,0,0,0,0,0,0,0,0,0,0,0,0,0,0,0,0,0,0,0,0,0,0,0,57,2026-02-07 01:48:59.262002
CLD,76.94,76.93,76.95,50000000.0,50000000.0,0,0,0,0,0,0,0,0,0,0,0,0,0,0,0,0,0,0,0,0,0,0,0,0,0,0,57,2026-02-07 01:48:59.262002
GGD,32.43,32.42,32.44,50000000.0,50000000.0,0,0,0,0,0,0,0,0,0,0,0,0,0,0,0,0,0,0,0,0,0,0,0,0,0,0,57,2026-02-07 01:48:59.262002
PNR,59.83,59.82,59.84,50000000.0,50000000.0,0,0,0,0,0,0,0,0,0,0,0,0,0,0,0,0,0,0,0,0,0,0,0,0,0,0,57,2026-02-07 01:48:59.262002
FSR,31.66,31.65,31.67,50000000.0,50000000.0,0,0,0,0,0,0,0,0,0,0,0,0,0,0,0,0,0,0,0,0,0,0,0,0,0,0,57,2026-02-07 01:48:59.262002
ATB,62.64,62.63,62.65,50000000.0,50000000.0,0,0,0,0,0,0,0,0,0,0,0,0,0,0,0,0,0,0,0,0,0,0,0,0,0,0,57,2026-02-07 01:48:59.262002
SPK,54.84,54.83,54.85,50000000.0,50000000.0,0,0,0,0,0,0,0,0,0,0,0,0,0,0,0,0,0,0,0,0,0,0,0,0,0,0,57,2026-02-07 01:48:59.262002
EEC,51.63,51.62,51.64,50000000.0,50000000.0,0,0,0,0,0,0,0,0,0,0,0,0,0,0,0,0,0,0,0,0,0,0,0,0,0,0,57,2026-02-07 01:48:59.262002
TGX,43.44,43.43,43.45,50000000.0,50000000.0,0,0,0,0,0,0,0,0,0,0,0,0,0,0,0,0,0,0,0,0,0,0,0,0,0,0,58,2026-02-07 01:49:00.325862
PHR,48.85,48.84,48.86,50000000.0,50000000.0,0,0,0,0,0,0,0,0,0,0,0,0,0,0,0,0,0,0,0,0,0,0,0,0,0,0,58,2026-02-07 01:49:00.325862
BYL,42.55,42.54,42.56,50000000.0,50000000.0,0,0,0,0,0,0,0,0,0,0,0,0,0,0,0,0,0,0,0,0,0,0,0,0,0,0,58,2026-02-07 01:49:00.325862
CLD,77.29,77.28,77.3,50000000.0,50000000.0,0,0,0,0,0,0,0,0,0,0,0,0,0,0,0,0,0,0,0,0,0,0,0,0,0,0,58,2026-02-07 01:49:00.325862
GGD,32.42,32.41,32.43,50000000.0,50000000.0,0,0,0,0,0,0,0,0,0,0,0,0,0,0,0,0,0,0,0,0,0,0,0,0,0,0,58,2026-02-07 01:49:00.325862
PNR,59.99,59.98,60.0,50000000.0,50000000.0,0,0,0,0,0,0,0,0,0,0,0,0,0,0,0,0,0,0,0,0,0,0,0,0,0,0,58,2026-02-07 01:49:00.325862
FSR,31.67,31.66,31.68,50000000.0,50000000.0,0,0,0,0,0,0,0,0,0,0,0,0,0,0,0,0,0,0,0,0,0,0,0,0,0,0,58,2026-02-07 01:49:00.325862
ATB,62.47,62.46,62.48,50000000.0,50000000.0,0,0,0,0,0,0,0,0,0,0,0,0,0,0,0,0,0,0,0,0,0,0,0,0,0,0,58,2026-02-07 01:49:00.325862
SPK,54.58,54.57,54.59,50000000.0,50000000.0,0,0,0,0,0,0,0,0,0,0,0,0,0,0,0,0,0,0,0,0,0,0,0,0,0,0,58,2026-02-07 01:49:00.325862
EEC,51.14,51.13,51.15,50000000.0,50000000.0,0,0,0,0,0,0,0,0,0,0,0,0,0,0,0,0,0,0,0,0,0,0,0,0,0,0,58,2026-02-07 01:49:00.325862
TGX,43.41,43.4,43.42,50000000.0,50000000.0,0,0,0,0,0,0,0,0,0,0,0,0,0,0,0,0,0,0,0,0,0,0,0,0,0,0,59,2026-02-07 01:49:01.396969
PHR,49.07,49.06,49.08,50000000.0,50000000.0,0,0,0,0,0,0,0,0,0,0,0,0,0,0,0,0,0,0,0,0,0,0,0,0,0,0,59,2026-02-07 01:49:01.396969
BYL,42.51,42.5,42.52,50000000.0,50000000.0,0,0,0,0,0,0,0,0,0,0,0,0,0,0,0,0,0,0,0,0,0,0,0,0,0,0,59,2026-02-07 01:49:01.396969
CLD,77.27,77.26,77.28,50000000.0,50000000.0,0,0,0,0,0,0,0,0,0,0,0,0,0,0,0,0,0,0,0,0,0,0,0,0,0,0,59,2026-02-07 01:49:01.396969
GGD,32.44,32.43,32.45,50000000.0,50000000.0,0,0,0,0,0,0,0,0,0,0,0,0,0,0,0,0,0,0,0,0,0,0,0,0,0,0,59,2026-02-07 01:49:01.396969
PNR,60.27,60.26,60.28,50000000.0,50000000.0,0,0,0,0,0,0,0,0,0,0,0,0,0,0,0,0,0,0,0,0,0,0,0,0,0,0,59,2026-02-07 01:49:01.396969
FSR,31.66,31.65,31.67,50000000.0,50000000.0,0,0,0,0,0,0,0,0,0,0,0,0,0,0,0,0,0,0,0,0,0,0,0,0,0,0,59,2026-02-07 01:49:01.396969
ATB,62.67,62.66,62.68,50000000.0,50000000.0,0,0,0,0,0,0,0,0,0,0,0,0,0,0,0,0,0,0,0,0,0,0,0,0,0,0,59,2026-02-07 01:49:01.396969
SPK,54.45,54.44,54.46,50000000.0,50000000.0,0,0,0,0,0,0,0,0,0,0,0,0,0,0,0,0,0,0,0,0,0,0,0,0,0,0,59,2026-02-07 01:49:01.396969
EEC,51.0,50.99,51.01,50000000.0,50000000.0,0,0,0,0,0,0,0,0,0,0,0,0,0,0,0,0,0,0,0,0,0,0,0,0,0,0,59,2026-02-07 01:49:01.396969
TGX,43.45,43.44,43.46,50000000.0,50000000.0,0,0,0,0,0,0,0,0,0,0,0,0,0,0,0,0,0,0,0,0,0,0,0,0,0,0,60,2026-02-07 01:49:02.453671
PHR,48.62,48.61,48.63,50000000.0,50000000.0,0,0,0,0,0,0,0,0,0,0,0,0,0,0,0,0,0,0,0,0,0,0,0,0,0,0,60,2026-02-07 01:49:02.453671
BYL,42.52,42.51,42.53,50000000.0,50000000.0,0,0,0,0,0,0,0,0,0,0,0,0,0,0,0,0,0,0,0,0,0,0,0,0,0,0,60,2026-02-07 01:49:02.453671
CLD,77.29,77.28,77.3,50000000.0,50000000.0,0,0,0,0,0,0,0,0,0,0,0,0,0,0,0,0,0,0,0,0,0,0,0,0,0,0,60,2026-02-07 01:49:02.453671
GGD,32.37,32.36,32.38,50000000.0,50000000.0,0,0,0,0,0,0,0,0,0,0,0,0,0,0,0,0,0,0,0,0,0,0,0,0,0,0,60,2026-02-07 01:49:02.453671
PNR,60.49,60.48,60.5,50000000.0,50000000.0,0,0,0,0,0,0,0,0,0,0,0,0,0,0,0,0,0,0,0,0,0,0,0,0,0,0,60,2026-02-07 01:49:02.453671
FSR,31.69,31.68,31.7,50000000.0,50000000.0,0,0,0,0,0,0,0,0,0,0,0,0,0,0,0,0,0,0,0,0,0,0,0,0,0,0,60,2026-02-07 01:49:02.453671
ATB,62.79,62.78,62.8,50000000.0,50000000.0,0,0,0,0,0,0,0,0,0,0,0,0,0,0,0,0,0,0,0,0,0,0,0,0,0,0,60,2026-02-07 01:49:02.453671
SPK,54.43,54.42,54.44,50000000.0,50000000.0,0,0,0,0,0,0,0,0,0,0,0,0,0,0,0,0,0,0,0,0,0,0,0,0,0,0,60,2026-02-07 01:49:02.453671
EEC,50.94,50.93,50.95,50000000.0,50000000.0,0,0,0,0,0,0,0,0,0,0,0,0,0,0,0,0,0,0,0,0,0,0,0,0,0,0,60,2026-02-07 01:49:02.453671
TGX,43.51,43.5,43.52,50000000.0,50000000.0,0,0,0,0,0,0,0,0,0,0,0,0,0,0,0,0,0,0,0,0,0,0,0,0,0,0,61,2026-02-07 01:49:03.516928
PHR,48.2,48.19,48.21,50000000.0,50000000.0,0,0,0,0,0,0,0,0,0,0,0,0,0,0,0,0,0,0,0,0,0,0,0,0,0,0,61,2026-02-07 01:49:03.516928
BYL,42.4,42.39,42.41,50000000.0,50000000.0,0,0,0,0,0,0,0,0,0,0,0,0,0,0,0,0,0,0,0,0,0,0,0,0,0,0,61,2026-02-07 01:49:03.516928
CLD,77.07,77.06,77.08,50000000.0,50000000.0,0,0,0,0,0,0,0,0,0,0,0,0,0,0,0,0,0,0,0,0,0,0,0,0,0,0,61,2026-02-07 01:49:03.516928
GGD,32.35,32.34,32.36,50000000.0,50000000.0,0,0,0,0,0,0,0,0,0,0,0,0,0,0,0,0,0,0,0,0,0,0,0,0,0,0,61,2026-02-07 01:49:03.516928
PNR,60.55,60.54,60.56,50000000.0,50000000.0,0,0,0,0,0,0,0,0,0,0,0,0,0,0,0,0,0,0,0,0,0,0,0,0,0,0,61,2026-02-07 01:49:03.516928
FSR,31.69,31.68,31.7,50000000.0,50000000.0,0,0,0,0,0,0,0,0,0,0,0,0,0,0,0,0,0,0,0,0,0,0,0,0,0,0,61,2026-02-07 01:49:03.516928
ATB,62.94,62.93,62.95,50000000.0,50000000.0,0,0,0,0,0,0,0,0,0,0,0,0,0,0,0,0,0,0,0,0,0,0,0,0,0,0,61,2026-02-07 01:49:03.516928
SPK,54.38,54.37,54.39,50000000.0,50000000.0,0,0,0,0,0,0,0,0,0,0,0,0,0,0,0,0,0,0,0,0,0,0,0,0,0,0,61,2026-02-07 01:49:03.516928
EEC,50.92,50.91,50.93,50000000.0,50000000.0,0,0,0,0,0,0,0,0,0,0,0,0,0,0,0,0,0,0,0,0,0,0,0,0,0,0,61,2026-02-07 01:49:03.516928
TGX,43.55,43.54,43.56,50000000.0,50000000.0,0,0,0,0,0,0,0,0,0,0,0,0,0,0,0,0,0,0,0,0,0,0,0,0,0,0,62,2026-02-07 01:49:04.089769
PHR,48.39,48.38,48.4,50000000.0,50000000.0,0,0,0,0,0,0,0,0,0,0,0,0,0,0,0,0,0,0,0,0,0,0,0,0,0,0,62,2026-02-07 01:49:04.089769
BYL,42.17,42.16,42.18,50000000.0,50000000.0,0,0,0,0,0,0,0,0,0,0,0,0,0,0,0,0,0,0,0,0,0,0,0,0,0,0,62,2026-02-07 01:49:04.089769
CLD,76.44,76.43,76.45,50000000.0,50000000.0,0,0,0,0,0,0,0,0,0,0,0,0,0,0,0,0,0,0,0,0,0,0,0,0,0,0,62,2026-02-07 01:49:04.089769
GGD,32.23,32.22,32.24,50000000.0,50000000.0,0,0,0,0,0,0,0,0,0,0,0,0,0,0,0,0,0,0,0,0,0,0,0,0,0,0,62,2026-02-07 01:49:04.089769
PNR,60.15,60.14,60.16,50000000.0,50000000.0,0,0,0,0,0,0,0,0,0,0,0,0,0,0,0,0,0,0,0,0,0,0,0,0,0,0,62,2026-02-07 01:49:04.089769
FSR,31.65,31.64,31.66,50000000.0,50000000.0,0,0,0,0,0,0,0,0,0,0,0,0,0,0,0,0,0,0,0,0,0,0,0,0,0,0,62,2026-02-07 01:49:04.089769
ATB,62.78,62.77,62.79,50000000.0,50000000.0,0,0,0,0,0,0,0,0,0,0,0,0,0,0,0,0,0,0,0,0,0,0,0,0,0,0,62,2026-02-07 01:49:04.089769
SPK,54.57,54.56,54.58,50000000.0,50000000.0,0,0,0,0,0,0,0,0,0,0,0,0,0,0,0,0,0,0,0,0,0,0,0,0,0,0,62,2026-02-07 01:49:04.089769
EEC,51.23,51.22,51.24,50000000.0,50000000.0,0,0,0,0,0,0,0,0,0,0,0,0,0,0,0,0,0,0,0,0,0,0,0,0,0,0,62,2026-02-07 01:49:04.089769
TGX,43.55,43.54,43.56,50000000.0,50000000.0,0,0,0,0,0,0,0,0,0,0,0,0,0,0,0,0,0,0,0,0,0,0,0,0,0,0,63,2026-02-07 01:49:05.214498
PHR,48.22,48.21,48.23,50000000.0,50000000.0,0,0,0,0,0,0,0,0,0,0,0,0,0,0,0,0,0,0,0,0,0,0,0,0,0,0,63,2026-02-07 01:49:05.214498
BYL,42.1,42.09,42.11,50000000.0,50000000.0,0,0,0,0,0,0,0,0,0,0,0,0,0,0,0,0,0,0,0,0,0,0,0,0,0,0,63,2026-02-07 01:49:05.214498
CLD,76.25,76.24,76.26,50000000.0,50000000.0,0,0,0,0,0,0,0,0,0,0,0,0,0,0,0,0,0,0,0,0,0,0,0,0,0,0,63,2026-02-07 01:49:05.214498
GGD,32.2,32.19,32.21,50000000.0,50000000.0,0,0,0,0,0,0,0,0,0,0,0,0,0,0,0,0,0,0,0,0,0,0,0,0,0,0,63,2026-02-07 01:49:05.214498
PNR,59.89,59.88,59.9,50000000.0,50000000.0,0,0,0,0,0,0,0,0,0,0,0,0,0,0,0,0,0,0,0,0,0,0,0,0,0,0,63,2026-02-07 01:49:05.214498
FSR,31.65,31.64,31.66,50000000.0,50000000.0,0,0,0,0,0,0,0,0,0,0,0,0,0,0,0,0,0,0,0,0,0,0,0,0,0,0,63,2026-02-07 01:49:05.214498
ATB,62.97,62.96,62.98,50000000.0,50000000.0,0,0,0,0,0,0,0,0,0,0,0,0,0,0,0,0,0,0,0,0,0,0,0,0,0,0,63,2026-02-07 01:49:05.214498
SPK,54.73,54.72,54.74,50000000.0,50000000.0,0,0,0,0,0,0,0,0,0,0,0,0,0,0,0,0,0,0,0,0,0,0,0,0,0,0,63,2026-02-07 01:49:05.214498
EEC,51.47,51.46,51.48,50000000.0,50000000.0,0,0,0,0,0,0,0,0,0,0,0,0,0,0,0,0,0,0,0,0,0,0,0,0,0,0,63,2026-02-07 01:49:05.214498
TGX,43.55,43.54,43.56,50000000.0,50000000.0,0,0,0,0,0,0,0,0,0,0,0,0,0,0,0,0,0,0,0,0,0,0,0,0,0,0,64,2026-02-07 01:49:06.377244
PHR,48.14,48.13,48.15,50000000.0,50000000.0,0,0,0,0,0,0,0,0,0,0,0,0,0,0,0,0,0,0,0,0,0,0,0,0,0,0,64,2026-02-07 01:49:06.377244
BYL,42.17,42.16,42.18,50000000.0,50000000.0,0,0,0,0,0,0,0,0,0,0,0,0,0,0,0,0,0,0,0,0,0,0,0,0,0,0,64,2026-02-07 01:49:06.377244
CLD,76.37,76.36,76.38,50000000.0,50000000.0,0,0,0,0,0,0,0,0,0,0,0,0,0,0,0,0,0,0,0,0,0,0,0,0,0,0,64,2026-02-07 01:49:06.377244
GGD,32.2,32.19,32.21,50000000.0,50000000.0,0,0,0,0,0,0,0,0,0,0,0,0,0,0,0,0,0,0,0,0,0,0,0,0,0,0,64,2026-02-07 01:49:06.377244
PNR,60.07,60.06,60.08,50000000.0,50000000.0,0,0,0,0,0,0,0,0,0,0,0,0,0,0,0,0,0,0,0,0,0,0,0,0,0,0,64,2026-02-07 01:49:06.377244
FSR,31.66,31.65,31.67,50000000.0,50000000.0,0,0,0,0,0,0,0,0,0,0,0,0,0,0,0,0,0,0,0,0,0,0,0,0,0,0,64,2026-02-07 01:49:06.377244
ATB,63.04,63.03,63.05,50000000.0,50000000.0,0,0,0,0,0,0,0,0,0,0,0,0,0,0,0,0,0,0,0,0,0,0,0,0,0,0,64,2026-02-07 01:49:06.377244
SPK,54.75,54.74,54.76,50000000.0,50000000.0,0,0,0,0,0,0,0,0,0,0,0,0,0,0,0,0,0,0,0,0,0,0,0,0,0,0,64,2026-02-07 01:49:06.377244
EEC,51.52,51.51,51.53,50000000.0,50000000.0,0,0,0,0,0,0,0,0,0,0,0,0,0,0,0,0,0,0,0,0,0,0,0,0,0,0,64,2026-02-07 01:49:06.377244
TGX,43.53,43.52,43.54,50000000.0,50000000.0,0,0,0,0,0,0,0,0,0,0,0,0,0,0,0,0,0,0,0,0,0,0,0,0,0,0,65,2026-02-07 01:49:07.492691
PHR,48.01,48.0,48.02,50000000.0,50000000.0,0,0,0,0,0,0,0,0,0,0,0,0,0,0,0,0,0,0,0,0,0,0,0,0,0,0,65,2026-02-07 01:49:07.492691
BYL,42.18,42.17,42.19,50000000.0,50000000.0,0,0,0,0,0,0,0,0,0,0,0,0,0,0,0,0,0,0,0,0,0,0,0,0,0,0,65,2026-02-07 01:49:07.492691
CLD,76.34,76.33,76.35,50000000.0,50000000.0,0,0,0,0,0,0,0,0,0,0,0,0,0,0,0,0,0,0,0,0,0,0,0,0,0,0,65,2026-02-07 01:49:07.492691
GGD,32.15,32.14,32.16,50000000.0,50000000.0,0,0,0,0,0,0,0,0,0,0,0,0,0,0,0,0,0,0,0,0,0,0,0,0,0,0,65,2026-02-07 01:49:07.492691
PNR,59.83,59.82,59.84,50000000.0,50000000.0,0,0,0,0,0,0,0,0,0,0,0,0,0,0,0,0,0,0,0,0,0,0,0,0,0,0,65,2026-02-07 01:49:07.492691
FSR,31.67,31.66,31.68,50000000.0,50000000.0,0,0,0,0,0,0,0,0,0,0,0,0,0,0,0,0,0,0,0,0,0,0,0,0,0,0,65,2026-02-07 01:49:07.492691
ATB,63.01,63.0,63.02,50000000.0,50000000.0,0,0,0,0,0,0,0,0,0,0,0,0,0,0,0,0,0,0,0,0,0,0,0,0,0,0,65,2026-02-07 01:49:07.492691
SPK,54.64,54.63,54.65,50000000.0,50000000.0,0,0,0,0,0,0,0,0,0,0,0,0,0,0,0,0,0,0,0,0,0,0,0,0,0,0,65,2026-02-07 01:49:07.492691
EEC,51.3,51.29,51.31,50000000.0,50000000.0,0,0,0,0,0,0,0,0,0,0,0,0,0,0,0,0,0,0,0,0,0,0,0,0,0,0,65,2026-02-07 01:49:07.492691
TGX,43.5,43.49,43.51,50000000.0,50000000.0,0,0,0,0,0,0,0,0,0,0,0,0,0,0,0,0,0,0,0,0,0,0,0,0,0,0,66,2026-02-07 01:49:08.565273
PHR,48.07,48.06,48.08,50000000.0,50000000.0,0,0,0,0,0,0,0,0,0,0,0,0,0,0,0,0,0,0,0,0,0,0,0,0,0,0,66,2026-02-07 01:49:08.565273
BYL,42.23,42.22,42.24,50000000.0,50000000.0,0,0,0,0,0,0,0,0,0,0,0,0,0,0,0,0,0,0,0,0,0,0,0,0,0,0,66,2026-02-07 01:49:08.565273
CLD,76.34,76.33,76.35,50000000.0,50000000.0,0,0,0,0,0,0,0,0,0,0,0,0,0,0,0,0,0,0,0,0,0,0,0,0,0,0,66,2026-02-07 01:49:08.565273
GGD,32.22,32.21,32.23,50000000.0,50000000.0,0,0,0,0,0,0,0,0,0,0,0,0,0,0,0,0,0,0,0,0,0,0,0,0,0,0,66,2026-02-07 01:49:08.565273
PNR,59.82,59.81,59.83,50000000.0,50000000.0,0,0,0,0,0,0,0,0,0,0,0,0,0,0,0,0,0,0,0,0,0,0,0,0,0,0,66,2026-02-07 01:49:08.565273
FSR,31.71,31.7,31.72,50000000.0,50000000.0,0,0,0,0,0,0,0,0,0,0,0,0,0,0,0,0,0,0,0,0,0,0,0,0,0,0,66,2026-02-07 01:49:08.565273
ATB,63.22,63.21,63.23,50000000.0,50000000.0,0,0,0,0,0,0,0,0,0,0,0,0,0,0,0,0,0,0,0,0,0,0,0,0,0,0,66,2026-02-07 01:49:08.565273
SPK,54.73,54.72,54.74,50000000.0,50000000.0,0,0,0,0,0,0,0,0,0,0,0,0,0,0,0,0,0,0,0,0,0,0,0,0,0,0,66,2026-02-07 01:49:08.565273
EEC,51.42,51.41,51.43,50000000.0,50000000.0,0,0,0,0,0,0,0,0,0,0,0,0,0,0,0,0,0,0,0,0,0,0,0,0,0,0,66,2026-02-07 01:49:08.565273
TGX,43.47,43.46,43.48,50000000.0,50000000.0,0,0,0,0,0,0,0,0,0,0,0,0,0,0,0,0,0,0,0,0,0,0,0,0,0,0,67,2026-02-07 01:49:09.610463
PHR,47.93,47.92,47.94,50000000.0,50000000.0,0,0,0,0,0,0,0,0,0,0,0,0,0,0,0,0,0,0,0,0,0,0,0,0,0,0,67,2026-02-07 01:49:09.610463
BYL,42.66,42.65,42.67,50000000.0,50000000.0,0,0,0,0,0,0,0,0,0,0,0,0,0,0,0,0,0,0,0,0,0,0,0,0,0,0,67,2026-02-07 01:49:09.610463
CLD,77.27,77.26,77.28,50000000.0,50000000.0,0,0,0,0,0,0,0,0,0,0,0,0,0,0,0,0,0,0,0,0,0,0,0,0,0,0,67,2026-02-07 01:49:09.610463
GGD,32.26,32.25,32.27,50000000.0,50000000.0,0,0,0,0,0,0,0,0,0,0,0,0,0,0,0,0,0,0,0,0,0,0,0,0,0,0,67,2026-02-07 01:49:09.610463
PNR,59.93,59.92,59.94,50000000.0,50000000.0,0,0,0,0,0,0,0,0,0,0,0,0,0,0,0,0,0,0,0,0,0,0,0,0,0,0,67,2026-02-07 01:49:09.610463
FSR,31.66,31.65,31.67,50000000.0,50000000.0,0,0,0,0,0,0,0,0,0,0,0,0,0,0,0,0,0,0,0,0,0,0,0,0,0,0,67,2026-02-07 01:49:09.610463
ATB,63.13,63.12,63.14,50000000.0,50000000.0,0,0,0,0,0,0,0,0,0,0,0,0,0,0,0,0,0,0,0,0,0,0,0,0,0,0,67,2026-02-07 01:49:09.610463
SPK,54.78,54.77,54.79,50000000.0,50000000.0,0,0,0,0,0,0,0,0,0,0,0,0,0,0,0,0,0,0,0,0,0,0,0,0,0,0,67,2026-02-07 01:49:09.610463
EEC,51.6,51.59,51.61,50000000.0,50000000.0,0,0,0,0,0,0,0,0,0,0,0,0,0,0,0,0,0,0,0,0,0,0,0,0,0,0,67,2026-02-07 01:49:09.610463
TGX,43.48,43.47,43.49,50000000.0,50000000.0,0,0,0,0,0,0,0,0,0,0,0,0,0,0,0,0,0,0,0,0,0,0,0,0,0,0,68,2026-02-07 01:49:10.181012
PHR,47.79,47.78,47.8,50000000.0,50000000.0,0,0,0,0,0,0,0,0,0,0,0,0,0,0,0,0,0,0,0,0,0,0,0,0,0,0,68,2026-02-07 01:49:10.181012
BYL,42.59,42.58,42.6,50000000.0,50000000.0,0,0,0,0,0,0,0,0,0,0,0,0,0,0,0,0,0,0,0,0,0,0,0,0,0,0,68,2026-02-07 01:49:10.181012
CLD,77.14,77.13,77.15,50000000.0,50000000.0,0,0,0,0,0,0,0,0,0,0,0,0,0,0,0,0,0,0,0,0,0,0,0,0,0,0,68,2026-02-07 01:49:10.181012
GGD,32.27,32.26,32.28,50000000.0,50000000.0,0,0,0,0,0,0,0,0,0,0,0,0,0,0,0,0,0,0,0,0,0,0,0,0,0,0,68,2026-02-07 01:49:10.181012
PNR,59.94,59.93,59.95,50000000.0,50000000.0,0,0,0,0,0,0,0,0,0,0,0,0,0,0,0,0,0,0,0,0,0,0,0,0,0,0,68,2026-02-07 01:49:10.181012
FSR,31.65,31.64,31.66,50000000.0,50000000.0,0,0,0,0,0,0,0,0,0,0,0,0,0,0,0,0,0,0,0,0,0,0,0,0,0,0,68,2026-02-07 01:49:10.181012
ATB,63.22,63.21,63.23,50000000.0,50000000.0,0,0,0,0,0,0,0,0,0,0,0,0,0,0,0,0,0,0,0,0,0,0,0,0,0,0,68,2026-02-07 01:49:10.181012
SPK,54.74,54.73,54.75,50000000.0,50000000.0,0,0,0,0,0,0,0,0,0,0,0,0,0,0,0,0,0,0,0,0,0,0,0,0,0,0,68,2026-02-07 01:49:10.181012
EEC,51.57,51.56,51.58,50000000.0,50000000.0,0,0,0,0,0,0,0,0,0,0,0,0,0,0,0,0,0,0,0,0,0,0,0,0,0,0,68,2026-02-07 01:49:10.181012
TGX,43.52,43.51,43.53,50000000.0,50000000.0,0,0,0,0,0,0,0,0,0,0,0,0,0,0,0,0,0,0,0,0,0,0,0,0,0,0,69,2026-02-07 01:49:11.287163
PHR,47.82,47.81,47.83,50000000.0,50000000.0,0,0,0,0,0,0,0,0,0,0,0,0,0,0,0,0,0,0,0,0,0,0,0,0,0,0,69,2026-02-07 01:49:11.287163
BYL,42.62,42.61,42.63,50000000.0,50000000.0,0,0,0,0,0,0,0,0,0,0,0,0,0,0,0,0,0,0,0,0,0,0,0,0,0,0,69,2026-02-07 01:49:11.287163
CLD,77.04,77.03,77.05,50000000.0,50000000.0,0,0,0,0,0,0,0,0,0,0,0,0,0,0,0,0,0,0,0,0,0,0,0,0,0,0,69,2026-02-07 01:49:11.287163
GGD,32.32,32.31,32.33,50000000.0,50000000.0,0,0,0,0,0,0,0,0,0,0,0,0,0,0,0,0,0,0,0,0,0,0,0,0,0,0,69,2026-02-07 01:49:11.287163
PNR,59.87,59.86,59.88,50000000.0,50000000.0,0,0,0,0,0,0,0,0,0,0,0,0,0,0,0,0,0,0,0,0,0,0,0,0,0,0,69,2026-02-07 01:49:11.287163
FSR,31.68,31.67,31.69,50000000.0,50000000.0,0,0,0,0,0,0,0,0,0,0,0,0,0,0,0,0,0,0,0,0,0,0,0,0,0,0,69,2026-02-07 01:49:11.287163
ATB,63.15,63.14,63.16,50000000.0,50000000.0,0,0,0,0,0,0,0,0,0,0,0,0,0,0,0,0,0,0,0,0,0,0,0,0,0,0,69,2026-02-07 01:49:11.287163
SPK,54.83,54.82,54.84,50000000.0,50000000.0,0,0,0,0,0,0,0,0,0,0,0,0,0,0,0,0,0,0,0,0,0,0,0,0,0,0,69,2026-02-07 01:49:11.287163
EEC,51.69,51.68,51.7,50000000.0,50000000.0,0,0,0,0,0,0,0,0,0,0,0,0,0,0,0,0,0,0,0,0,0,0,0,0,0,0,69,2026-02-07 01:49:11.287163
TGX,43.5,43.49,43.51,50000000.0,50000000.0,0,0,0,0,0,0,0,0,0,0,0,0,0,0,0,0,0,0,0,0,0,0,0,0,0,0,70,2026-02-07 01:49:12.371622
PHR,48.05,48.04,48.06,50000000.0,50000000.0,0,0,0,0,0,0,0,0,0,0,0,0,0,0,0,0,0,0,0,0,0,0,0,0,0,0,70,2026-02-07 01:49:12.371622
BYL,42.39,42.38,42.4,50000000.0,50000000.0,0,0,0,0,0,0,0,0,0,0,0,0,0,0,0,0,0,0,0,0,0,0,0,0,0,0,70,2026-02-07 01:49:12.371622
CLD,76.53,76.52,76.54,50000000.0,50000000.0,0,0,0,0,0,0,0,0,0,0,0,0,0,0,0,0,0,0,0,0,0,0,0,0,0,0,70,2026-02-07 01:49:12.371622
GGD,32.3,32.29,32.31,50000000.0,50000000.0,0,0,0,0,0,0,0,0,0,0,0,0,0,0,0,0,0,0,0,0,0,0,0,0,0,0,70,2026-02-07 01:49:12.371622
PNR,59.73,59.72,59.74,50000000.0,50000000.0,0,0,0,0,0,0,0,0,0,0,0,0,0,0,0,0,0,0,0,0,0,0,0,0,0,0,70,2026-02-07 01:49:12.371622
FSR,31.7,31.69,31.71,50000000.0,50000000.0,0,0,0,0,0,0,0,0,0,0,0,0,0,0,0,0,0,0,0,0,0,0,0,0,0,0,70,2026-02-07 01:49:12.371622
ATB,63.06,63.05,63.07,50000000.0,50000000.0,0,0,0,0,0,0,0,0,0,0,0,0,0,0,0,0,0,0,0,0,0,0,0,0,0,0,70,2026-02-07 01:49:12.371622
SPK,54.77,54.76,54.78,50000000.0,50000000.0,0,0,0,0,0,0,0,0,0,0,0,0,0,0,0,0,0,0,0,0,0,0,0,0,0,0,70,2026-02-07 01:49:12.371622
EEC,51.68,51.67,51.69,50000000.0,50000000.0,0,0,0,0,0,0,0,0,0,0,0,0,0,0,0,0,0,0,0,0,0,0,0,0,0,0,70,2026-02-07 01:49:12.371622
TGX,43.45,43.44,43.46,50000000.0,50000000.0,0,0,0,0,0,0,0,0,0,0,0,0,0,0,0,0,0,0,0,0,0,0,0,0,0,0,71,2026-02-07 01:49:13.414084
PHR,48.23,48.22,48.24,50000000.0,50000000.0,0,0,0,0,0,0,0,0,0,0,0,0,0,0,0,0,0,0,0,0,0,0,0,0,0,0,71,2026-02-07 01:49:13.414084
BYL,42.32,42.31,42.33,50000000.0,50000000.0,0,0,0,0,0,0,0,0,0,0,0,0,0,0,0,0,0,0,0,0,0,0,0,0,0,0,71,2026-02-07 01:49:13.414084
CLD,76.38,76.37,76.39,50000000.0,50000000.0,0,0,0,0,0,0,0,0,0,0,0,0,0,0,0,0,0,0,0,0,0,0,0,0,0,0,71,2026-02-07 01:49:13.414084
GGD,32.22,32.21,32.23,50000000.0,50000000.0,0,0,0,0,0,0,0,0,0,0,0,0,0,0,0,0,0,0,0,0,0,0,0,0,0,0,71,2026-02-07 01:49:13.414084
PNR,59.9,59.89,59.91,50000000.0,50000000.0,0,0,0,0,0,0,0,0,0,0,0,0,0,0,0,0,0,0,0,0,0,0,0,0,0,0,71,2026-02-07 01:49:13.414084
FSR,31.71,31.7,31.72,50000000.0,50000000.0,0,0,0,0,0,0,0,0,0,0,0,0,0,0,0,0,0,0,0,0,0,0,0,0,0,0,71,2026-02-07 01:49:13.414084
ATB,62.9,62.89,62.91,50000000.0,50000000.0,0,0,0,0,0,0,0,0,0,0,0,0,0,0,0,0,0,0,0,0,0,0,0,0,0,0,71,2026-02-07 01:49:13.414084
SPK,54.84,54.83,54.85,50000000.0,50000000.0,0,0,0,0,0,0,0,0,0,0,0,0,0,0,0,0,0,0,0,0,0,0,0,0,0,0,71,2026-02-07 01:49:13.414084
EEC,51.82,51.81,51.83,50000000.0,50000000.0,0,0,0,0,0,0,0,0,0,0,0,0,0,0,0,0,0,0,0,0,0,0,0,0,0,0,71,2026-02-07 01:49:13.414084
TGX,43.47,43.46,43.48,50000000.0,50000000.0,0,0,0,0,0,0,0,0,0,0,0,0,0,0,0,0,0,0,0,0,0,0,0,0,0,0,72,2026-02-07 01:49:14.462297
PHR,48.52,48.51,48.53,50000000.0,50000000.0,0,0,0,0,0,0,0,0,0,0,0,0,0,0,0,0,0,0,0,0,0,0,0,0,0,0,72,2026-02-07 01:49:14.462297
BYL,41.96,41.95,41.97,50000000.0,50000000.0,0,0,0,0,0,0,0,0,0,0,0,0,0,0,0,0,0,0,0,0,0,0,0,0,0,0,72,2026-02-07 01:49:14.462297
CLD,75.57,75.56,75.58,50000000.0,50000000.0,0,0,0,0,0,0,0,0,0,0,0,0,0,0,0,0,0,0,0,0,0,0,0,0,0,0,72,2026-02-07 01:49:14.462297
GGD,32.13,32.12,32.14,50000000.0,50000000.0,0,0,0,0,0,0,0,0,0,0,0,0,0,0,0,0,0,0,0,0,0,0,0,0,0,0,72,2026-02-07 01:49:14.462297
PNR,59.75,59.74,59.76,50000000.0,50000000.0,0,0,0,0,0,0,0,0,0,0,0,0,0,0,0,0,0,0,0,0,0,0,0,0,0,0,72,2026-02-07 01:49:14.462297
FSR,31.69,31.68,31.7,50000000.0,50000000.0,0,0,0,0,0,0,0,0,0,0,0,0,0,0,0,0,0,0,0,0,0,0,0,0,0,0,72,2026-02-07 01:49:14.462297
ATB,62.94,62.93,62.95,50000000.0,50000000.0,0,0,0,0,0,0,0,0,0,0,0,0,0,0,0,0,0,0,0,0,0,0,0,0,0,0,72,2026-02-07 01:49:14.462297
SPK,54.54,54.53,54.55,50000000.0,50000000.0,0,0,0,0,0,0,0,0,0,0,0,0,0,0,0,0,0,0,0,0,0,0,0,0,0,0,72,2026-02-07 01:49:14.462297
EEC,51.33,51.32,51.34,50000000.0,50000000.0,0,0,0,0,0,0,0,0,0,0,0,0,0,0,0,0,0,0,0,0,0,0,0,0,0,0,72,2026-02-07 01:49:14.462297
TGX,43.4,43.39,43.41,50000000.0,50000000.0,0,0,0,0,0,0,0,0,0,0,0,0,0,0,0,0,0,0,0,0,0,0,0,0,0,0,73,2026-02-07 01:49:15.502202
PHR,48.39,48.38,48.4,50000000.0,50000000.0,0,0,0,0,0,0,0,0,0,0,0,0,0,0,0,0,0,0,0,0,0,0,0,0,0,0,73,2026-02-07 01:49:15.502202
BYL,41.86,41.85,41.87,50000000.0,50000000.0,0,0,0,0,0,0,0,0,0,0,0,0,0,0,0,0,0,0,0,0,0,0,0,0,0,0,73,2026-02-07 01:49:15.502202
CLD,75.45,75.44,75.46,50000000.0,50000000.0,0,0,0,0,0,0,0,0,0,0,0,0,0,0,0,0,0,0,0,0,0,0,0,0,0,0,73,2026-02-07 01:49:15.502202
GGD,32.19,32.18,32.2,50000000.0,50000000.0,0,0,0,0,0,0,0,0,0,0,0,0,0,0,0,0,0,0,0,0,0,0,0,0,0,0,73,2026-02-07 01:49:15.502202
PNR,59.95,59.94,59.96,50000000.0,50000000.0,0,0,0,0,0,0,0,0,0,0,0,0,0,0,0,0,0,0,0,0,0,0,0,0,0,0,73,2026-02-07 01:49:15.502202
FSR,31.74,31.73,31.75,50000000.0,50000000.0,0,0,0,0,0,0,0,0,0,0,0,0,0,0,0,0,0,0,0,0,0,0,0,0,0,0,73,2026-02-07 01:49:15.502202
ATB,62.84,62.83,62.85,50000000.0,50000000.0,0,0,0,0,0,0,0,0,0,0,0,0,0,0,0,0,0,0,0,0,0,0,0,0,0,0,73,2026-02-07 01:49:15.502202
SPK,54.56,54.55,54.57,50000000.0,50000000.0,0,0,0,0,0,0,0,0,0,0,0,0,0,0,0,0,0,0,0,0,0,0,0,0,0,0,73,2026-02-07 01:49:15.502202
EEC,51.43,51.42,51.44,50000000.0,50000000.0,0,0,0,0,0,0,0,0,0,0,0,0,0,0,0,0,0,0,0,0,0,0,0,0,0,0,73,2026-02-07 01:49:15.502202
TGX,43.38,43.37,43.39,50000000.0,50000000.0,0,0,0,0,0,0,0,0,0,0,0,0,0,0,0,0,0,0,0,0,0,0,0,0,0,0,74,2026-02-07 01:49:16.546321
PHR,48.58,48.57,48.59,50000000.0,50000000.0,0,0,0,0,0,0,0,0,0,0,0,0,0,0,0,0,0,0,0,0,0,0,0,0,0,0,74,2026-02-07 01:49:16.546321
BYL,41.8,41.79,41.81,50000000.0,50000000.0,0,0,0,0,0,0,0,0,0,0,0,0,0,0,0,0,0,0,0,0,0,0,0,0,0,0,74,2026-02-07 01:49:16.546321
CLD,75.27,75.26,75.28,50000000.0,50000000.0,0,0,0,0,0,0,0,0,0,0,0,0,0,0,0,0,0,0,0,0,0,0,0,0,0,0,74,2026-02-07 01:49:16.546321
GGD,32.19,32.18,32.2,50000000.0,50000000.0,0,0,0,0,0,0,0,0,0,0,0,0,0,0,0,0,0,0,0,0,0,0,0,0,0,0,74,2026-02-07 01:49:16.546321
PNR,60.1,60.09,60.11,50000000.0,50000000.0,0,0,0,0,0,0,0,0,0,0,0,0,0,0,0,0,0,0,0,0,0,0,0,0,0,0,74,2026-02-07 01:49:16.546321
FSR,31.74,31.73,31.75,50000000.0,50000000.0,0,0,0,0,0,0,0,0,0,0,0,0,0,0,0,0,0,0,0,0,0,0,0,0,0,0,74,2026-02-07 01:49:16.546321
ATB,62.9,62.89,62.91,50000000.0,50000000.0,0,0,0,0,0,0,0,0,0,0,0,0,0,0,0,0,0,0,0,0,0,0,0,0,0,0,74,2026-02-07 01:49:16.546321
SPK,54.42,54.41,54.43,50000000.0,50000000.0,0,0,0,0,0,0,0,0,0,0,0,0,0,0,0,0,0,0,0,0,0,0,0,0,0,0,74,2026-02-07 01:49:16.546321
EEC,51.27,51.26,51.28,50000000.0,50000000.0,0,0,0,0,0,0,0,0,0,0,0,0,0,0,0,0,0,0,0,0,0,0,0,0,0,0,74,2026-02-07 01:49:16.546321
TGX,43.37,43.36,43.38,50000000.0,50000000.0,0,0,0,0,0,0,0,0,0,0,0,0,0,0,0,0,0,0,0,0,0,0,0,0,0,0,75,2026-02-07 01:49:17.593058
PHR,48.94,48.93,48.95,50000000.0,50000000.0,0,0,0,0,0,0,0,0,0,0,0,0,0,0,0,0,0,0,0,0,0,0,0,0,0,0,75,2026-02-07 01:49:17.593058
BYL,41.75,41.74,41.76,50000000.0,50000000.0,0,0,0,0,0,0,0,0,0,0,0,0,0,0,0,0,0,0,0,0,0,0,0,0,0,0,75,2026-02-07 01:49:17.593058
CLD,75.08,75.07,75.09,50000000.0,50000000.0,0,0,0,0,0,0,0,0,0,0,0,0,0,0,0,0,0,0,0,0,0,0,0,0,0,0,75,2026-02-07 01:49:17.593058
GGD,32.19,32.18,32.2,50000000.0,50000000.0,0,0,0,0,0,0,0,0,0,0,0,0,0,0,0,0,0,0,0,0,0,0,0,0,0,0,75,2026-02-07 01:49:17.593058
PNR,59.99,59.98,60.0,50000000.0,50000000.0,0,0,0,0,0,0,0,0,0,0,0,0,0,0,0,0,0,0,0,0,0,0,0,0,0,0,75,2026-02-07 01:49:17.593058
FSR,31.67,31.66,31.68,50000000.0,50000000.0,0,0,0,0,0,0,0,0,0,0,0,0,0,0,0,0,0,0,0,0,0,0,0,0,0,0,75,2026-02-07 01:49:17.593058
ATB,62.83,62.82,62.84,50000000.0,50000000.0,0,0,0,0,0,0,0,0,0,0,0,0,0,0,0,0,0,0,0,0,0,0,0,0,0,0,75,2026-02-07 01:49:17.593058
SPK,54.49,54.48,54.5,50000000.0,50000000.0,0,0,0,0,0,0,0,0,0,0,0,0,0,0,0,0,0,0,0,0,0,0,0,0,0,0,75,2026-02-07 01:49:17.593058
EEC,51.38,51.37,51.39,50000000.0,50000000.0,0,0,0,0,0,0,0,0,0,0,0,0,0,0,0,0,0,0,0,0,0,0,0,0,0,0,75,2026-02-07 01:49:17.593058
TGX,43.4,43.39,43.41,50000000.0,50000000.0,0,0,0,0,0,0,0,0,0,0,0,0,0,0,0,0,0,0,0,0,0,0,0,0,0,0,76,2026-02-07 01:49:18.650135
PHR,49.02,49.01,49.03,50000000.0,50000000.0,0,0,0,0,0,0,0,0,0,0,0,0,0,0,0,0,0,0,0,0,0,0,0,0,0,0,76,2026-02-07 01:49:18.650135
BYL,41.81,41.8,41.82,50000000.0,50000000.0,0,0,0,0,0,0,0,0,0,0,0,0,0,0,0,0,0,0,0,0,0,0,0,0,0,0,76,2026-02-07 01:49:18.650135
CLD,75.24,75.23,75.25,50000000.0,50000000.0,0,0,0,0,0,0,0,0,0,0,0,0,0,0,0,0,0,0,0,0,0,0,0,0,0,0,76,2026-02-07 01:49:18.650135
GGD,32.13,32.12,32.14,50000000.0,50000000.0,0,0,0,0,0,0,0,0,0,0,0,0,0,0,0,0,0,0,0,0,0,0,0,0,0,0,76,2026-02-07 01:49:18.650135
PNR,59.72,59.71,59.73,50000000.0,50000000.0,0,0,0,0,0,0,0,0,0,0,0,0,0,0,0,0,0,0,0,0,0,0,0,0,0,0,76,2026-02-07 01:49:18.650135
FSR,31.68,31.67,31.69,50000000.0,50000000.0,0,0,0,0,0,0,0,0,0,0,0,0,0,0,0,0,0,0,0,0,0,0,0,0,0,0,76,2026-02-07 01:49:18.650135
ATB,62.72,62.71,62.73,50000000.0,50000000.0,0,0,0,0,0,0,0,0,0,0,0,0,0,0,0,0,0,0,0,0,0,0,0,0,0,0,76,2026-02-07 01:49:18.650135
SPK,54.44,54.43,54.45,50000000.0,50000000.0,0,0,0,0,0,0,0,0,0,0,0,0,0,0,0,0,0,0,0,0,0,0,0,0,0,0,76,2026-02-07 01:49:18.650135
EEC,51.28,51.27,51.29,50000000.0,50000000.0,0,0,0,0,0,0,0,0,0,0,0,0,0,0,0,0,0,0,0,0,0,0,0,0,0,0,76,2026-02-07 01:49:18.650135
TGX,43.41,43.4,43.42,50000000.0,50000000.0,0,0,0,0,0,0,0,0,0,0,0,0,0,0,0,0,0,0,0,0,0,0,0,0,0,0,77,2026-02-07 01:49:19.207925,5.0,1.0,76.0,D1-TGX/PHR,Credit Rating Agencies Place PHR on Watch,"Moody's and S&P have placed Pharmaco's credit ratings on watch for possible downgrade, citing increased leverage from the acquisition financing."
PHR,48.97,48.96,48.98,50000000.0,50000000.0,0,0,0,0,0,0,0,0,0,0,0,0,0,0,0,0,0,0,0,0,0,0,0,0,0,0,77,2026-02-07 01:49:19.207925,,,,,,
BYL,41.74,41.73,41.75,50000000.0,50000000.0,0,0,0,0,0,0,0,0,0,0,0,0,0,0,0,0,0,0,0,0,0,0,0,0,0,0,77,2026-02-07 01:49:19.207925,,,,,,
CLD,75.01,75.0,75.02,50000000.0,50000000.0,0,0,0,0,0,0,0,0,0,0,0,0,0,0,0,0,0,0,0,0,0,0,0,0,0,0,77,2026-02-07 01:49:19.207925,,,,,,
GGD,32.24,32.23,32.25,50000000.0,50000000.0,0,0,0,0,0,0,0,0,0,0,0,0,0,0,0,0,0,0,0,0,0,0,0,0,0,0,77,2026-02-07 01:49:19.207925,,,,,,
PNR,59.74,59.73,59.75,50000000.0,50000000.0,0,0,0,0,0,0,0,0,0,0,0,0,0,0,0,0,0,0,0,0,0,0,0,0,0,0,77,2026-02-07 01:49:19.207925,,,,,,
FSR,31.69,31.68,31.7,50000000.0,50000000.0,0,0,0,0,0,0,0,0,0,0,0,0,0,0,0,0,0,0,0,0,0,0,0,0,0,0,77,2026-02-07 01:49:19.207925,,,,,,
ATB,62.75,62.74,62.76,50000000.0,50000000.0,0,0,0,0,0,0,0,0,0,0,0,0,0,0,0,0,0,0,0,0,0,0,0,0,0,0,77,2026-02-07 01:49:19.207925,,,,,,
SPK,54.53,54.52,54.54,50000000.0,50000000.0,0,0,0,0,0,0,0,0,0,0,0,0,0,0,0,0,0,0,0,0,0,0,0,0,0,0,77,2026-02-07 01:49:19.207925,,,,,,
EEC,51.39,51.38,51.4,50000000.0,50000000.0,0,0,0,0,0,0,0,0,0,0,0,0,0,0,0,0,0,0,0,0,0,0,0,0,0,0,77,2026-02-07 01:49:19.207925,,,,,,
TGX,43.41,43.4,43.42,50000000.0,50000000.0,0,0,0,0,0,0,0,0,0,0,0,0,0,0,0,0,0,0,0,0,0,0,0,0,0,0,78,2026-02-07 01:49:20.271093
PHR,49.04,49.03,49.05,50000000.0,50000000.0,0,0,0,0,0,0,0,0,0,0,0,0,0,0,0,0,0,0,0,0,0,0,0,0,0,0,78,2026-02-07 01:49:20.271093
BYL,41.74,41.73,41.75,50000000.0,50000000.0,0,0,0,0,0,0,0,0,0,0,0,0,0,0,0,0,0,0,0,0,0,0,0,0,0,0,78,2026-02-07 01:49:20.271093
CLD,75.01,75.0,75.02,50000000.0,50000000.0,0,0,0,0,0,0,0,0,0,0,0,0,0,0,0,0,0,0,0,0,0,0,0,0,0,0,78,2026-02-07 01:49:20.271093
GGD,32.32,32.31,32.33,50000000.0,50000000.0,0,0,0,0,0,0,0,0,0,0,0,0,0,0,0,0,0,0,0,0,0,0,0,0,0,0,78,2026-02-07 01:49:20.271093
PNR,59.8,59.79,59.81,50000000.0,50000000.0,0,0,0,0,0,0,0,0,0,0,0,0,0,0,0,0,0,0,0,0,0,0,0,0,0,0,78,2026-02-07 01:49:20.271093
FSR,31.71,31.7,31.72,50000000.0,50000000.0,0,0,0,0,0,0,0,0,0,0,0,0,0,0,0,0,0,0,0,0,0,0,0,0,0,0,78,2026-02-07 01:49:20.271093
ATB,62.58,62.57,62.59,50000000.0,50000000.0,0,0,0,0,0,0,0,0,0,0,0,0,0,0,0,0,0,0,0,0,0,0,0,0,0,0,78,2026-02-07 01:49:20.271093
SPK,54.66,54.65,54.67,50000000.0,50000000.0,0,0,0,0,0,0,0,0,0,0,0,0,0,0,0,0,0,0,0,0,0,0,0,0,0,0,78,2026-02-07 01:49:20.271093
EEC,51.61,51.6,51.62,50000000.0,50000000.0,0,0,0,0,0,0,0,0,0,0,0,0,0,0,0,0,0,0,0,0,0,0,0,0,0,0,78,2026-02-07 01:49:20.271093
TGX,43.41,43.4,43.42,50000000.0,50000000.0,0,0,0,0,0,0,0,0,0,0,0,0,0,0,0,0,0,0,0,0,0,0,0,0,0,0,79,2026-02-07 01:49:21.364859,6.0,1.0,78.0,D4-FSR/ATB,Hedge Fund Activist Opposes Deal,Activist hedge fund with 5.1% stake launches campaign opposing merger as inadequate.
PHR,48.51,48.5,48.52,50000000.0,50000000.0,0,0,0,0,0,0,0,0,0,0,0,0,0,0,0,0,0,0,0,0,0,0,0,0,0,0,79,2026-02-07 01:49:21.364859,,,,,,
BYL,41.93,41.92,41.94,50000000.0,50000000.0,0,0,0,0,0,0,0,0,0,0,0,0,0,0,0,0,0,0,0,0,0,0,0,0,0,0,79,2026-02-07 01:49:21.364859,,,,,,
CLD,75.4,75.39,75.41,50000000.0,50000000.0,0,0,0,0,0,0,0,0,0,0,0,0,0,0,0,0,0,0,0,0,0,0,0,0,0,0,79,2026-02-07 01:49:21.364859,,,,,,
GGD,32.3,32.29,32.31,50000000.0,50000000.0,0,0,0,0,0,0,0,0,0,0,0,0,0,0,0,0,0,0,0,0,0,0,0,0,0,0,79,2026-02-07 01:49:21.364859,,,,,,
PNR,59.81,59.8,59.82,50000000.0,50000000.0,0,0,0,0,0,0,0,0,0,0,0,0,0,0,0,0,0,0,0,0,0,0,0,0,0,0,79,2026-02-07 01:49:21.364859,,,,,,
FSR,31.7,31.69,31.71,50000000.0,50000000.0,0,0,0,0,0,0,0,0,0,0,0,0,0,0,0,0,0,0,0,0,0,0,0,0,0,0,79,2026-02-07 01:49:21.364859,,,,,,
ATB,62.63,62.62,62.64,50000000.0,50000000.0,0,0,0,0,0,0,0,0,0,0,0,0,0,0,0,0,0,0,0,0,0,0,0,0,0,0,79,2026-02-07 01:49:21.364859,,,,,,
SPK,54.69,54.68,54.7,50000000.0,50000000.0,0,0,0,0,0,0,0,0,0,0,0,0,0,0,0,0,0,0,0,0,0,0,0,0,0,0,79,2026-02-07 01:49:21.364859,,,,,,
EEC,51.67,51.66,51.68,50000000.0,50000000.0,0,0,0,0,0,0,0,0,0,0,0,0,0,0,0,0,0,0,0,0,0,0,0,0,0,0,79,2026-02-07 01:49:21.364859,,,,,,
TGX,43.44,43.43,43.45,50000000.0,50000000.0,0,0,0,0,0,0,0,0,0,0,0,0,0,0,0,0,0,0,0,0,0,0,0,0,0,0,80,2026-02-07 01:49:22.432717
PHR,48.37,48.36,48.38,50000000.0,50000000.0,0,0,0,0,0,0,0,0,0,0,0,0,0,0,0,0,0,0,0,0,0,0,0,0,0,0,80,2026-02-07 01:49:22.432717
BYL,41.8,41.79,41.81,50000000.0,50000000.0,0,0,0,0,0,0,0,0,0,0,0,0,0,0,0,0,0,0,0,0,0,0,0,0,0,0,80,2026-02-07 01:49:22.432717
CLD,75.04,75.03,75.05,50000000.0,50000000.0,0,0,0,0,0,0,0,0,0,0,0,0,0,0,0,0,0,0,0,0,0,0,0,0,0,0,80,2026-02-07 01:49:22.432717
GGD,32.29,32.28,32.3,50000000.0,50000000.0,0,0,0,0,0,0,0,0,0,0,0,0,0,0,0,0,0,0,0,0,0,0,0,0,0,0,80,2026-02-07 01:49:22.432717
PNR,59.87,59.86,59.88,50000000.0,50000000.0,0,0,0,0,0,0,0,0,0,0,0,0,0,0,0,0,0,0,0,0,0,0,0,0,0,0,80,2026-02-07 01:49:22.432717
FSR,31.7,31.69,31.71,50000000.0,50000000.0,0,0,0,0,0,0,0,0,0,0,0,0,0,0,0,0,0,0,0,0,0,0,0,0,0,0,80,2026-02-07 01:49:22.432717
ATB,62.83,62.82,62.84,50000000.0,50000000.0,0,0,0,0,0,0,0,0,0,0,0,0,0,0,0,0,0,0,0,0,0,0,0,0,0,0,80,2026-02-07 01:49:22.432717
SPK,54.78,54.77,54.79,50000000.0,50000000.0,0,0,0,0,0,0,0,0,0,0,0,0,0,0,0,0,0,0,0,0,0,0,0,0,0,0,80,2026-02-07 01:49:22.432717
EEC,51.81,51.8,51.82,50000000.0,50000000.0,0,0,0,0,0,0,0,0,0,0,0,0,0,0,0,0,0,0,0,0,0,0,0,0,0,0,80,2026-02-07 01:49:22.432717
TGX,43.49,43.48,43.5,50000000.0,50000000.0,0,0,0,0,0,0,0,0,0,0,0,0,0,0,0,0,0,0,0,0,0,0,0,0,0,0,81,2026-02-07 01:49:23.482884
PHR,48.17,48.16,48.18,50000000.0,50000000.0,0,0,0,0,0,0,0,0,0,0,0,0,0,0,0,0,0,0,0,0,0,0,0,0,0,0,81,2026-02-07 01:49:23.482884
BYL,42.01,42.0,42.02,50000000.0,50000000.0,0,0,0,0,0,0,0,0,0,0,0,0,0,0,0,0,0,0,0,0,0,0,0,0,0,0,81,2026-02-07 01:49:23.482884
CLD,75.53,75.52,75.54,50000000.0,50000000.0,0,0,0,0,0,0,0,0,0,0,0,0,0,0,0,0,0,0,0,0,0,0,0,0,0,0,81,2026-02-07 01:49:23.482884
GGD,32.31,32.3,32.32,50000000.0,50000000.0,0,0,0,0,0,0,0,0,0,0,0,0,0,0,0,0,0,0,0,0,0,0,0,0,0,0,81,2026-02-07 01:49:23.482884
PNR,59.88,59.87,59.89,50000000.0,50000000.0,0,0,0,0,0,0,0,0,0,0,0,0,0,0,0,0,0,0,0,0,0,0,0,0,0,0,81,2026-02-07 01:49:23.482884
FSR,31.69,31.68,31.7,50000000.0,50000000.0,0,0,0,0,0,0,0,0,0,0,0,0,0,0,0,0,0,0,0,0,0,0,0,0,0,0,81,2026-02-07 01:49:23.482884
ATB,62.86,62.85,62.87,50000000.0,50000000.0,0,0,0,0,0,0,0,0,0,0,0,0,0,0,0,0,0,0,0,0,0,0,0,0,0,0,81,2026-02-07 01:49:23.482884
SPK,54.92,54.91,54.93,50000000.0,50000000.0,0,0,0,0,0,0,0,0,0,0,0,0,0,0,0,0,0,0,0,0,0,0,0,0,0,0,81,2026-02-07 01:49:23.482884
EEC,52.07,52.06,52.08,50000000.0,50000000.0,0,0,0,0,0,0,0,0,0,0,0,0,0,0,0,0,0,0,0,0,0,0,0,0,0,0,81,2026-02-07 01:49:23.482884
TGX,43.48,43.47,43.49,50000000.0,50000000.0,0,0,0,0,0,0,0,0,0,0,0,0,0,0,0,0,0,0,0,0,0,0,0,0,0,0,82,2026-02-07 01:49:24.532094
PHR,47.98,47.97,47.99,50000000.0,50000000.0,0,0,0,0,0,0,0,0,0,0,0,0,0,0,0,0,0,0,0,0,0,0,0,0,0,0,82,2026-02-07 01:49:24.532094
BYL,41.74,41.73,41.75,50000000.0,50000000.0,0,0,0,0,0,0,0,0,0,0,0,0,0,0,0,0,0,0,0,0,0,0,0,0,0,0,82,2026-02-07 01:49:24.532094
CLD,74.84,74.83,74.85,50000000.0,50000000.0,0,0,0,0,0,0,0,0,0,0,0,0,0,0,0,0,0,0,0,0,0,0,0,0,0,0,82,2026-02-07 01:49:24.532094
GGD,32.33,32.32,32.34,50000000.0,50000000.0,0,0,0,0,0,0,0,0,0,0,0,0,0,0,0,0,0,0,0,0,0,0,0,0,0,0,82,2026-02-07 01:49:24.532094
PNR,60.09,60.08,60.1,50000000.0,50000000.0,0,0,0,0,0,0,0,0,0,0,0,0,0,0,0,0,0,0,0,0,0,0,0,0,0,0,82,2026-02-07 01:49:24.532094
FSR,31.67,31.66,31.68,50000000.0,50000000.0,0,0,0,0,0,0,0,0,0,0,0,0,0,0,0,0,0,0,0,0,0,0,0,0,0,0,82,2026-02-07 01:49:24.532094
ATB,62.87,62.86,62.88,50000000.0,50000000.0,0,0,0,0,0,0,0,0,0,0,0,0,0,0,0,0,0,0,0,0,0,0,0,0,0,0,82,2026-02-07 01:49:24.532094
SPK,55.12,55.11,55.13,50000000.0,50000000.0,0,0,0,0,0,0,0,0,0,0,0,0,0,0,0,0,0,0,0,0,0,0,0,0,0,0,82,2026-02-07 01:49:24.532094
EEC,52.45,52.44,52.46,50000000.0,50000000.0,0,0,0,0,0,0,0,0,0,0,0,0,0,0,0,0,0,0,0,0,0,0,0,0,0,0,82,2026-02-07 01:49:24.532094
TGX,43.48,43.47,43.49,50000000.0,50000000.0,0,0,0,0,0,0,0,0,0,0,0,0,0,0,0,0,0,0,0,0,0,0,0,0,0,0,83,2026-02-07 01:49:25.576883
PHR,48.17,48.16,48.18,50000000.0,50000000.0,0,0,0,0,0,0,0,0,0,0,0,0,0,0,0,0,0,0,0,0,0,0,0,0,0,0,83,2026-02-07 01:49:25.576883
BYL,41.48,41.47,41.49,50000000.0,50000000.0,0,0,0,0,0,0,0,0,0,0,0,0,0,0,0,0,0,0,0,0,0,0,0,0,0,0,83,2026-02-07 01:49:25.576883
CLD,74.2,74.19,74.21,50000000.0,50000000.0,0,0,0,0,0,0,0,0,0,0,0,0,0,0,0,0,0,0,0,0,0,0,0,0,0,0,83,2026-02-07 01:49:25.576883
GGD,32.4,32.39,32.41,50000000.0,50000000.0,0,0,0,0,0,0,0,0,0,0,0,0,0,0,0,0,0,0,0,0,0,0,0,0,0,0,83,2026-02-07 01:49:25.576883
PNR,59.93,59.92,59.94,50000000.0,50000000.0,0,0,0,0,0,0,0,0,0,0,0,0,0,0,0,0,0,0,0,0,0,0,0,0,0,0,83,2026-02-07 01:49:25.576883
FSR,31.63,31.62,31.64,50000000.0,50000000.0,0,0,0,0,0,0,0,0,0,0,0,0,0,0,0,0,0,0,0,0,0,0,0,0,0,0,83,2026-02-07 01:49:25.576883
ATB,62.93,62.92,62.94,50000000.0,50000000.0,0,0,0,0,0,0,0,0,0,0,0,0,0,0,0,0,0,0,0,0,0,0,0,0,0,0,83,2026-02-07 01:49:25.576883
SPK,55.17,55.16,55.18,50000000.0,50000000.0,0,0,0,0,0,0,0,0,0,0,0,0,0,0,0,0,0,0,0,0,0,0,0,0,0,0,83,2026-02-07 01:49:25.576883
EEC,52.6,52.59,52.61,50000000.0,50000000.0,0,0,0,0,0,0,0,0,0,0,0,0,0,0,0,0,0,0,0,0,0,0,0,0,0,0,83,2026-02-07 01:49:25.576883
TGX,43.47,43.46,43.48,50000000.0,50000000.0,0,0,0,0,0,0,0,0,0,0,0,0,0,0,0,0,0,0,0,0,0,0,0,0,0,0,84,2026-02-07 01:49:26.628524
PHR,48.1,48.09,48.11,50000000.0,50000000.0,0,0,0,0,0,0,0,0,0,0,0,0,0,0,0,0,0,0,0,0,0,0,0,0,0,0,84,2026-02-07 01:49:26.628524
BYL,41.25,41.24,41.26,50000000.0,50000000.0,0,0,0,0,0,0,0,0,0,0,0,0,0,0,0,0,0,0,0,0,0,0,0,0,0,0,84,2026-02-07 01:49:26.628524
CLD,73.66,73.65,73.67,50000000.0,50000000.0,0,0,0,0,0,0,0,0,0,0,0,0,0,0,0,0,0,0,0,0,0,0,0,0,0,0,84,2026-02-07 01:49:26.628524
GGD,32.44,32.43,32.45,50000000.0,50000000.0,0,0,0,0,0,0,0,0,0,0,0,0,0,0,0,0,0,0,0,0,0,0,0,0,0,0,84,2026-02-07 01:49:26.628524
PNR,59.64,59.63,59.65,50000000.0,50000000.0,0,0,0,0,0,0,0,0,0,0,0,0,0,0,0,0,0,0,0,0,0,0,0,0,0,0,84,2026-02-07 01:49:26.628524
FSR,31.62,31.61,31.63,50000000.0,50000000.0,0,0,0,0,0,0,0,0,0,0,0,0,0,0,0,0,0,0,0,0,0,0,0,0,0,0,84,2026-02-07 01:49:26.628524
ATB,63.22,63.21,63.23,50000000.0,50000000.0,0,0,0,0,0,0,0,0,0,0,0,0,0,0,0,0,0,0,0,0,0,0,0,0,0,0,84,2026-02-07 01:49:26.628524
SPK,55.0,54.99,55.01,50000000.0,50000000.0,0,0,0,0,0,0,0,0,0,0,0,0,0,0,0,0,0,0,0,0,0,0,0,0,0,0,84,2026-02-07 01:49:26.628524
EEC,52.24,52.23,52.25,50000000.0,50000000.0,0,0,0,0,0,0,0,0,0,0,0,0,0,0,0,0,0,0,0,0,0,0,0,0,0,0,84,2026-02-07 01:49:26.628524
TGX,43.44,43.43,43.45,50000000.0,50000000.0,0,0,0,0,0,0,0,0,0,0,0,0,0,0,0,0,0,0,0,0,0,0,0,0,0,0,85,2026-02-07 01:49:27.677514
PHR,48.13,48.12,48.14,50000000.0,50000000.0,0,0,0,0,0,0,0,0,0,0,0,0,0,0,0,0,0,0,0,0,0,0,0,0,0,0,85,2026-02-07 01:49:27.677514
BYL,41.35,41.34,41.36,50000000.0,50000000.0,0,0,0,0,0,0,0,0,0,0,0,0,0,0,0,0,0,0,0,0,0,0,0,0,0,0,85,2026-02-07 01:49:27.677514
CLD,73.65,73.64,73.66,50000000.0,50000000.0,0,0,0,0,0,0,0,0,0,0,0,0,0,0,0,0,0,0,0,0,0,0,0,0,0,0,85,2026-02-07 01:49:27.677514
GGD,32.44,32.43,32.45,50000000.0,50000000.0,0,0,0,0,0,0,0,0,0,0,0,0,0,0,0,0,0,0,0,0,0,0,0,0,0,0,85,2026-02-07 01:49:27.677514
PNR,59.84,59.83,59.85,50000000.0,50000000.0,0,0,0,0,0,0,0,0,0,0,0,0,0,0,0,0,0,0,0,0,0,0,0,0,0,0,85,2026-02-07 01:49:27.677514
FSR,31.61,31.6,31.62,50000000.0,50000000.0,0,0,0,0,0,0,0,0,0,0,0,0,0,0,0,0,0,0,0,0,0,0,0,0,0,0,85,2026-02-07 01:49:27.677514
ATB,63.15,63.14,63.16,50000000.0,50000000.0,0,0,0,0,0,0,0,0,0,0,0,0,0,0,0,0,0,0,0,0,0,0,0,0,0,0,85,2026-02-07 01:49:27.677514
SPK,55.15,55.14,55.16,50000000.0,50000000.0,0,0,0,0,0,0,0,0,0,0,0,0,0,0,0,0,0,0,0,0,0,0,0,0,0,0,85,2026-02-07 01:49:27.677514
EEC,52.48,52.47,52.49,50000000.0,50000000.0,0,0,0,0,0,0,0,0,0,0,0,0,0,0,0,0,0,0,0,0,0,0,0,0,0,0,85,2026-02-07 01:49:27.677514
TGX,43.5,43.49,43.51,50000000.0,50000000.0,0,0,0,0,0,0,0,0,0,0,0,0,0,0,0,0,0,0,0,0,0,0,0,0,0,0,86,2026-02-07 01:49:28.233584
PHR,48.25,48.24,48.26,50000000.0,50000000.0,0,0,0,0,0,0,0,0,0,0,0,0,0,0,0,0,0,0,0,0,0,0,0,0,0,0,86,2026-02-07 01:49:28.233584
BYL,41.38,41.37,41.39,50000000.0,50000000.0,0,0,0,0,0,0,0,0,0,0,0,0,0,0,0,0,0,0,0,0,0,0,0,0,0,0,86,2026-02-07 01:49:28.233584
CLD,73.65,73.64,73.66,50000000.0,50000000.0,0,0,0,0,0,0,0,0,0,0,0,0,0,0,0,0,0,0,0,0,0,0,0,0,0,0,86,2026-02-07 01:49:28.233584
GGD,32.43,32.42,32.44,50000000.0,50000000.0,0,0,0,0,0,0,0,0,0,0,0,0,0,0,0,0,0,0,0,0,0,0,0,0,0,0,86,2026-02-07 01:49:28.233584
PNR,59.94,59.93,59.95,50000000.0,50000000.0,0,0,0,0,0,0,0,0,0,0,0,0,0,0,0,0,0,0,0,0,0,0,0,0,0,0,86,2026-02-07 01:49:28.233584
FSR,31.61,31.6,31.62,50000000.0,50000000.0,0,0,0,0,0,0,0,0,0,0,0,0,0,0,0,0,0,0,0,0,0,0,0,0,0,0,86,2026-02-07 01:49:28.233584
ATB,63.02,63.01,63.03,50000000.0,50000000.0,0,0,0,0,0,0,0,0,0,0,0,0,0,0,0,0,0,0,0,0,0,0,0,0,0,0,86,2026-02-07 01:49:28.233584
SPK,54.98,54.97,54.99,50000000.0,50000000.0,0,0,0,0,0,0,0,0,0,0,0,0,0,0,0,0,0,0,0,0,0,0,0,0,0,0,86,2026-02-07 01:49:28.233584
EEC,52.21,52.2,52.22,50000000.0,50000000.0,0,0,0,0,0,0,0,0,0,0,0,0,0,0,0,0,0,0,0,0,0,0,0,0,0,0,86,2026-02-07 01:49:28.233584
TGX,43.51,43.5,43.52,50000000.0,50000000.0,0,0,0,0,0,0,0,0,0,0,0,0,0,0,0,0,0,0,0,0,0,0,0,0,0,0,87,2026-02-07 01:49:29.299065
PHR,48.21,48.2,48.22,50000000.0,50000000.0,0,0,0,0,0,0,0,0,0,0,0,0,0,0,0,0,0,0,0,0,0,0,0,0,0,0,87,2026-02-07 01:49:29.299065
BYL,41.41,41.4,41.42,50000000.0,50000000.0,0,0,0,0,0,0,0,0,0,0,0,0,0,0,0,0,0,0,0,0,0,0,0,0,0,0,87,2026-02-07 01:49:29.299065
CLD,73.73,73.72,73.74,50000000.0,50000000.0,0,0,0,0,0,0,0,0,0,0,0,0,0,0,0,0,0,0,0,0,0,0,0,0,0,0,87,2026-02-07 01:49:29.299065
GGD,32.36,32.35,32.37,50000000.0,50000000.0,0,0,0,0,0,0,0,0,0,0,0,0,0,0,0,0,0,0,0,0,0,0,0,0,0,0,87,2026-02-07 01:49:29.299065
PNR,59.88,59.87,59.89,50000000.0,50000000.0,0,0,0,0,0,0,0,0,0,0,0,0,0,0,0,0,0,0,0,0,0,0,0,0,0,0,87,2026-02-07 01:49:29.299065
FSR,31.57,31.56,31.58,50000000.0,50000000.0,0,0,0,0,0,0,0,0,0,0,0,0,0,0,0,0,0,0,0,0,0,0,0,0,0,0,87,2026-02-07 01:49:29.299065
ATB,62.99,62.98,63.0,50000000.0,50000000.0,0,0,0,0,0,0,0,0,0,0,0,0,0,0,0,0,0,0,0,0,0,0,0,0,0,0,87,2026-02-07 01:49:29.299065
SPK,55.12,55.11,55.13,50000000.0,50000000.0,0,0,0,0,0,0,0,0,0,0,0,0,0,0,0,0,0,0,0,0,0,0,0,0,0,0,87,2026-02-07 01:49:29.299065
EEC,52.49,52.48,52.5,50000000.0,50000000.0,0,0,0,0,0,0,0,0,0,0,0,0,0,0,0,0,0,0,0,0,0,0,0,0,0,0,87,2026-02-07 01:49:29.299065
TGX,43.59,43.58,43.6,50000000.0,50000000.0,0,0,0,0,0,0,0,0,0,0,0,0,0,0,0,0,0,0,0,0,0,0,0,0,0,0,88,2026-02-07 01:49:30.377562
PHR,48.07,48.06,48.08,50000000.0,50000000.0,0,0,0,0,0,0,0,0,0,0,0,0,0,0,0,0,0,0,0,0,0,0,0,0,0,0,88,2026-02-07 01:49:30.377562
BYL,41.14,41.13,41.15,50000000.0,50000000.0,0,0,0,0,0,0,0,0,0,0,0,0,0,0,0,0,0,0,0,0,0,0,0,0,0,0,88,2026-02-07 01:49:30.377562
CLD,73.17,73.16,73.18,50000000.0,50000000.0,0,0,0,0,0,0,0,0,0,0,0,0,0,0,0,0,0,0,0,0,0,0,0,0,0,0,88,2026-02-07 01:49:30.377562
GGD,32.27,32.26,32.28,50000000.0,50000000.0,0,0,0,0,0,0,0,0,0,0,0,0,0,0,0,0,0,0,0,0,0,0,0,0,0,0,88,2026-02-07 01:49:30.377562
PNR,59.76,59.75,59.77,50000000.0,50000000.0,0,0,0,0,0,0,0,0,0,0,0,0,0,0,0,0,0,0,0,0,0,0,0,0,0,0,88,2026-02-07 01:49:30.377562
FSR,31.61,31.6,31.62,50000000.0,50000000.0,0,0,0,0,0,0,0,0,0,0,0,0,0,0,0,0,0,0,0,0,0,0,0,0,0,0,88,2026-02-07 01:49:30.377562
ATB,62.97,62.96,62.98,50000000.0,50000000.0,0,0,0,0,0,0,0,0,0,0,0,0,0,0,0,0,0,0,0,0,0,0,0,0,0,0,88,2026-02-07 01:49:30.377562
SPK,54.99,54.98,55.0,50000000.0,50000000.0,0,0,0,0,0,0,0,0,0,0,0,0,0,0,0,0,0,0,0,0,0,0,0,0,0,0,88,2026-02-07 01:49:30.377562
EEC,52.27,52.26,52.28,50000000.0,50000000.0,0,0,0,0,0,0,0,0,0,0,0,0,0,0,0,0,0,0,0,0,0,0,0,0,0,0,88,2026-02-07 01:49:30.377562
TGX,43.6,43.59,43.61,50000000.0,50000000.0,0,0,0,0,0,0,0,0,0,0,0,0,0,0,0,0,0,0,0,0,0,0,0,0,0,0,89,2026-02-07 01:49:31.442267
PHR,47.88,47.87,47.89,50000000.0,50000000.0,0,0,0,0,0,0,0,0,0,0,0,0,0,0,0,0,0,0,0,0,0,0,0,0,0,0,89,2026-02-07 01:49:31.442267
BYL,41.3,41.29,41.31,50000000.0,50000000.0,0,0,0,0,0,0,0,0,0,0,0,0,0,0,0,0,0,0,0,0,0,0,0,0,0,0,89,2026-02-07 01:49:31.442267
CLD,73.61,73.6,73.62,50000000.0,50000000.0,0,0,0,0,0,0,0,0,0,0,0,0,0,0,0,0,0,0,0,0,0,0,0,0,0,0,89,2026-02-07 01:49:31.442267
GGD,32.32,32.31,32.33,50000000.0,50000000.0,0,0,0,0,0,0,0,0,0,0,0,0,0,0,0,0,0,0,0,0,0,0,0,0,0,0,89,2026-02-07 01:49:31.442267
PNR,59.97,59.96,59.98,50000000.0,50000000.0,0,0,0,0,0,0,0,0,0,0,0,0,0,0,0,0,0,0,0,0,0,0,0,0,0,0,89,2026-02-07 01:49:31.442267
FSR,31.63,31.62,31.64,50000000.0,50000000.0,0,0,0,0,0,0,0,0,0,0,0,0,0,0,0,0,0,0,0,0,0,0,0,0,0,0,89,2026-02-07 01:49:31.442267
ATB,62.64,62.63,62.65,50000000.0,50000000.0,0,0,0,0,0,0,0,0,0,0,0,0,0,0,0,0,0,0,0,0,0,0,0,0,0,0,89,2026-02-07 01:49:31.442267
SPK,54.99,54.98,55.0,50000000.0,50000000.0,0,0,0,0,0,0,0,0,0,0,0,0,0,0,0,0,0,0,0,0,0,0,0,0,0,0,89,2026-02-07 01:49:31.442267
EEC,52.27,52.26,52.28,50000000.0,50000000.0,0,0,0,0,0,0,0,0,0,0,0,0,0,0,0,0,0,0,0,0,0,0,0,0,0,0,89,2026-02-07 01:49:31.442267
TGX,43.63,43.62,43.64,50000000.0,50000000.0,0,0,0,0,0,0,0,0,0,0,0,0,0,0,0,0,0,0,0,0,0,0,0,0,0,0,90,2026-02-07 01:49:32.508008
PHR,47.7,47.69,47.71,50000000.0,50000000.0,0,0,0,0,0,0,0,0,0,0,0,0,0,0,0,0,0,0,0,0,0,0,0,0,0,0,90,2026-02-07 01:49:32.508008
BYL,41.25,41.24,41.26,50000000.0,50000000.0,0,0,0,0,0,0,0,0,0,0,0,0,0,0,0,0,0,0,0,0,0,0,0,0,0,0,90,2026-02-07 01:49:32.508008
CLD,73.52,73.51,73.53,50000000.0,50000000.0,0,0,0,0,0,0,0,0,0,0,0,0,0,0,0,0,0,0,0,0,0,0,0,0,0,0,90,2026-02-07 01:49:32.508008
GGD,32.36,32.35,32.37,50000000.0,50000000.0,0,0,0,0,0,0,0,0,0,0,0,0,0,0,0,0,0,0,0,0,0,0,0,0,0,0,90,2026-02-07 01:49:32.508008
PNR,59.94,59.93,59.95,50000000.0,50000000.0,0,0,0,0,0,0,0,0,0,0,0,0,0,0,0,0,0,0,0,0,0,0,0,0,0,0,90,2026-02-07 01:49:32.508008
FSR,31.59,31.58,31.6,50000000.0,50000000.0,0,0,0,0,0,0,0,0,0,0,0,0,0,0,0,0,0,0,0,0,0,0,0,0,0,0,90,2026-02-07 01:49:32.508008
ATB,62.63,62.62,62.64,50000000.0,50000000.0,0,0,0,0,0,0,0,0,0,0,0,0,0,0,0,0,0,0,0,0,0,0,0,0,0,0,90,2026-02-07 01:49:32.508008
SPK,55.1,55.09,55.11,50000000.0,50000000.0,0,0,0,0,0,0,0,0,0,0,0,0,0,0,0,0,0,0,0,0,0,0,0,0,0,0,90,2026-02-07 01:49:32.508008
EEC,52.47,52.46,52.48,50000000.0,50000000.0,0,0,0,0,0,0,0,0,0,0,0,0,0,0,0,0,0,0,0,0,0,0,0,0,0,0,90,2026-02-07 01:49:32.508008
TGX,43.59,43.58,43.6,50000000.0,50000000.0,0,0,0,0,0,0,0,0,0,0,0,0,0,0,0,0,0,0,0,0,0,0,0,0,0,0,91,2026-02-07 01:49:33.567770
PHR,47.51,47.5,47.52,50000000.0,50000000.0,0,0,0,0,0,0,0,0,0,0,0,0,0,0,0,0,0,0,0,0,0,0,0,0,0,0,91,2026-02-07 01:49:33.567770
BYL,41.37,41.36,41.38,50000000.0,50000000.0,0,0,0,0,0,0,0,0,0,0,0,0,0,0,0,0,0,0,0,0,0,0,0,0,0,0,91,2026-02-07 01:49:33.567770
CLD,73.84,73.83,73.85,50000000.0,50000000.0,0,0,0,0,0,0,0,0,0,0,0,0,0,0,0,0,0,0,0,0,0,0,0,0,0,0,91,2026-02-07 01:49:33.567770
GGD,32.34,32.33,32.35,50000000.0,50000000.0,0,0,0,0,0,0,0,0,0,0,0,0,0,0,0,0,0,0,0,0,0,0,0,0,0,0,91,2026-02-07 01:49:33.567770
PNR,59.73,59.72,59.74,50000000.0,50000000.0,0,0,0,0,0,0,0,0,0,0,0,0,0,0,0,0,0,0,0,0,0,0,0,0,0,0,91,2026-02-07 01:49:33.567770
FSR,31.63,31.62,31.64,50000000.0,50000000.0,0,0,0,0,0,0,0,0,0,0,0,0,0,0,0,0,0,0,0,0,0,0,0,0,0,0,91,2026-02-07 01:49:33.567770
ATB,62.69,62.68,62.7,50000000.0,50000000.0,0,0,0,0,0,0,0,0,0,0,0,0,0,0,0,0,0,0,0,0,0,0,0,0,0,0,91,2026-02-07 01:49:33.567770
SPK,55.3,55.29,55.31,50000000.0,50000000.0,0,0,0,0,0,0,0,0,0,0,0,0,0,0,0,0,0,0,0,0,0,0,0,0,0,0,91,2026-02-07 01:49:33.567770
EEC,52.89,52.88,52.9,50000000.0,50000000.0,0,0,0,0,0,0,0,0,0,0,0,0,0,0,0,0,0,0,0,0,0,0,0,0,0,0,91,2026-02-07 01:49:33.567770
TGX,43.61,43.6,43.62,50000000.0,50000000.0,0,0,0,0,0,0,0,0,0,0,0,0,0,0,0,0,0,0,0,0,0,0,0,0,0,0,92,2026-02-07 01:49:34.622067
PHR,47.21,47.2,47.22,50000000.0,50000000.0,0,0,0,0,0,0,0,0,0,0,0,0,0,0,0,0,0,0,0,0,0,0,0,0,0,0,92,2026-02-07 01:49:34.622067
BYL,41.05,41.04,41.06,50000000.0,50000000.0,0,0,0,0,0,0,0,0,0,0,0,0,0,0,0,0,0,0,0,0,0,0,0,0,0,0,92,2026-02-07 01:49:34.622067
CLD,73.08,73.07,73.09,50000000.0,50000000.0,0,0,0,0,0,0,0,0,0,0,0,0,0,0,0,0,0,0,0,0,0,0,0,0,0,0,92,2026-02-07 01:49:34.622067
GGD,32.29,32.28,32.3,50000000.0,50000000.0,0,0,0,0,0,0,0,0,0,0,0,0,0,0,0,0,0,0,0,0,0,0,0,0,0,0,92,2026-02-07 01:49:34.622067
PNR,59.81,59.8,59.82,50000000.0,50000000.0,0,0,0,0,0,0,0,0,0,0,0,0,0,0,0,0,0,0,0,0,0,0,0,0,0,0,92,2026-02-07 01:49:34.622067
FSR,31.58,31.57,31.59,50000000.0,50000000.0,0,0,0,0,0,0,0,0,0,0,0,0,0,0,0,0,0,0,0,0,0,0,0,0,0,0,92,2026-02-07 01:49:34.622067
ATB,62.93,62.92,62.94,50000000.0,50000000.0,0,0,0,0,0,0,0,0,0,0,0,0,0,0,0,0,0,0,0,0,0,0,0,0,0,0,92,2026-02-07 01:49:34.622067
SPK,55.29,55.28,55.3,50000000.0,50000000.0,0,0,0,0,0,0,0,0,0,0,0,0,0,0,0,0,0,0,0,0,0,0,0,0,0,0,92,2026-02-07 01:49:34.622067
EEC,52.89,52.88,52.9,50000000.0,50000000.0,0,0,0,0,0,0,0,0,0,0,0,0,0,0,0,0,0,0,0,0,0,0,0,0,0,0,92,2026-02-07 01:49:34.622067
TGX,43.6,43.59,43.61,50000000.0,50000000.0,0,0,0,0,0,0,0,0,0,0,0,0,0,0,0,0,0,0,0,0,0,0,0,0,0,0,93,2026-02-07 01:49:35.680520
PHR,47.07,47.06,47.08,50000000.0,50000000.0,0,0,0,0,0,0,0,0,0,0,0,0,0,0,0,0,0,0,0,0,0,0,0,0,0,0,93,2026-02-07 01:49:35.680520
BYL,41.17,41.16,41.18,50000000.0,50000000.0,0,0,0,0,0,0,0,0,0,0,0,0,0,0,0,0,0,0,0,0,0,0,0,0,0,0,93,2026-02-07 01:49:35.680520
CLD,73.37,73.36,73.38,50000000.0,50000000.0,0,0,0,0,0,0,0,0,0,0,0,0,0,0,0,0,0,0,0,0,0,0,0,0,0,0,93,2026-02-07 01:49:35.680520
GGD,32.37,32.36,32.38,50000000.0,50000000.0,0,0,0,0,0,0,0,0,0,0,0,0,0,0,0,0,0,0,0,0,0,0,0,0,0,0,93,2026-02-07 01:49:35.680520
PNR,60.09,60.08,60.1,50000000.0,50000000.0,0,0,0,0,0,0,0,0,0,0,0,0,0,0,0,0,0,0,0,0,0,0,0,0,0,0,93,2026-02-07 01:49:35.680520
FSR,31.56,31.55,31.57,50000000.0,50000000.0,0,0,0,0,0,0,0,0,0,0,0,0,0,0,0,0,0,0,0,0,0,0,0,0,0,0,93,2026-02-07 01:49:35.680520
ATB,63.15,63.14,63.16,50000000.0,50000000.0,0,0,0,0,0,0,0,0,0,0,0,0,0,0,0,0,0,0,0,0,0,0,0,0,0,0,93,2026-02-07 01:49:35.680520
SPK,55.26,55.25,55.27,50000000.0,50000000.0,0,0,0,0,0,0,0,0,0,0,0,0,0,0,0,0,0,0,0,0,0,0,0,0,0,0,93,2026-02-07 01:49:35.680520
EEC,52.88,52.87,52.89,50000000.0,50000000.0,0,0,0,0,0,0,0,0,0,0,0,0,0,0,0,0,0,0,0,0,0,0,0,0,0,0,93,2026-02-07 01:49:35.680520
TGX,43.61,43.6,43.62,50000000.0,50000000.0,0,0,0,0,0,0,0,0,0,0,0,0,0,0,0,0,0,0,0,0,0,0,0,0,0,0,94,2026-02-07 01:49:36.235555
PHR,47.08,47.07,47.09,50000000.0,50000000.0,0,0,0,0,0,0,0,0,0,0,0,0,0,0,0,0,0,0,0,0,0,0,0,0,0,0,94,2026-02-07 01:49:36.235555
BYL,41.16,41.15,41.17,50000000.0,50000000.0,0,0,0,0,0,0,0,0,0,0,0,0,0,0,0,0,0,0,0,0,0,0,0,0,0,0,94,2026-02-07 01:49:36.235555
CLD,73.24,73.23,73.25,50000000.0,50000000.0,0,0,0,0,0,0,0,0,0,0,0,0,0,0,0,0,0,0,0,0,0,0,0,0,0,0,94,2026-02-07 01:49:36.235555
GGD,32.33,32.32,32.34,50000000.0,50000000.0,0,0,0,0,0,0,0,0,0,0,0,0,0,0,0,0,0,0,0,0,0,0,0,0,0,0,94,2026-02-07 01:49:36.235555
PNR,60.12,60.11,60.13,50000000.0,50000000.0,0,0,0,0,0,0,0,0,0,0,0,0,0,0,0,0,0,0,0,0,0,0,0,0,0,0,94,2026-02-07 01:49:36.235555
FSR,31.57,31.56,31.58,50000000.0,50000000.0,0,0,0,0,0,0,0,0,0,0,0,0,0,0,0,0,0,0,0,0,0,0,0,0,0,0,94,2026-02-07 01:49:36.235555
ATB,62.89,62.88,62.9,50000000.0,50000000.0,0,0,0,0,0,0,0,0,0,0,0,0,0,0,0,0,0,0,0,0,0,0,0,0,0,0,94,2026-02-07 01:49:36.235555
SPK,55.2,55.19,55.21,50000000.0,50000000.0,0,0,0,0,0,0,0,0,0,0,0,0,0,0,0,0,0,0,0,0,0,0,0,0,0,0,94,2026-02-07 01:49:36.235555
EEC,52.77,52.76,52.78,50000000.0,50000000.0,0,0,0,0,0,0,0,0,0,0,0,0,0,0,0,0,0,0,0,0,0,0,0,0,0,0,94,2026-02-07 01:49:36.235555
TGX,43.6,43.59,43.61,50000000.0,50000000.0,0,0,0,0,0,0,0,0,0,0,0,0,0,0,0,0,0,0,0,0,0,0,0,0,0,0,95,2026-02-07 01:49:37.309021
PHR,46.67,46.66,46.68,50000000.0,50000000.0,0,0,0,0,0,0,0,0,0,0,0,0,0,0,0,0,0,0,0,0,0,0,0,0,0,0,95,2026-02-07 01:49:37.309021
BYL,41.37,41.36,41.38,50000000.0,50000000.0,0,0,0,0,0,0,0,0,0,0,0,0,0,0,0,0,0,0,0,0,0,0,0,0,0,0,95,2026-02-07 01:49:37.309021
CLD,73.71,73.7,73.72,50000000.0,50000000.0,0,0,0,0,0,0,0,0,0,0,0,0,0,0,0,0,0,0,0,0,0,0,0,0,0,0,95,2026-02-07 01:49:37.309021
GGD,32.3,32.29,32.31,50000000.0,50000000.0,0,0,0,0,0,0,0,0,0,0,0,0,0,0,0,0,0,0,0,0,0,0,0,0,0,0,95,2026-02-07 01:49:37.309021
PNR,60.47,60.46,60.48,50000000.0,50000000.0,0,0,0,0,0,0,0,0,0,0,0,0,0,0,0,0,0,0,0,0,0,0,0,0,0,0,95,2026-02-07 01:49:37.309021
FSR,31.54,31.53,31.55,50000000.0,50000000.0,0,0,0,0,0,0,0,0,0,0,0,0,0,0,0,0,0,0,0,0,0,0,0,0,0,0,95,2026-02-07 01:49:37.309021
ATB,62.77,62.76,62.78,50000000.0,50000000.0,0,0,0,0,0,0,0,0,0,0,0,0,0,0,0,0,0,0,0,0,0,0,0,0,0,0,95,2026-02-07 01:49:37.309021
SPK,55.07,55.06,55.08,50000000.0,50000000.0,0,0,0,0,0,0,0,0,0,0,0,0,0,0,0,0,0,0,0,0,0,0,0,0,0,0,95,2026-02-07 01:49:37.309021
EEC,52.55,52.54,52.56,50000000.0,50000000.0,0,0,0,0,0,0,0,0,0,0,0,0,0,0,0,0,0,0,0,0,0,0,0,0,0,0,95,2026-02-07 01:49:37.309021
TGX,43.58,43.57,43.59,50000000.0,50000000.0,0,0,0,0,0,0,0,0,0,0,0,0,0,0,0,0,0,0,0,0,0,0,0,0,0,0,96,2026-02-07 01:49:38.373382
PHR,46.43,46.42,46.44,50000000.0,50000000.0,0,0,0,0,0,0,0,0,0,0,0,0,0,0,0,0,0,0,0,0,0,0,0,0,0,0,96,2026-02-07 01:49:38.373382
BYL,41.67,41.66,41.68,50000000.0,50000000.0,0,0,0,0,0,0,0,0,0,0,0,0,0,0,0,0,0,0,0,0,0,0,0,0,0,0,96,2026-02-07 01:49:38.373382
CLD,74.34,74.33,74.35,50000000.0,50000000.0,0,0,0,0,0,0,0,0,0,0,0,0,0,0,0,0,0,0,0,0,0,0,0,0,0,0,96,2026-02-07 01:49:38.373382
GGD,32.37,32.36,32.38,50000000.0,50000000.0,0,0,0,0,0,0,0,0,0,0,0,0,0,0,0,0,0,0,0,0,0,0,0,0,0,0,96,2026-02-07 01:49:38.373382
PNR,60.8,60.79,60.81,50000000.0,50000000.0,0,0,0,0,0,0,0,0,0,0,0,0,0,0,0,0,0,0,0,0,0,0,0,0,0,0,96,2026-02-07 01:49:38.373382
FSR,30.78,30.77,30.79,50000000.0,50000000.0,0,0,0,0,0,0,0,0,0,0,0,0,0,0,0,0,0,0,0,0,0,0,0,0,0,0,96,2026-02-07 01:49:38.373382
ATB,62.66,62.65,62.67,50000000.0,50000000.0,0,0,0,0,0,0,0,0,0,0,0,0,0,0,0,0,0,0,0,0,0,0,0,0,0,0,96,2026-02-07 01:49:38.373382
SPK,55.0,54.99,55.01,50000000.0,50000000.0,0,0,0,0,0,0,0,0,0,0,0,0,0,0,0,0,0,0,0,0,0,0,0,0,0,0,96,2026-02-07 01:49:38.373382
EEC,52.4,52.39,52.41,50000000.0,50000000.0,0,0,0,0,0,0,0,0,0,0,0,0,0,0,0,0,0,0,0,0,0,0,0,0,0,0,96,2026-02-07 01:49:38.373382
TGX,43.53,43.52,43.54,50000000.0,50000000.0,0,0,0,0,0,0,0,0,0,0,0,0,0,0,0,0,0,0,0,0,0,0,0,0,0,0,97,2026-02-07 01:49:39.443402
PHR,46.46,46.45,46.47,50000000.0,50000000.0,0,0,0,0,0,0,0,0,0,0,0,0,0,0,0,0,0,0,0,0,0,0,0,0,0,0,97,2026-02-07 01:49:39.443402
BYL,41.48,41.47,41.49,50000000.0,50000000.0,0,0,0,0,0,0,0,0,0,0,0,0,0,0,0,0,0,0,0,0,0,0,0,0,0,0,97,2026-02-07 01:49:39.443402
CLD,73.87,73.86,73.88,50000000.0,50000000.0,0,0,0,0,0,0,0,0,0,0,0,0,0,0,0,0,0,0,0,0,0,0,0,0,0,0,97,2026-02-07 01:49:39.443402
GGD,32.38,32.37,32.39,50000000.0,50000000.0,0,0,0,0,0,0,0,0,0,0,0,0,0,0,0,0,0,0,0,0,0,0,0,0,0,0,97,2026-02-07 01:49:39.443402
PNR,60.81,60.8,60.82,50000000.0,50000000.0,0,0,0,0,0,0,0,0,0,0,0,0,0,0,0,0,0,0,0,0,0,0,0,0,0,0,97,2026-02-07 01:49:39.443402
FSR,30.76,30.75,30.77,50000000.0,50000000.0,0,0,0,0,0,0,0,0,0,0,0,0,0,0,0,0,0,0,0,0,0,0,0,0,0,0,97,2026-02-07 01:49:39.443402
ATB,62.6,62.59,62.61,50000000.0,50000000.0,0,0,0,0,0,0,0,0,0,0,0,0,0,0,0,0,0,0,0,0,0,0,0,0,0,0,97,2026-02-07 01:49:39.443402
SPK,55.24,55.23,55.25,50000000.0,50000000.0,0,0,0,0,0,0,0,0,0,0,0,0,0,0,0,0,0,0,0,0,0,0,0,0,0,0,97,2026-02-07 01:49:39.443402
EEC,52.84,52.83,52.85,50000000.0,50000000.0,0,0,0,0,0,0,0,0,0,0,0,0,0,0,0,0,0,0,0,0,0,0,0,0,0,0,97,2026-02-07 01:49:39.443402
TGX,43.55,43.54,43.56,50000000.0,50000000.0,0,0,0,0,0,0,0,0,0,0,0,0,0,0,0,0,0,0,0,0,0,0,0,0,0,0,98,2026-02-07 01:49:40.500224
PHR,46.69,46.68,46.7,50000000.0,50000000.0,0,0,0,0,0,0,0,0,0,0,0,0,0,0,0,0,0,0,0,0,0,0,0,0,0,0,98,2026-02-07 01:49:40.500224
BYL,41.37,41.36,41.38,50000000.0,50000000.0,0,0,0,0,0,0,0,0,0,0,0,0,0,0,0,0,0,0,0,0,0,0,0,0,0,0,98,2026-02-07 01:49:40.500224
CLD,73.64,73.63,73.65,50000000.0,50000000.0,0,0,0,0,0,0,0,0,0,0,0,0,0,0,0,0,0,0,0,0,0,0,0,0,0,0,98,2026-02-07 01:49:40.500224
GGD,32.37,32.36,32.38,50000000.0,50000000.0,0,0,0,0,0,0,0,0,0,0,0,0,0,0,0,0,0,0,0,0,0,0,0,0,0,0,98,2026-02-07 01:49:40.500224
PNR,61.09,61.08,61.1,50000000.0,50000000.0,0,0,0,0,0,0,0,0,0,0,0,0,0,0,0,0,0,0,0,0,0,0,0,0,0,0,98,2026-02-07 01:49:40.500224
FSR,30.77,30.76,30.78,50000000.0,50000000.0,0,0,0,0,0,0,0,0,0,0,0,0,0,0,0,0,0,0,0,0,0,0,0,0,0,0,98,2026-02-07 01:49:40.500224
ATB,62.72,62.71,62.73,50000000.0,50000000.0,0,0,0,0,0,0,0,0,0,0,0,0,0,0,0,0,0,0,0,0,0,0,0,0,0,0,98,2026-02-07 01:49:40.500224
SPK,55.28,55.27,55.29,50000000.0,50000000.0,0,0,0,0,0,0,0,0,0,0,0,0,0,0,0,0,0,0,0,0,0,0,0,0,0,0,98,2026-02-07 01:49:40.500224
EEC,52.89,52.88,52.9,50000000.0,50000000.0,0,0,0,0,0,0,0,0,0,0,0,0,0,0,0,0,0,0,0,0,0,0,0,0,0,0,98,2026-02-07 01:49:40.500224
TGX,42.74,42.73,42.75,50000000.0,50000000.0,0,0,0,0,0,0,0,0,0,0,0,0,0,0,0,0,0,0,0,0,0,0,0,0,0,0,99,2026-02-07 01:49:41.548965
PHR,46.67,46.66,46.68,50000000.0,50000000.0,0,0,0,0,0,0,0,0,0,0,0,0,0,0,0,0,0,0,0,0,0,0,0,0,0,0,99,2026-02-07 01:49:41.548965
BYL,41.36,41.35,41.37,50000000.0,50000000.0,0,0,0,0,0,0,0,0,0,0,0,0,0,0,0,0,0,0,0,0,0,0,0,0,0,0,99,2026-02-07 01:49:41.548965
CLD,73.57,73.56,73.58,50000000.0,50000000.0,0,0,0,0,0,0,0,0,0,0,0,0,0,0,0,0,0,0,0,0,0,0,0,0,0,0,99,2026-02-07 01:49:41.548965
GGD,32.36,32.35,32.37,50000000.0,50000000.0,0,0,0,0,0,0,0,0,0,0,0,0,0,0,0,0,0,0,0,0,0,0,0,0,0,0,99,2026-02-07 01:49:41.548965
PNR,61.07,61.06,61.08,50000000.0,50000000.0,0,0,0,0,0,0,0,0,0,0,0,0,0,0,0,0,0,0,0,0,0,0,0,0,0,0,99,2026-02-07 01:49:41.548965
FSR,30.74,30.73,30.75,50000000.0,50000000.0,0,0,0,0,0,0,0,0,0,0,0,0,0,0,0,0,0,0,0,0,0,0,0,0,0,0,99,2026-02-07 01:49:41.548965
ATB,62.56,62.55,62.57,50000000.0,50000000.0,0,0,0,0,0,0,0,0,0,0,0,0,0,0,0,0,0,0,0,0,0,0,0,0,0,0,99,2026-02-07 01:49:41.548965
SPK,55.49,55.48,55.5,50000000.0,50000000.0,0,0,0,0,0,0,0,0,0,0,0,0,0,0,0,0,0,0,0,0,0,0,0,0,0,0,99,2026-02-07 01:49:41.548965
EEC,53.26,53.25,53.27,50000000.0,50000000.0,0,0,0,0,0,0,0,0,0,0,0,0,0,0,0,0,0,0,0,0,0,0,0,0,0,0,99,2026-02-07 01:49:41.548965
TGX,42.73,42.72,42.74,50000000.0,50000000.0,0,0,0,0,0,0,0,0,0,0,0,0,0,0,0,0,0,0,0,0,0,0,0,0,0,0,100,2026-02-07 01:49:42.612844
PHR,46.58,46.57,46.59,50000000.0,50000000.0,0,0,0,0,0,0,0,0,0,0,0,0,0,0,0,0,0,0,0,0,0,0,0,0,0,0,100,2026-02-07 01:49:42.612844
BYL,41.55,41.54,41.56,50000000.0,50000000.0,0,0,0,0,0,0,0,0,0,0,0,0,0,0,0,0,0,0,0,0,0,0,0,0,0,0,100,2026-02-07 01:49:42.612844
CLD,74.11,74.1,74.12,50000000.0,50000000.0,0,0,0,0,0,0,0,0,0,0,0,0,0,0,0,0,0,0,0,0,0,0,0,0,0,0,100,2026-02-07 01:49:42.612844
GGD,32.36,32.35,32.37,50000000.0,50000000.0,0,0,0,0,0,0,0,0,0,0,0,0,0,0,0,0,0,0,0,0,0,0,0,0,0,0,100,2026-02-07 01:49:42.612844
PNR,60.78,60.77,60.79,50000000.0,50000000.0,0,0,0,0,0,0,0,0,0,0,0,0,0,0,0,0,0,0,0,0,0,0,0,0,0,0,100,2026-02-07 01:49:42.612844
FSR,30.78,30.77,30.79,50000000.0,50000000.0,0,0,0,0,0,0,0,0,0,0,0,0,0,0,0,0,0,0,0,0,0,0,0,0,0,0,100,2026-02-07 01:49:42.612844
ATB,62.53,62.52,62.54,50000000.0,50000000.0,0,0,0,0,0,0,0,0,0,0,0,0,0,0,0,0,0,0,0,0,0,0,0,0,0,0,100,2026-02-07 01:49:42.612844
SPK,55.51,55.5,55.52,50000000.0,50000000.0,0,0,0,0,0,0,0,0,0,0,0,0,0,0,0,0,0,0,0,0,0,0,0,0,0,0,100,2026-02-07 01:49:42.612844
EEC,53.33,53.32,53.34,50000000.0,50000000.0,0,0,0,0,0,0,0,0,0,0,0,0,0,0,0,0,0,0,0,0,0,0,0,0,0,0,100,2026-02-07 01:49:42.612844
TGX,42.72,42.71,42.73,50000000.0,50000000.0,0,0,0,0,0,0,0,0,0,0,0,0,0,0,0,0,0,0,0,0,0,0,0,0,0,0,101,2026-02-07 01:49:43.658154
PHR,46.57,46.56,46.58,50000000.0,50000000.0,0,0,0,0,0,0,0,0,0,0,0,0,0,0,0,0,0,0,0,0,0,0,0,0,0,0,101,2026-02-07 01:49:43.658154
BYL,41.73,41.72,41.74,50000000.0,50000000.0,0,0,0,0,0,0,0,0,0,0,0,0,0,0,0,0,0,0,0,0,0,0,0,0,0,0,101,2026-02-07 01:49:43.658154
CLD,74.66,74.65,74.67,50000000.0,50000000.0,0,0,0,0,0,0,0,0,0,0,0,0,0,0,0,0,0,0,0,0,0,0,0,0,0,0,101,2026-02-07 01:49:43.658154
GGD,32.37,32.36,32.38,50000000.0,50000000.0,0,0,0,0,0,0,0,0,0,0,0,0,0,0,0,0,0,0,0,0,0,0,0,0,0,0,101,2026-02-07 01:49:43.658154
PNR,60.8,60.79,60.81,50000000.0,50000000.0,0,0,0,0,0,0,0,0,0,0,0,0,0,0,0,0,0,0,0,0,0,0,0,0,0,0,101,2026-02-07 01:49:43.658154
FSR,30.73,30.72,30.74,50000000.0,50000000.0,0,0,0,0,0,0,0,0,0,0,0,0,0,0,0,0,0,0,0,0,0,0,0,0,0,0,101,2026-02-07 01:49:43.658154
ATB,62.5,62.49,62.51,50000000.0,50000000.0,0,0,0,0,0,0,0,0,0,0,0,0,0,0,0,0,0,0,0,0,0,0,0,0,0,0,101,2026-02-07 01:49:43.658154
SPK,55.63,55.62,55.64,50000000.0,50000000.0,0,0,0,0,0,0,0,0,0,0,0,0,0,0,0,0,0,0,0,0,0,0,0,0,0,0,101,2026-02-07 01:49:43.658154
EEC,53.56,53.55,53.57,50000000.0,50000000.0,0,0,0,0,0,0,0,0,0,0,0,0,0,0,0,0,0,0,0,0,0,0,0,0,0,0,101,2026-02-07 01:49:43.658154
TGX,42.7,42.69,42.71,50000000.0,50000000.0,0,0,0,0,0,0,0,0,0,0,0,0,0,0,0,0,0,0,0,0,0,0,0,0,0,0,102,2026-02-07 01:49:44.699659
PHR,46.49,46.48,46.5,50000000.0,50000000.0,0,0,0,0,0,0,0,0,0,0,0,0,0,0,0,0,0,0,0,0,0,0,0,0,0,0,102,2026-02-07 01:49:44.699659
BYL,41.74,41.73,41.75,50000000.0,50000000.0,0,0,0,0,0,0,0,0,0,0,0,0,0,0,0,0,0,0,0,0,0,0,0,0,0,0,102,2026-02-07 01:49:44.699659
CLD,74.66,74.65,74.67,50000000.0,50000000.0,0,0,0,0,0,0,0,0,0,0,0,0,0,0,0,0,0,0,0,0,0,0,0,0,0,0,102,2026-02-07 01:49:44.699659
GGD,32.34,32.33,32.35,50000000.0,50000000.0,0,0,0,0,0,0,0,0,0,0,0,0,0,0,0,0,0,0,0,0,0,0,0,0,0,0,102,2026-02-07 01:49:44.699659
PNR,60.97,60.96,60.98,50000000.0,50000000.0,0,0,0,0,0,0,0,0,0,0,0,0,0,0,0,0,0,0,0,0,0,0,0,0,0,0,102,2026-02-07 01:49:44.699659
FSR,30.7,30.69,30.71,50000000.0,50000000.0,0,0,0,0,0,0,0,0,0,0,0,0,0,0,0,0,0,0,0,0,0,0,0,0,0,0,102,2026-02-07 01:49:44.699659
ATB,62.65,62.64,62.66,50000000.0,50000000.0,0,0,0,0,0,0,0,0,0,0,0,0,0,0,0,0,0,0,0,0,0,0,0,0,0,0,102,2026-02-07 01:49:44.699659
SPK,55.55,55.54,55.56,50000000.0,50000000.0,0,0,0,0,0,0,0,0,0,0,0,0,0,0,0,0,0,0,0,0,0,0,0,0,0,0,102,2026-02-07 01:49:44.699659
EEC,53.44,53.43,53.45,50000000.0,50000000.0,0,0,0,0,0,0,0,0,0,0,0,0,0,0,0,0,0,0,0,0,0,0,0,0,0,0,102,2026-02-07 01:49:44.699659
TGX,42.67,42.66,42.68,50000000.0,50000000.0,0,0,0,0,0,0,0,0,0,0,0,0,0,0,0,0,0,0,0,0,0,0,0,0,0,0,103,2026-02-07 01:49:45.300359
PHR,46.53,46.52,46.54,50000000.0,50000000.0,0,0,0,0,0,0,0,0,0,0,0,0,0,0,0,0,0,0,0,0,0,0,0,0,0,0,103,2026-02-07 01:49:45.300359
BYL,41.78,41.77,41.79,50000000.0,50000000.0,0,0,0,0,0,0,0,0,0,0,0,0,0,0,0,0,0,0,0,0,0,0,0,0,0,0,103,2026-02-07 01:49:45.300359
CLD,74.77,74.76,74.78,50000000.0,50000000.0,0,0,0,0,0,0,0,0,0,0,0,0,0,0,0,0,0,0,0,0,0,0,0,0,0,0,103,2026-02-07 01:49:45.300359
GGD,32.33,32.32,32.34,50000000.0,50000000.0,0,0,0,0,0,0,0,0,0,0,0,0,0,0,0,0,0,0,0,0,0,0,0,0,0,0,103,2026-02-07 01:49:45.300359
PNR,61.02,61.01,61.03,50000000.0,50000000.0,0,0,0,0,0,0,0,0,0,0,0,0,0,0,0,0,0,0,0,0,0,0,0,0,0,0,103,2026-02-07 01:49:45.300359
FSR,30.72,30.71,30.73,50000000.0,50000000.0,0,0,0,0,0,0,0,0,0,0,0,0,0,0,0,0,0,0,0,0,0,0,0,0,0,0,103,2026-02-07 01:49:45.300359
ATB,62.58,62.57,62.59,50000000.0,50000000.0,0,0,0,0,0,0,0,0,0,0,0,0,0,0,0,0,0,0,0,0,0,0,0,0,0,0,103,2026-02-07 01:49:45.300359
SPK,55.5,55.49,55.51,50000000.0,50000000.0,0,0,0,0,0,0,0,0,0,0,0,0,0,0,0,0,0,0,0,0,0,0,0,0,0,0,103,2026-02-07 01:49:45.300359
EEC,53.39,53.38,53.4,50000000.0,50000000.0,0,0,0,0,0,0,0,0,0,0,0,0,0,0,0,0,0,0,0,0,0,0,0,0,0,0,103,2026-02-07 01:49:45.300359
TGX,42.73,42.72,42.74,50000000.0,50000000.0,0,0,0,0,0,0,0,0,0,0,0,0,0,0,0,0,0,0,0,0,0,0,0,0,0,0,104,2026-02-07 01:49:46.381433
PHR,46.71,46.7,46.72,50000000.0,50000000.0,0,0,0,0,0,0,0,0,0,0,0,0,0,0,0,0,0,0,0,0,0,0,0,0,0,0,104,2026-02-07 01:49:46.381433
BYL,41.66,41.65,41.67,50000000.0,50000000.0,0,0,0,0,0,0,0,0,0,0,0,0,0,0,0,0,0,0,0,0,0,0,0,0,0,0,104,2026-02-07 01:49:46.381433
CLD,74.46,74.45,74.47,50000000.0,50000000.0,0,0,0,0,0,0,0,0,0,0,0,0,0,0,0,0,0,0,0,0,0,0,0,0,0,0,104,2026-02-07 01:49:46.381433
GGD,32.37,32.36,32.38,50000000.0,50000000.0,0,0,0,0,0,0,0,0,0,0,0,0,0,0,0,0,0,0,0,0,0,0,0,0,0,0,104,2026-02-07 01:49:46.381433
PNR,61.06,61.05,61.07,50000000.0,50000000.0,0,0,0,0,0,0,0,0,0,0,0,0,0,0,0,0,0,0,0,0,0,0,0,0,0,0,104,2026-02-07 01:49:46.381433
FSR,30.68,30.67,30.69,50000000.0,50000000.0,0,0,0,0,0,0,0,0,0,0,0,0,0,0,0,0,0,0,0,0,0,0,0,0,0,0,104,2026-02-07 01:49:46.381433
ATB,62.6,62.59,62.61,50000000.0,50000000.0,0,0,0,0,0,0,0,0,0,0,0,0,0,0,0,0,0,0,0,0,0,0,0,0,0,0,104,2026-02-07 01:49:46.381433
SPK,55.52,55.51,55.53,50000000.0,50000000.0,0,0,0,0,0,0,0,0,0,0,0,0,0,0,0,0,0,0,0,0,0,0,0,0,0,0,104,2026-02-07 01:49:46.381433
EEC,53.46,53.45,53.47,50000000.0,50000000.0,0,0,0,0,0,0,0,0,0,0,0,0,0,0,0,0,0,0,0,0,0,0,0,0,0,0,104,2026-02-07 01:49:46.381433
TGX,42.75,42.74,42.76,50000000.0,50000000.0,0,0,0,0,0,0,0,0,0,0,0,0,0,0,0,0,0,0,0,0,0,0,0,0,0,0,105,2026-02-07 01:49:47.428728
PHR,46.96,46.95,46.97,50000000.0,50000000.0,0,0,0,0,0,0,0,0,0,0,0,0,0,0,0,0,0,0,0,0,0,0,0,0,0,0,105,2026-02-07 01:49:47.428728
BYL,41.52,41.51,41.53,50000000.0,50000000.0,0,0,0,0,0,0,0,0,0,0,0,0,0,0,0,0,0,0,0,0,0,0,0,0,0,0,105,2026-02-07 01:49:47.428728
CLD,74.2,74.19,74.21,50000000.0,50000000.0,0,0,0,0,0,0,0,0,0,0,0,0,0,0,0,0,0,0,0,0,0,0,0,0,0,0,105,2026-02-07 01:49:47.428728
GGD,32.3,32.29,32.31,50000000.0,50000000.0,0,0,0,0,0,0,0,0,0,0,0,0,0,0,0,0,0,0,0,0,0,0,0,0,0,0,105,2026-02-07 01:49:47.428728
PNR,61.16,61.15,61.17,50000000.0,50000000.0,0,0,0,0,0,0,0,0,0,0,0,0,0,0,0,0,0,0,0,0,0,0,0,0,0,0,105,2026-02-07 01:49:47.428728
FSR,30.6,30.59,30.61,50000000.0,50000000.0,0,0,0,0,0,0,0,0,0,0,0,0,0,0,0,0,0,0,0,0,0,0,0,0,0,0,105,2026-02-07 01:49:47.428728
ATB,62.65,62.64,62.66,50000000.0,50000000.0,0,0,0,0,0,0,0,0,0,0,0,0,0,0,0,0,0,0,0,0,0,0,0,0,0,0,105,2026-02-07 01:49:47.428728
SPK,55.68,55.67,55.69,50000000.0,50000000.0,0,0,0,0,0,0,0,0,0,0,0,0,0,0,0,0,0,0,0,0,0,0,0,0,0,0,105,2026-02-07 01:49:47.428728
EEC,53.74,53.73,53.75,50000000.0,50000000.0,0,0,0,0,0,0,0,0,0,0,0,0,0,0,0,0,0,0,0,0,0,0,0,0,0,0,105,2026-02-07 01:49:47.428728
TGX,42.78,42.77,42.79,50000000.0,50000000.0,0,0,0,0,0,0,0,0,0,0,0,0,0,0,0,0,0,0,0,0,0,0,0,0,0,0,106,2026-02-07 01:49:48.477006
PHR,46.54,46.53,46.55,50000000.0,50000000.0,0,0,0,0,0,0,0,0,0,0,0,0,0,0,0,0,0,0,0,0,0,0,0,0,0,0,106,2026-02-07 01:49:48.477006
BYL,41.22,41.21,41.23,50000000.0,50000000.0,0,0,0,0,0,0,0,0,0,0,0,0,0,0,0,0,0,0,0,0,0,0,0,0,0,0,106,2026-02-07 01:49:48.477006
CLD,73.55,73.54,73.56,50000000.0,50000000.0,0,0,0,0,0,0,0,0,0,0,0,0,0,0,0,0,0,0,0,0,0,0,0,0,0,0,106,2026-02-07 01:49:48.477006
GGD,32.28,32.27,32.29,50000000.0,50000000.0,0,0,0,0,0,0,0,0,0,0,0,0,0,0,0,0,0,0,0,0,0,0,0,0,0,0,106,2026-02-07 01:49:48.477006
PNR,60.84,60.83,60.85,50000000.0,50000000.0,0,0,0,0,0,0,0,0,0,0,0,0,0,0,0,0,0,0,0,0,0,0,0,0,0,0,106,2026-02-07 01:49:48.477006
FSR,30.56,30.55,30.57,50000000.0,50000000.0,0,0,0,0,0,0,0,0,0,0,0,0,0,0,0,0,0,0,0,0,0,0,0,0,0,0,106,2026-02-07 01:49:48.477006
ATB,62.76,62.75,62.77,50000000.0,50000000.0,0,0,0,0,0,0,0,0,0,0,0,0,0,0,0,0,0,0,0,0,0,0,0,0,0,0,106,2026-02-07 01:49:48.477006
SPK,55.63,55.62,55.64,50000000.0,50000000.0,0,0,0,0,0,0,0,0,0,0,0,0,0,0,0,0,0,0,0,0,0,0,0,0,0,0,106,2026-02-07 01:49:48.477006
EEC,53.51,53.5,53.52,50000000.0,50000000.0,0,0,0,0,0,0,0,0,0,0,0,0,0,0,0,0,0,0,0,0,0,0,0,0,0,0,106,2026-02-07 01:49:48.477006
TGX,42.72,42.71,42.73,50000000.0,50000000.0,0,0,0,0,0,0,0,0,0,0,0,0,0,0,0,0,0,0,0,0,0,0,0,0,0,0,107,2026-02-07 01:49:49.526941
PHR,46.48,46.47,46.49,50000000.0,50000000.0,0,0,0,0,0,0,0,0,0,0,0,0,0,0,0,0,0,0,0,0,0,0,0,0,0,0,107,2026-02-07 01:49:49.526941
BYL,41.26,41.25,41.27,50000000.0,50000000.0,0,0,0,0,0,0,0,0,0,0,0,0,0,0,0,0,0,0,0,0,0,0,0,0,0,0,107,2026-02-07 01:49:49.526941
CLD,73.7,73.69,73.71,50000000.0,50000000.0,0,0,0,0,0,0,0,0,0,0,0,0,0,0,0,0,0,0,0,0,0,0,0,0,0,0,107,2026-02-07 01:49:49.526941
GGD,32.26,32.25,32.27,50000000.0,50000000.0,0,0,0,0,0,0,0,0,0,0,0,0,0,0,0,0,0,0,0,0,0,0,0,0,0,0,107,2026-02-07 01:49:49.526941
PNR,60.92,60.91,60.93,50000000.0,50000000.0,0,0,0,0,0,0,0,0,0,0,0,0,0,0,0,0,0,0,0,0,0,0,0,0,0,0,107,2026-02-07 01:49:49.526941
FSR,30.56,30.55,30.57,50000000.0,50000000.0,0,0,0,0,0,0,0,0,0,0,0,0,0,0,0,0,0,0,0,0,0,0,0,0,0,0,107,2026-02-07 01:49:49.526941
ATB,62.64,62.63,62.65,50000000.0,50000000.0,0,0,0,0,0,0,0,0,0,0,0,0,0,0,0,0,0,0,0,0,0,0,0,0,0,0,107,2026-02-07 01:49:49.526941
SPK,55.66,55.65,55.67,50000000.0,50000000.0,0,0,0,0,0,0,0,0,0,0,0,0,0,0,0,0,0,0,0,0,0,0,0,0,0,0,107,2026-02-07 01:49:49.526941
EEC,53.59,53.58,53.6,50000000.0,50000000.0,0,0,0,0,0,0,0,0,0,0,0,0,0,0,0,0,0,0,0,0,0,0,0,0,0,0,107,2026-02-07 01:49:49.526941
TGX,42.76,42.75,42.77,50000000.0,50000000.0,0,0,0,0,0,0,0,0,0,0,0,0,0,0,0,0,0,0,0,0,0,0,0,0,0,0,108,2026-02-07 01:49:50.574236
PHR,46.7,46.69,46.71,50000000.0,50000000.0,0,0,0,0,0,0,0,0,0,0,0,0,0,0,0,0,0,0,0,0,0,0,0,0,0,0,108,2026-02-07 01:49:50.574236
BYL,41.06,41.05,41.07,50000000.0,50000000.0,0,0,0,0,0,0,0,0,0,0,0,0,0,0,0,0,0,0,0,0,0,0,0,0,0,0,108,2026-02-07 01:49:50.574236
CLD,73.26,73.25,73.27,50000000.0,50000000.0,0,0,0,0,0,0,0,0,0,0,0,0,0,0,0,0,0,0,0,0,0,0,0,0,0,0,108,2026-02-07 01:49:50.574236
GGD,32.33,32.32,32.34,50000000.0,50000000.0,0,0,0,0,0,0,0,0,0,0,0,0,0,0,0,0,0,0,0,0,0,0,0,0,0,0,108,2026-02-07 01:49:50.574236
PNR,60.94,60.93,60.95,50000000.0,50000000.0,0,0,0,0,0,0,0,0,0,0,0,0,0,0,0,0,0,0,0,0,0,0,0,0,0,0,108,2026-02-07 01:49:50.574236
FSR,30.56,30.55,30.57,50000000.0,50000000.0,0,0,0,0,0,0,0,0,0,0,0,0,0,0,0,0,0,0,0,0,0,0,0,0,0,0,108,2026-02-07 01:49:50.574236
ATB,62.69,62.68,62.7,50000000.0,50000000.0,0,0,0,0,0,0,0,0,0,0,0,0,0,0,0,0,0,0,0,0,0,0,0,0,0,0,108,2026-02-07 01:49:50.574236
SPK,55.72,55.71,55.73,50000000.0,50000000.0,0,0,0,0,0,0,0,0,0,0,0,0,0,0,0,0,0,0,0,0,0,0,0,0,0,0,108,2026-02-07 01:49:50.574236
EEC,53.71,53.7,53.72,50000000.0,50000000.0,0,0,0,0,0,0,0,0,0,0,0,0,0,0,0,0,0,0,0,0,0,0,0,0,0,0,108,2026-02-07 01:49:50.574236
TGX,42.77,42.76,42.78,50000000.0,50000000.0,0,0,0,0,0,0,0,0,0,0,0,0,0,0,0,0,0,0,0,0,0,0,0,0,0,0,109,2026-02-07 01:49:51.625265
PHR,46.81,46.8,46.82,50000000.0,50000000.0,0,0,0,0,0,0,0,0,0,0,0,0,0,0,0,0,0,0,0,0,0,0,0,0,0,0,109,2026-02-07 01:49:51.625265
BYL,41.06,41.05,41.07,50000000.0,50000000.0,0,0,0,0,0,0,0,0,0,0,0,0,0,0,0,0,0,0,0,0,0,0,0,0,0,0,109,2026-02-07 01:49:51.625265
CLD,73.12,73.11,73.13,50000000.0,50000000.0,0,0,0,0,0,0,0,0,0,0,0,0,0,0,0,0,0,0,0,0,0,0,0,0,0,0,109,2026-02-07 01:49:51.625265
GGD,32.32,32.31,32.33,50000000.0,50000000.0,0,0,0,0,0,0,0,0,0,0,0,0,0,0,0,0,0,0,0,0,0,0,0,0,0,0,109,2026-02-07 01:49:51.625265
PNR,60.77,60.76,60.78,50000000.0,50000000.0,0,0,0,0,0,0,0,0,0,0,0,0,0,0,0,0,0,0,0,0,0,0,0,0,0,0,109,2026-02-07 01:49:51.625265
FSR,30.57,30.56,30.58,50000000.0,50000000.0,0,0,0,0,0,0,0,0,0,0,0,0,0,0,0,0,0,0,0,0,0,0,0,0,0,0,109,2026-02-07 01:49:51.625265
ATB,62.77,62.76,62.78,50000000.0,50000000.0,0,0,0,0,0,0,0,0,0,0,0,0,0,0,0,0,0,0,0,0,0,0,0,0,0,0,109,2026-02-07 01:49:51.625265
SPK,55.83,55.82,55.84,50000000.0,50000000.0,0,0,0,0,0,0,0,0,0,0,0,0,0,0,0,0,0,0,0,0,0,0,0,0,0,0,109,2026-02-07 01:49:51.625265
EEC,53.96,53.95,53.97,50000000.0,50000000.0,0,0,0,0,0,0,0,0,0,0,0,0,0,0,0,0,0,0,0,0,0,0,0,0,0,0,109,2026-02-07 01:49:51.625265
TGX,42.75,42.74,42.76,50000000.0,50000000.0,0,0,0,0,0,0,0,0,0,0,0,0,0,0,0,0,0,0,0,0,0,0,0,0,0,0,110,2026-02-07 01:49:52.706402
PHR,46.81,46.8,46.82,50000000.0,50000000.0,0,0,0,0,0,0,0,0,0,0,0,0,0,0,0,0,0,0,0,0,0,0,0,0,0,0,110,2026-02-07 01:49:52.706402
BYL,41.13,41.12,41.14,50000000.0,50000000.0,0,0,0,0,0,0,0,0,0,0,0,0,0,0,0,0,0,0,0,0,0,0,0,0,0,0,110,2026-02-07 01:49:52.706402
CLD,73.21,73.2,73.22,50000000.0,50000000.0,0,0,0,0,0,0,0,0,0,0,0,0,0,0,0,0,0,0,0,0,0,0,0,0,0,0,110,2026-02-07 01:49:52.706402
GGD,32.37,32.36,32.38,50000000.0,50000000.0,0,0,0,0,0,0,0,0,0,0,0,0,0,0,0,0,0,0,0,0,0,0,0,0,0,0,110,2026-02-07 01:49:52.706402
PNR,60.75,60.74,60.76,50000000.0,50000000.0,0,0,0,0,0,0,0,0,0,0,0,0,0,0,0,0,0,0,0,0,0,0,0,0,0,0,110,2026-02-07 01:49:52.706402
FSR,30.59,30.58,30.6,50000000.0,50000000.0,0,0,0,0,0,0,0,0,0,0,0,0,0,0,0,0,0,0,0,0,0,0,0,0,0,0,110,2026-02-07 01:49:52.706402
ATB,62.85,62.84,62.86,50000000.0,50000000.0,0,0,0,0,0,0,0,0,0,0,0,0,0,0,0,0,0,0,0,0,0,0,0,0,0,0,110,2026-02-07 01:49:52.706402
SPK,55.91,55.9,55.92,50000000.0,50000000.0,0,0,0,0,0,0,0,0,0,0,0,0,0,0,0,0,0,0,0,0,0,0,0,0,0,0,110,2026-02-07 01:49:52.706402
EEC,54.09,54.08,54.1,50000000.0,50000000.0,0,0,0,0,0,0,0,0,0,0,0,0,0,0,0,0,0,0,0,0,0,0,0,0,0,0,110,2026-02-07 01:49:52.706402
TGX,42.74,42.73,42.75,50000000.0,50000000.0,0,0,0,0,0,0,0,0,0,0,0,0,0,0,0,0,0,0,0,0,0,0,0,0,0,0,111,2026-02-07 01:49:53.766965
PHR,47.13,47.12,47.14,50000000.0,50000000.0,0,0,0,0,0,0,0,0,0,0,0,0,0,0,0,0,0,0,0,0,0,0,0,0,0,0,111,2026-02-07 01:49:53.766965
BYL,41.07,41.06,41.08,50000000.0,50000000.0,0,0,0,0,0,0,0,0,0,0,0,0,0,0,0,0,0,0,0,0,0,0,0,0,0,0,111,2026-02-07 01:49:53.766965
CLD,73.02,73.01,73.03,50000000.0,50000000.0,0,0,0,0,0,0,0,0,0,0,0,0,0,0,0,0,0,0,0,0,0,0,0,0,0,0,111,2026-02-07 01:49:53.766965
GGD,32.37,32.36,32.38,50000000.0,50000000.0,0,0,0,0,0,0,0,0,0,0,0,0,0,0,0,0,0,0,0,0,0,0,0,0,0,0,111,2026-02-07 01:49:53.766965
PNR,60.57,60.56,60.58,50000000.0,50000000.0,0,0,0,0,0,0,0,0,0,0,0,0,0,0,0,0,0,0,0,0,0,0,0,0,0,0,111,2026-02-07 01:49:53.766965
FSR,30.63,30.62,30.64,50000000.0,50000000.0,0,0,0,0,0,0,0,0,0,0,0,0,0,0,0,0,0,0,0,0,0,0,0,0,0,0,111,2026-02-07 01:49:53.766965
ATB,62.97,62.96,62.98,50000000.0,50000000.0,0,0,0,0,0,0,0,0,0,0,0,0,0,0,0,0,0,0,0,0,0,0,0,0,0,0,111,2026-02-07 01:49:53.766965
SPK,55.89,55.88,55.9,50000000.0,50000000.0,0,0,0,0,0,0,0,0,0,0,0,0,0,0,0,0,0,0,0,0,0,0,0,0,0,0,111,2026-02-07 01:49:53.766965
EEC,54.04,54.03,54.05,50000000.0,50000000.0,0,0,0,0,0,0,0,0,0,0,0,0,0,0,0,0,0,0,0,0,0,0,0,0,0,0,111,2026-02-07 01:49:53.766965
TGX,42.71,42.7,42.72,50000000.0,50000000.0,0,0,0,0,0,0,0,0,0,0,0,0,0,0,0,0,0,0,0,0,0,0,0,0,0,0,112,2026-02-07 01:49:54.313192
PHR,47.14,47.13,47.15,50000000.0,50000000.0,0,0,0,0,0,0,0,0,0,0,0,0,0,0,0,0,0,0,0,0,0,0,0,0,0,0,112,2026-02-07 01:49:54.313192
BYL,41.17,41.16,41.18,50000000.0,50000000.0,0,0,0,0,0,0,0,0,0,0,0,0,0,0,0,0,0,0,0,0,0,0,0,0,0,0,112,2026-02-07 01:49:54.313192
CLD,73.34,73.33,73.35,50000000.0,50000000.0,0,0,0,0,0,0,0,0,0,0,0,0,0,0,0,0,0,0,0,0,0,0,0,0,0,0,112,2026-02-07 01:49:54.313192
GGD,32.34,32.33,32.35,50000000.0,50000000.0,0,0,0,0,0,0,0,0,0,0,0,0,0,0,0,0,0,0,0,0,0,0,0,0,0,0,112,2026-02-07 01:49:54.313192
PNR,60.56,60.55,60.57,50000000.0,50000000.0,0,0,0,0,0,0,0,0,0,0,0,0,0,0,0,0,0,0,0,0,0,0,0,0,0,0,112,2026-02-07 01:49:54.313192
FSR,30.6,30.59,30.61,50000000.0,50000000.0,0,0,0,0,0,0,0,0,0,0,0,0,0,0,0,0,0,0,0,0,0,0,0,0,0,0,112,2026-02-07 01:49:54.313192
ATB,62.98,62.97,62.99,50000000.0,50000000.0,0,0,0,0,0,0,0,0,0,0,0,0,0,0,0,0,0,0,0,0,0,0,0,0,0,0,112,2026-02-07 01:49:54.313192
SPK,56.07,56.06,56.08,50000000.0,50000000.0,0,0,0,0,0,0,0,0,0,0,0,0,0,0,0,0,0,0,0,0,0,0,0,0,0,0,112,2026-02-07 01:49:54.313192
EEC,54.36,54.35,54.37,50000000.0,50000000.0,0,0,0,0,0,0,0,0,0,0,0,0,0,0,0,0,0,0,0,0,0,0,0,0,0,0,112,2026-02-07 01:49:54.313192
TGX,42.76,42.75,42.77,50000000.0,50000000.0,0,0,0,0,0,0,0,0,0,0,0,0,0,0,0,0,0,0,0,0,0,0,0,0,0,0,113,2026-02-07 01:49:55.498736
PHR,47.17,47.16,47.18,50000000.0,50000000.0,0,0,0,0,0,0,0,0,0,0,0,0,0,0,0,0,0,0,0,0,0,0,0,0,0,0,113,2026-02-07 01:49:55.498736
BYL,41.51,41.5,41.52,50000000.0,50000000.0,0,0,0,0,0,0,0,0,0,0,0,0,0,0,0,0,0,0,0,0,0,0,0,0,0,0,113,2026-02-07 01:49:55.498736
CLD,74.18,74.17,74.19,50000000.0,50000000.0,0,0,0,0,0,0,0,0,0,0,0,0,0,0,0,0,0,0,0,0,0,0,0,0,0,0,113,2026-02-07 01:49:55.498736
GGD,32.36,32.35,32.37,50000000.0,50000000.0,0,0,0,0,0,0,0,0,0,0,0,0,0,0,0,0,0,0,0,0,0,0,0,0,0,0,113,2026-02-07 01:49:55.498736
PNR,60.42,60.41,60.43,50000000.0,50000000.0,0,0,0,0,0,0,0,0,0,0,0,0,0,0,0,0,0,0,0,0,0,0,0,0,0,0,113,2026-02-07 01:49:55.498736
FSR,30.62,30.61,30.63,50000000.0,50000000.0,0,0,0,0,0,0,0,0,0,0,0,0,0,0,0,0,0,0,0,0,0,0,0,0,0,0,113,2026-02-07 01:49:55.498736
ATB,62.97,62.96,62.98,50000000.0,50000000.0,0,0,0,0,0,0,0,0,0,0,0,0,0,0,0,0,0,0,0,0,0,0,0,0,0,0,113,2026-02-07 01:49:55.498736
SPK,55.91,55.9,55.92,50000000.0,50000000.0,0,0,0,0,0,0,0,0,0,0,0,0,0,0,0,0,0,0,0,0,0,0,0,0,0,0,113,2026-02-07 01:49:55.498736
EEC,54.12,54.11,54.13,50000000.0,50000000.0,0,0,0,0,0,0,0,0,0,0,0,0,0,0,0,0,0,0,0,0,0,0,0,0,0,0,113,2026-02-07 01:49:55.498736
TGX,42.76,42.75,42.77,50000000.0,50000000.0,0,0,0,0,0,0,0,0,0,0,0,0,0,0,0,0,0,0,0,0,0,0,0,0,0,0,114,2026-02-07 01:49:56.555545
PHR,47.45,47.44,47.46,50000000.0,50000000.0,0,0,0,0,0,0,0,0,0,0,0,0,0,0,0,0,0,0,0,0,0,0,0,0,0,0,114,2026-02-07 01:49:56.555545
BYL,41.1,41.09,41.11,50000000.0,50000000.0,0,0,0,0,0,0,0,0,0,0,0,0,0,0,0,0,0,0,0,0,0,0,0,0,0,0,114,2026-02-07 01:49:56.555545
CLD,73.31,73.3,73.32,50000000.0,50000000.0,0,0,0,0,0,0,0,0,0,0,0,0,0,0,0,0,0,0,0,0,0,0,0,0,0,0,114,2026-02-07 01:49:56.555545
GGD,32.38,32.37,32.39,50000000.0,50000000.0,0,0,0,0,0,0,0,0,0,0,0,0,0,0,0,0,0,0,0,0,0,0,0,0,0,0,114,2026-02-07 01:49:56.555545
PNR,60.47,60.46,60.48,50000000.0,50000000.0,0,0,0,0,0,0,0,0,0,0,0,0,0,0,0,0,0,0,0,0,0,0,0,0,0,0,114,2026-02-07 01:49:56.555545
FSR,30.63,30.62,30.64,50000000.0,50000000.0,0,0,0,0,0,0,0,0,0,0,0,0,0,0,0,0,0,0,0,0,0,0,0,0,0,0,114,2026-02-07 01:49:56.555545
ATB,62.62,62.61,62.63,50000000.0,50000000.0,0,0,0,0,0,0,0,0,0,0,0,0,0,0,0,0,0,0,0,0,0,0,0,0,0,0,114,2026-02-07 01:49:56.555545
SPK,55.96,55.95,55.97,50000000.0,50000000.0,0,0,0,0,0,0,0,0,0,0,0,0,0,0,0,0,0,0,0,0,0,0,0,0,0,0,114,2026-02-07 01:49:56.555545
EEC,54.19,54.18,54.2,50000000.0,50000000.0,0,0,0,0,0,0,0,0,0,0,0,0,0,0,0,0,0,0,0,0,0,0,0,0,0,0,114,2026-02-07 01:49:56.555545
TGX,42.79,42.78,42.8,50000000.0,50000000.0,0,0,0,0,0,0,0,0,0,0,0,0,0,0,0,0,0,0,0,0,0,0,0,0,0,0,115,2026-02-07 01:49:57.603055
PHR,47.65,47.64,47.66,50000000.0,50000000.0,0,0,0,0,0,0,0,0,0,0,0,0,0,0,0,0,0,0,0,0,0,0,0,0,0,0,115,2026-02-07 01:49:57.603055
BYL,40.93,40.92,40.94,50000000.0,50000000.0,0,0,0,0,0,0,0,0,0,0,0,0,0,0,0,0,0,0,0,0,0,0,0,0,0,0,115,2026-02-07 01:49:57.603055
CLD,72.96,72.95,72.97,50000000.0,50000000.0,0,0,0,0,0,0,0,0,0,0,0,0,0,0,0,0,0,0,0,0,0,0,0,0,0,0,115,2026-02-07 01:49:57.603055
GGD,32.31,32.3,32.32,50000000.0,50000000.0,0,0,0,0,0,0,0,0,0,0,0,0,0,0,0,0,0,0,0,0,0,0,0,0,0,0,115,2026-02-07 01:49:57.603055
PNR,60.43,60.42,60.44,50000000.0,50000000.0,0,0,0,0,0,0,0,0,0,0,0,0,0,0,0,0,0,0,0,0,0,0,0,0,0,0,115,2026-02-07 01:49:57.603055
FSR,30.66,30.65,30.67,50000000.0,50000000.0,0,0,0,0,0,0,0,0,0,0,0,0,0,0,0,0,0,0,0,0,0,0,0,0,0,0,115,2026-02-07 01:49:57.603055
ATB,62.54,62.53,62.55,50000000.0,50000000.0,0,0,0,0,0,0,0,0,0,0,0,0,0,0,0,0,0,0,0,0,0,0,0,0,0,0,115,2026-02-07 01:49:57.603055
SPK,55.89,55.88,55.9,50000000.0,50000000.0,0,0,0,0,0,0,0,0,0,0,0,0,0,0,0,0,0,0,0,0,0,0,0,0,0,0,115,2026-02-07 01:49:57.603055
EEC,54.06,54.05,54.07,50000000.0,50000000.0,0,0,0,0,0,0,0,0,0,0,0,0,0,0,0,0,0,0,0,0,0,0,0,0,0,0,115,2026-02-07 01:49:57.603055
TGX,42.79,42.78,42.8,50000000.0,50000000.0,0,0,0,0,0,0,0,0,0,0,0,0,0,0,0,0,0,0,0,0,0,0,0,0,0,0,116,2026-02-07 01:49:58.671302
PHR,48.08,48.07,48.09,50000000.0,50000000.0,0,0,0,0,0,0,0,0,0,0,0,0,0,0,0,0,0,0,0,0,0,0,0,0,0,0,116,2026-02-07 01:49:58.671302
BYL,40.8,40.79,40.81,50000000.0,50000000.0,0,0,0,0,0,0,0,0,0,0,0,0,0,0,0,0,0,0,0,0,0,0,0,0,0,0,116,2026-02-07 01:49:58.671302
CLD,72.57,72.56,72.58,50000000.0,50000000.0,0,0,0,0,0,0,0,0,0,0,0,0,0,0,0,0,0,0,0,0,0,0,0,0,0,0,116,2026-02-07 01:49:58.671302
GGD,32.36,32.35,32.37,50000000.0,50000000.0,0,0,0,0,0,0,0,0,0,0,0,0,0,0,0,0,0,0,0,0,0,0,0,0,0,0,116,2026-02-07 01:49:58.671302
PNR,60.14,60.13,60.15,50000000.0,50000000.0,0,0,0,0,0,0,0,0,0,0,0,0,0,0,0,0,0,0,0,0,0,0,0,0,0,0,116,2026-02-07 01:49:58.671302
FSR,30.66,30.65,30.67,50000000.0,50000000.0,0,0,0,0,0,0,0,0,0,0,0,0,0,0,0,0,0,0,0,0,0,0,0,0,0,0,116,2026-02-07 01:49:58.671302
ATB,62.75,62.74,62.76,50000000.0,50000000.0,0,0,0,0,0,0,0,0,0,0,0,0,0,0,0,0,0,0,0,0,0,0,0,0,0,0,116,2026-02-07 01:49:58.671302
SPK,56.03,56.02,56.04,50000000.0,50000000.0,0,0,0,0,0,0,0,0,0,0,0,0,0,0,0,0,0,0,0,0,0,0,0,0,0,0,116,2026-02-07 01:49:58.671302
EEC,54.26,54.25,54.27,50000000.0,50000000.0,0,0,0,0,0,0,0,0,0,0,0,0,0,0,0,0,0,0,0,0,0,0,0,0,0,0,116,2026-02-07 01:49:58.671302
TGX,42.76,42.75,42.77,50000000.0,50000000.0,0,0,0,0,0,0,0,0,0,0,0,0,0,0,0,0,0,0,0,0,0,0,0,0,0,0,117,2026-02-07 01:49:59.741153
PHR,47.65,47.64,47.66,50000000.0,50000000.0,0,0,0,0,0,0,0,0,0,0,0,0,0,0,0,0,0,0,0,0,0,0,0,0,0,0,117,2026-02-07 01:49:59.741153
BYL,40.58,40.57,40.59,50000000.0,50000000.0,0,0,0,0,0,0,0,0,0,0,0,0,0,0,0,0,0,0,0,0,0,0,0,0,0,0,117,2026-02-07 01:49:59.741153
CLD,72.06,72.05,72.07,50000000.0,50000000.0,0,0,0,0,0,0,0,0,0,0,0,0,0,0,0,0,0,0,0,0,0,0,0,0,0,0,117,2026-02-07 01:49:59.741153
GGD,32.38,32.37,32.39,50000000.0,50000000.0,0,0,0,0,0,0,0,0,0,0,0,0,0,0,0,0,0,0,0,0,0,0,0,0,0,0,117,2026-02-07 01:49:59.741153
PNR,60.25,60.24,60.26,50000000.0,50000000.0,0,0,0,0,0,0,0,0,0,0,0,0,0,0,0,0,0,0,0,0,0,0,0,0,0,0,117,2026-02-07 01:49:59.741153
FSR,30.61,30.6,30.62,50000000.0,50000000.0,0,0,0,0,0,0,0,0,0,0,0,0,0,0,0,0,0,0,0,0,0,0,0,0,0,0,117,2026-02-07 01:49:59.741153
ATB,62.91,62.9,62.92,50000000.0,50000000.0,0,0,0,0,0,0,0,0,0,0,0,0,0,0,0,0,0,0,0,0,0,0,0,0,0,0,117,2026-02-07 01:49:59.741153
SPK,55.92,55.91,55.93,50000000.0,50000000.0,0,0,0,0,0,0,0,0,0,0,0,0,0,0,0,0,0,0,0,0,0,0,0,0,0,0,117,2026-02-07 01:49:59.741153
EEC,54.11,54.1,54.12,50000000.0,50000000.0,0,0,0,0,0,0,0,0,0,0,0,0,0,0,0,0,0,0,0,0,0,0,0,0,0,0,117,2026-02-07 01:49:59.741153
TGX,42.81,42.8,42.82,50000000.0,50000000.0,0,0,0,0,0,0,0,0,0,0,0,0,0,0,0,0,0,0,0,0,0,0,0,0,0,0,118,2026-02-07 01:50:00.784266
PHR,47.24,47.23,47.25,50000000.0,50000000.0,0,0,0,0,0,0,0,0,0,0,0,0,0,0,0,0,0,0,0,0,0,0,0,0,0,0,118,2026-02-07 01:50:00.784266
BYL,40.55,40.54,40.56,50000000.0,50000000.0,0,0,0,0,0,0,0,0,0,0,0,0,0,0,0,0,0,0,0,0,0,0,0,0,0,0,118,2026-02-07 01:50:00.784266
CLD,72.02,72.01,72.03,50000000.0,50000000.0,0,0,0,0,0,0,0,0,0,0,0,0,0,0,0,0,0,0,0,0,0,0,0,0,0,0,118,2026-02-07 01:50:00.784266
GGD,32.43,32.42,32.44,50000000.0,50000000.0,0,0,0,0,0,0,0,0,0,0,0,0,0,0,0,0,0,0,0,0,0,0,0,0,0,0,118,2026-02-07 01:50:00.784266
PNR,60.35,60.34,60.36,50000000.0,50000000.0,0,0,0,0,0,0,0,0,0,0,0,0,0,0,0,0,0,0,0,0,0,0,0,0,0,0,118,2026-02-07 01:50:00.784266
FSR,30.63,30.62,30.64,50000000.0,50000000.0,0,0,0,0,0,0,0,0,0,0,0,0,0,0,0,0,0,0,0,0,0,0,0,0,0,0,118,2026-02-07 01:50:00.784266
ATB,62.71,62.7,62.72,50000000.0,50000000.0,0,0,0,0,0,0,0,0,0,0,0,0,0,0,0,0,0,0,0,0,0,0,0,0,0,0,118,2026-02-07 01:50:00.784266
SPK,56.07,56.06,56.08,50000000.0,50000000.0,0,0,0,0,0,0,0,0,0,0,0,0,0,0,0,0,0,0,0,0,0,0,0,0,0,0,118,2026-02-07 01:50:00.784266
EEC,54.31,54.3,54.32,50000000.0,50000000.0,0,0,0,0,0,0,0,0,0,0,0,0,0,0,0,0,0,0,0,0,0,0,0,0,0,0,118,2026-02-07 01:50:00.784266
TGX,42.82,42.81,42.83,50000000.0,50000000.0,0,0,0,0,0,0,0,0,0,0,0,0,0,0,0,0,0,0,0,0,0,0,0,0,0,0,119,2026-02-07 01:50:01.827284
PHR,47.22,47.21,47.23,50000000.0,50000000.0,0,0,0,0,0,0,0,0,0,0,0,0,0,0,0,0,0,0,0,0,0,0,0,0,0,0,119,2026-02-07 01:50:01.827284
BYL,40.36,40.35,40.37,50000000.0,50000000.0,0,0,0,0,0,0,0,0,0,0,0,0,0,0,0,0,0,0,0,0,0,0,0,0,0,0,119,2026-02-07 01:50:01.827284
CLD,71.62,71.61,71.63,50000000.0,50000000.0,0,0,0,0,0,0,0,0,0,0,0,0,0,0,0,0,0,0,0,0,0,0,0,0,0,0,119,2026-02-07 01:50:01.827284
GGD,32.47,32.46,32.48,50000000.0,50000000.0,0,0,0,0,0,0,0,0,0,0,0,0,0,0,0,0,0,0,0,0,0,0,0,0,0,0,119,2026-02-07 01:50:01.827284
PNR,60.3,60.29,60.31,50000000.0,50000000.0,0,0,0,0,0,0,0,0,0,0,0,0,0,0,0,0,0,0,0,0,0,0,0,0,0,0,119,2026-02-07 01:50:01.827284
FSR,30.65,30.64,30.66,50000000.0,50000000.0,0,0,0,0,0,0,0,0,0,0,0,0,0,0,0,0,0,0,0,0,0,0,0,0,0,0,119,2026-02-07 01:50:01.827284
ATB,62.7,62.69,62.71,50000000.0,50000000.0,0,0,0,0,0,0,0,0,0,0,0,0,0,0,0,0,0,0,0,0,0,0,0,0,0,0,119,2026-02-07 01:50:01.827284
SPK,56.09,56.08,56.1,50000000.0,50000000.0,0,0,0,0,0,0,0,0,0,0,0,0,0,0,0,0,0,0,0,0,0,0,0,0,0,0,119,2026-02-07 01:50:01.827284
EEC,54.3,54.29,54.31,50000000.0,50000000.0,0,0,0,0,0,0,0,0,0,0,0,0,0,0,0,0,0,0,0,0,0,0,0,0,0,0,119,2026-02-07 01:50:01.827284
TGX,42.84,42.83,42.85,50000000.0,50000000.0,0,0,0,0,0,0,0,0,0,0,0,0,0,0,0,0,0,0,0,0,0,0,0,0,0,0,120,2026-02-07 01:50:02.372926
PHR,47.48,47.47,47.49,50000000.0,50000000.0,0,0,0,0,0,0,0,0,0,0,0,0,0,0,0,0,0,0,0,0,0,0,0,0,0,0,120,2026-02-07 01:50:02.372926
BYL,40.4,40.39,40.41,50000000.0,50000000.0,0,0,0,0,0,0,0,0,0,0,0,0,0,0,0,0,0,0,0,0,0,0,0,0,0,0,120,2026-02-07 01:50:02.372926
CLD,71.73,71.72,71.74,50000000.0,50000000.0,0,0,0,0,0,0,0,0,0,0,0,0,0,0,0,0,0,0,0,0,0,0,0,0,0,0,120,2026-02-07 01:50:02.372926
GGD,32.41,32.4,32.42,50000000.0,50000000.0,0,0,0,0,0,0,0,0,0,0,0,0,0,0,0,0,0,0,0,0,0,0,0,0,0,0,120,2026-02-07 01:50:02.372926
PNR,60.18,60.17,60.19,50000000.0,50000000.0,0,0,0,0,0,0,0,0,0,0,0,0,0,0,0,0,0,0,0,0,0,0,0,0,0,0,120,2026-02-07 01:50:02.372926
FSR,30.66,30.65,30.67,50000000.0,50000000.0,0,0,0,0,0,0,0,0,0,0,0,0,0,0,0,0,0,0,0,0,0,0,0,0,0,0,120,2026-02-07 01:50:02.372926
ATB,62.6,62.59,62.61,50000000.0,50000000.0,0,0,0,0,0,0,0,0,0,0,0,0,0,0,0,0,0,0,0,0,0,0,0,0,0,0,120,2026-02-07 01:50:02.372926
SPK,56.19,56.18,56.2,50000000.0,50000000.0,0,0,0,0,0,0,0,0,0,0,0,0,0,0,0,0,0,0,0,0,0,0,0,0,0,0,120,2026-02-07 01:50:02.372926
EEC,54.39,54.38,54.4,50000000.0,50000000.0,0,0,0,0,0,0,0,0,0,0,0,0,0,0,0,0,0,0,0,0,0,0,0,0,0,0,120,2026-02-07 01:50:02.372926
TGX,42.83,42.82,42.84,50000000.0,50000000.0,0,0,0,0,0,0,0,0,0,0,0,0,0,0,0,0,0,0,0,0,0,0,0,0,0,0,121,2026-02-07 01:50:03.433252
PHR,47.32,47.31,47.33,50000000.0,50000000.0,0,0,0,0,0,0,0,0,0,0,0,0,0,0,0,0,0,0,0,0,0,0,0,0,0,0,121,2026-02-07 01:50:03.433252
BYL,40.26,40.25,40.27,50000000.0,50000000.0,0,0,0,0,0,0,0,0,0,0,0,0,0,0,0,0,0,0,0,0,0,0,0,0,0,0,121,2026-02-07 01:50:03.433252
CLD,71.33,71.32,71.34,50000000.0,50000000.0,0,0,0,0,0,0,0,0,0,0,0,0,0,0,0,0,0,0,0,0,0,0,0,0,0,0,121,2026-02-07 01:50:03.433252
GGD,32.4,32.39,32.41,50000000.0,50000000.0,0,0,0,0,0,0,0,0,0,0,0,0,0,0,0,0,0,0,0,0,0,0,0,0,0,0,121,2026-02-07 01:50:03.433252
PNR,59.86,59.85,59.87,50000000.0,50000000.0,0,0,0,0,0,0,0,0,0,0,0,0,0,0,0,0,0,0,0,0,0,0,0,0,0,0,121,2026-02-07 01:50:03.433252
FSR,30.66,30.65,30.67,50000000.0,50000000.0,0,0,0,0,0,0,0,0,0,0,0,0,0,0,0,0,0,0,0,0,0,0,0,0,0,0,121,2026-02-07 01:50:03.433252
ATB,62.69,62.68,62.7,50000000.0,50000000.0,0,0,0,0,0,0,0,0,0,0,0,0,0,0,0,0,0,0,0,0,0,0,0,0,0,0,121,2026-02-07 01:50:03.433252
SPK,56.02,56.01,56.03,50000000.0,50000000.0,0,0,0,0,0,0,0,0,0,0,0,0,0,0,0,0,0,0,0,0,0,0,0,0,0,0,121,2026-02-07 01:50:03.433252
EEC,54.15,54.14,54.16,50000000.0,50000000.0,0,0,0,0,0,0,0,0,0,0,0,0,0,0,0,0,0,0,0,0,0,0,0,0,0,0,121,2026-02-07 01:50:03.433252
TGX,42.81,42.8,42.82,50000000.0,50000000.0,0,0,0,0,0,0,0,0,0,0,0,0,0,0,0,0,0,0,0,0,0,0,0,0,0,0,122,2026-02-07 01:50:04.477381
PHR,47.3,47.29,47.31,50000000.0,50000000.0,0,0,0,0,0,0,0,0,0,0,0,0,0,0,0,0,0,0,0,0,0,0,0,0,0,0,122,2026-02-07 01:50:04.477381
BYL,40.22,40.21,40.23,50000000.0,50000000.0,0,0,0,0,0,0,0,0,0,0,0,0,0,0,0,0,0,0,0,0,0,0,0,0,0,0,122,2026-02-07 01:50:04.477381
CLD,71.19,71.18,71.2,50000000.0,50000000.0,0,0,0,0,0,0,0,0,0,0,0,0,0,0,0,0,0,0,0,0,0,0,0,0,0,0,122,2026-02-07 01:50:04.477381
GGD,32.41,32.4,32.42,50000000.0,50000000.0,0,0,0,0,0,0,0,0,0,0,0,0,0,0,0,0,0,0,0,0,0,0,0,0,0,0,122,2026-02-07 01:50:04.477381
PNR,60.03,60.02,60.04,50000000.0,50000000.0,0,0,0,0,0,0,0,0,0,0,0,0,0,0,0,0,0,0,0,0,0,0,0,0,0,0,122,2026-02-07 01:50:04.477381
FSR,30.7,30.69,30.71,50000000.0,50000000.0,0,0,0,0,0,0,0,0,0,0,0,0,0,0,0,0,0,0,0,0,0,0,0,0,0,0,122,2026-02-07 01:50:04.477381
ATB,62.83,62.82,62.84,50000000.0,50000000.0,0,0,0,0,0,0,0,0,0,0,0,0,0,0,0,0,0,0,0,0,0,0,0,0,0,0,122,2026-02-07 01:50:04.477381
SPK,56.11,56.1,56.12,50000000.0,50000000.0,0,0,0,0,0,0,0,0,0,0,0,0,0,0,0,0,0,0,0,0,0,0,0,0,0,0,122,2026-02-07 01:50:04.477381
EEC,54.35,54.34,54.36,50000000.0,50000000.0,0,0,0,0,0,0,0,0,0,0,0,0,0,0,0,0,0,0,0,0,0,0,0,0,0,0,122,2026-02-07 01:50:04.477381
TGX,42.78,42.77,42.79,50000000.0,50000000.0,0,0,0,0,0,0,0,0,0,0,0,0,0,0,0,0,0,0,0,0,0,0,0,0,0,0,123,2026-02-07 01:50:05.533385
PHR,47.35,47.34,47.36,50000000.0,50000000.0,0,0,0,0,0,0,0,0,0,0,0,0,0,0,0,0,0,0,0,0,0,0,0,0,0,0,123,2026-02-07 01:50:05.533385
BYL,40.06,40.05,40.07,50000000.0,50000000.0,0,0,0,0,0,0,0,0,0,0,0,0,0,0,0,0,0,0,0,0,0,0,0,0,0,0,123,2026-02-07 01:50:05.533385
CLD,70.79,70.78,70.8,50000000.0,50000000.0,0,0,0,0,0,0,0,0,0,0,0,0,0,0,0,0,0,0,0,0,0,0,0,0,0,0,123,2026-02-07 01:50:05.533385
GGD,32.4,32.39,32.41,50000000.0,50000000.0,0,0,0,0,0,0,0,0,0,0,0,0,0,0,0,0,0,0,0,0,0,0,0,0,0,0,123,2026-02-07 01:50:05.533385
PNR,60.28,60.27,60.29,50000000.0,50000000.0,0,0,0,0,0,0,0,0,0,0,0,0,0,0,0,0,0,0,0,0,0,0,0,0,0,0,123,2026-02-07 01:50:05.533385
FSR,30.71,30.7,30.72,50000000.0,50000000.0,0,0,0,0,0,0,0,0,0,0,0,0,0,0,0,0,0,0,0,0,0,0,0,0,0,0,123,2026-02-07 01:50:05.533385
ATB,62.69,62.68,62.7,50000000.0,50000000.0,0,0,0,0,0,0,0,0,0,0,0,0,0,0,0,0,0,0,0,0,0,0,0,0,0,0,123,2026-02-07 01:50:05.533385
SPK,56.18,56.17,56.19,50000000.0,50000000.0,0,0,0,0,0,0,0,0,0,0,0,0,0,0,0,0,0,0,0,0,0,0,0,0,0,0,123,2026-02-07 01:50:05.533385
EEC,54.46,54.45,54.47,50000000.0,50000000.0,0,0,0,0,0,0,0,0,0,0,0,0,0,0,0,0,0,0,0,0,0,0,0,0,0,0,123,2026-02-07 01:50:05.533385
TGX,42.8,42.79,42.81,50000000.0,50000000.0,0,0,0,0,0,0,0,0,0,0,0,0,0,0,0,0,0,0,0,0,0,0,0,0,0,0,124,2026-02-07 01:50:06.582198
PHR,47.1,47.09,47.11,50000000.0,50000000.0,0,0,0,0,0,0,0,0,0,0,0,0,0,0,0,0,0,0,0,0,0,0,0,0,0,0,124,2026-02-07 01:50:06.582198
BYL,40.05,40.04,40.06,50000000.0,50000000.0,0,0,0,0,0,0,0,0,0,0,0,0,0,0,0,0,0,0,0,0,0,0,0,0,0,0,124,2026-02-07 01:50:06.582198
CLD,70.77,70.76,70.78,50000000.0,50000000.0,0,0,0,0,0,0,0,0,0,0,0,0,0,0,0,0,0,0,0,0,0,0,0,0,0,0,124,2026-02-07 01:50:06.582198
GGD,32.45,32.44,32.46,50000000.0,50000000.0,0,0,0,0,0,0,0,0,0,0,0,0,0,0,0,0,0,0,0,0,0,0,0,0,0,0,124,2026-02-07 01:50:06.582198
PNR,60.46,60.45,60.47,50000000.0,50000000.0,0,0,0,0,0,0,0,0,0,0,0,0,0,0,0,0,0,0,0,0,0,0,0,0,0,0,124,2026-02-07 01:50:06.582198
FSR,30.72,30.71,30.73,50000000.0,50000000.0,0,0,0,0,0,0,0,0,0,0,0,0,0,0,0,0,0,0,0,0,0,0,0,0,0,0,124,2026-02-07 01:50:06.582198
ATB,62.72,62.71,62.73,50000000.0,50000000.0,0,0,0,0,0,0,0,0,0,0,0,0,0,0,0,0,0,0,0,0,0,0,0,0,0,0,124,2026-02-07 01:50:06.582198
SPK,56.14,56.13,56.15,50000000.0,50000000.0,0,0,0,0,0,0,0,0,0,0,0,0,0,0,0,0,0,0,0,0,0,0,0,0,0,0,124,2026-02-07 01:50:06.582198
EEC,54.39,54.38,54.4,50000000.0,50000000.0,0,0,0,0,0,0,0,0,0,0,0,0,0,0,0,0,0,0,0,0,0,0,0,0,0,0,124,2026-02-07 01:50:06.582198
TGX,42.85,42.84,42.86,50000000.0,50000000.0,0,0,0,0,0,0,0,0,0,0,0,0,0,0,0,0,0,0,0,0,0,0,0,0,0,0,125,2026-02-07 01:50:07.640660
PHR,46.96,46.95,46.97,50000000.0,50000000.0,0,0,0,0,0,0,0,0,0,0,0,0,0,0,0,0,0,0,0,0,0,0,0,0,0,0,125,2026-02-07 01:50:07.640660
BYL,39.87,39.86,39.88,50000000.0,50000000.0,0,0,0,0,0,0,0,0,0,0,0,0,0,0,0,0,0,0,0,0,0,0,0,0,0,0,125,2026-02-07 01:50:07.640660
CLD,70.3,70.29,70.31,50000000.0,50000000.0,0,0,0,0,0,0,0,0,0,0,0,0,0,0,0,0,0,0,0,0,0,0,0,0,0,0,125,2026-02-07 01:50:07.640660
GGD,32.47,32.46,32.48,50000000.0,50000000.0,0,0,0,0,0,0,0,0,0,0,0,0,0,0,0,0,0,0,0,0,0,0,0,0,0,0,125,2026-02-07 01:50:07.640660
PNR,60.26,60.25,60.27,50000000.0,50000000.0,0,0,0,0,0,0,0,0,0,0,0,0,0,0,0,0,0,0,0,0,0,0,0,0,0,0,125,2026-02-07 01:50:07.640660
FSR,30.73,30.72,30.74,50000000.0,50000000.0,0,0,0,0,0,0,0,0,0,0,0,0,0,0,0,0,0,0,0,0,0,0,0,0,0,0,125,2026-02-07 01:50:07.640660
ATB,62.9,62.89,62.91,50000000.0,50000000.0,0,0,0,0,0,0,0,0,0,0,0,0,0,0,0,0,0,0,0,0,0,0,0,0,0,0,125,2026-02-07 01:50:07.640660
SPK,56.06,56.05,56.07,50000000.0,50000000.0,0,0,0,0,0,0,0,0,0,0,0,0,0,0,0,0,0,0,0,0,0,0,0,0,0,0,125,2026-02-07 01:50:07.640660
EEC,54.26,54.25,54.27,50000000.0,50000000.0,0,0,0,0,0,0,0,0,0,0,0,0,0,0,0,0,0,0,0,0,0,0,0,0,0,0,125,2026-02-07 01:50:07.640660
TGX,42.86,42.85,42.87,50000000.0,50000000.0,0,0,0,0,0,0,0,0,0,0,0,0,0,0,0,0,0,0,0,0,0,0,0,0,0,0,126,2026-02-07 01:50:08.708730
PHR,46.88,46.87,46.89,50000000.0,50000000.0,0,0,0,0,0,0,0,0,0,0,0,0,0,0,0,0,0,0,0,0,0,0,0,0,0,0,126,2026-02-07 01:50:08.708730
BYL,39.74,39.73,39.75,50000000.0,50000000.0,0,0,0,0,0,0,0,0,0,0,0,0,0,0,0,0,0,0,0,0,0,0,0,0,0,0,126,2026-02-07 01:50:08.708730
CLD,69.89,69.88,69.9,50000000.0,50000000.0,0,0,0,0,0,0,0,0,0,0,0,0,0,0,0,0,0,0,0,0,0,0,0,0,0,0,126,2026-02-07 01:50:08.708730
GGD,32.43,32.42,32.44,50000000.0,50000000.0,0,0,0,0,0,0,0,0,0,0,0,0,0,0,0,0,0,0,0,0,0,0,0,0,0,0,126,2026-02-07 01:50:08.708730
PNR,60.16,60.15,60.17,50000000.0,50000000.0,0,0,0,0,0,0,0,0,0,0,0,0,0,0,0,0,0,0,0,0,0,0,0,0,0,0,126,2026-02-07 01:50:08.708730
FSR,30.74,30.73,30.75,50000000.0,50000000.0,0,0,0,0,0,0,0,0,0,0,0,0,0,0,0,0,0,0,0,0,0,0,0,0,0,0,126,2026-02-07 01:50:08.708730
ATB,62.82,62.81,62.83,50000000.0,50000000.0,0,0,0,0,0,0,0,0,0,0,0,0,0,0,0,0,0,0,0,0,0,0,0,0,0,0,126,2026-02-07 01:50:08.708730
SPK,56.07,56.06,56.08,50000000.0,50000000.0,0,0,0,0,0,0,0,0,0,0,0,0,0,0,0,0,0,0,0,0,0,0,0,0,0,0,126,2026-02-07 01:50:08.708730
EEC,54.36,54.35,54.37,50000000.0,50000000.0,0,0,0,0,0,0,0,0,0,0,0,0,0,0,0,0,0,0,0,0,0,0,0,0,0,0,126,2026-02-07 01:50:08.708730
TGX,42.84,42.83,42.85,50000000.0,50000000.0,0,0,0,0,0,0,0,0,0,0,0,0,0,0,0,0,0,0,0,0,0,0,0,0,0,0,127,2026-02-07 01:50:09.765496
PHR,46.51,46.5,46.52,50000000.0,50000000.0,0,0,0,0,0,0,0,0,0,0,0,0,0,0,0,0,0,0,0,0,0,0,0,0,0,0,127,2026-02-07 01:50:09.765496
BYL,39.7,39.69,39.71,50000000.0,50000000.0,0,0,0,0,0,0,0,0,0,0,0,0,0,0,0,0,0,0,0,0,0,0,0,0,0,0,127,2026-02-07 01:50:09.765496
CLD,69.8,69.79,69.81,50000000.0,50000000.0,0,0,0,0,0,0,0,0,0,0,0,0,0,0,0,0,0,0,0,0,0,0,0,0,0,0,127,2026-02-07 01:50:09.765496
GGD,32.4,32.39,32.41,50000000.0,50000000.0,0,0,0,0,0,0,0,0,0,0,0,0,0,0,0,0,0,0,0,0,0,0,0,0,0,0,127,2026-02-07 01:50:09.765496
PNR,59.92,59.91,59.93,50000000.0,50000000.0,0,0,0,0,0,0,0,0,0,0,0,0,0,0,0,0,0,0,0,0,0,0,0,0,0,0,127,2026-02-07 01:50:09.765496
FSR,30.73,30.72,30.74,50000000.0,50000000.0,0,0,0,0,0,0,0,0,0,0,0,0,0,0,0,0,0,0,0,0,0,0,0,0,0,0,127,2026-02-07 01:50:09.765496
ATB,62.74,62.73,62.75,50000000.0,50000000.0,0,0,0,0,0,0,0,0,0,0,0,0,0,0,0,0,0,0,0,0,0,0,0,0,0,0,127,2026-02-07 01:50:09.765496
SPK,56.21,56.2,56.22,50000000.0,50000000.0,0,0,0,0,0,0,0,0,0,0,0,0,0,0,0,0,0,0,0,0,0,0,0,0,0,0,127,2026-02-07 01:50:09.765496
EEC,54.59,54.58,54.6,50000000.0,50000000.0,0,0,0,0,0,0,0,0,0,0,0,0,0,0,0,0,0,0,0,0,0,0,0,0,0,0,127,2026-02-07 01:50:09.765496
TGX,42.84,42.83,42.85,50000000.0,50000000.0,0,0,0,0,0,0,0,0,0,0,0,0,0,0,0,0,0,0,0,0,0,0,0,0,0,0,128,2026-02-07 01:50:10.822354
PHR,47.0,46.99,47.01,50000000.0,50000000.0,0,0,0,0,0,0,0,0,0,0,0,0,0,0,0,0,0,0,0,0,0,0,0,0,0,0,128,2026-02-07 01:50:10.822354
BYL,39.74,39.73,39.75,50000000.0,50000000.0,0,0,0,0,0,0,0,0,0,0,0,0,0,0,0,0,0,0,0,0,0,0,0,0,0,0,128,2026-02-07 01:50:10.822354
CLD,69.94,69.93,69.95,50000000.0,50000000.0,0,0,0,0,0,0,0,0,0,0,0,0,0,0,0,0,0,0,0,0,0,0,0,0,0,0,128,2026-02-07 01:50:10.822354
GGD,32.45,32.44,32.46,50000000.0,50000000.0,0,0,0,0,0,0,0,0,0,0,0,0,0,0,0,0,0,0,0,0,0,0,0,0,0,0,128,2026-02-07 01:50:10.822354
PNR,59.79,59.78,59.8,50000000.0,50000000.0,0,0,0,0,0,0,0,0,0,0,0,0,0,0,0,0,0,0,0,0,0,0,0,0,0,0,128,2026-02-07 01:50:10.822354
FSR,30.71,30.7,30.72,50000000.0,50000000.0,0,0,0,0,0,0,0,0,0,0,0,0,0,0,0,0,0,0,0,0,0,0,0,0,0,0,128,2026-02-07 01:50:10.822354
ATB,62.89,62.88,62.9,50000000.0,50000000.0,0,0,0,0,0,0,0,0,0,0,0,0,0,0,0,0,0,0,0,0,0,0,0,0,0,0,128,2026-02-07 01:50:10.822354
SPK,56.04,56.03,56.05,50000000.0,50000000.0,0,0,0,0,0,0,0,0,0,0,0,0,0,0,0,0,0,0,0,0,0,0,0,0,0,0,128,2026-02-07 01:50:10.822354
EEC,54.25,54.24,54.26,50000000.0,50000000.0,0,0,0,0,0,0,0,0,0,0,0,0,0,0,0,0,0,0,0,0,0,0,0,0,0,0,128,2026-02-07 01:50:10.822354
TGX,42.84,42.83,42.85,50000000.0,50000000.0,0,0,0,0,0,0,0,0,0,0,0,0,0,0,0,0,0,0,0,0,0,0,0,0,0,0,129,2026-02-07 01:50:11.870657
PHR,47.11,47.1,47.12,50000000.0,50000000.0,0,0,0,0,0,0,0,0,0,0,0,0,0,0,0,0,0,0,0,0,0,0,0,0,0,0,129,2026-02-07 01:50:11.870657
BYL,39.87,39.86,39.88,50000000.0,50000000.0,0,0,0,0,0,0,0,0,0,0,0,0,0,0,0,0,0,0,0,0,0,0,0,0,0,0,129,2026-02-07 01:50:11.870657
CLD,70.19,70.18,70.2,50000000.0,50000000.0,0,0,0,0,0,0,0,0,0,0,0,0,0,0,0,0,0,0,0,0,0,0,0,0,0,0,129,2026-02-07 01:50:11.870657
GGD,32.46,32.45,32.47,50000000.0,50000000.0,0,0,0,0,0,0,0,0,0,0,0,0,0,0,0,0,0,0,0,0,0,0,0,0,0,0,129,2026-02-07 01:50:11.870657
PNR,59.61,59.6,59.62,50000000.0,50000000.0,0,0,0,0,0,0,0,0,0,0,0,0,0,0,0,0,0,0,0,0,0,0,0,0,0,0,129,2026-02-07 01:50:11.870657
FSR,30.72,30.71,30.73,50000000.0,50000000.0,0,0,0,0,0,0,0,0,0,0,0,0,0,0,0,0,0,0,0,0,0,0,0,0,0,0,129,2026-02-07 01:50:11.870657
ATB,62.85,62.84,62.86,50000000.0,50000000.0,0,0,0,0,0,0,0,0,0,0,0,0,0,0,0,0,0,0,0,0,0,0,0,0,0,0,129,2026-02-07 01:50:11.870657
SPK,56.13,56.12,56.14,50000000.0,50000000.0,0,0,0,0,0,0,0,0,0,0,0,0,0,0,0,0,0,0,0,0,0,0,0,0,0,0,129,2026-02-07 01:50:11.870657
EEC,54.42,54.41,54.43,50000000.0,50000000.0,0,0,0,0,0,0,0,0,0,0,0,0,0,0,0,0,0,0,0,0,0,0,0,0,0,0,129,2026-02-07 01:50:11.870657
TGX,42.83,42.82,42.84,50000000.0,50000000.0,0,0,0,0,0,0,0,0,0,0,0,0,0,0,0,0,0,0,0,0,0,0,0,0,0,0,130,2026-02-07 01:50:12.420780
PHR,46.61,46.6,46.62,50000000.0,50000000.0,0,0,0,0,0,0,0,0,0,0,0,0,0,0,0,0,0,0,0,0,0,0,0,0,0,0,130,2026-02-07 01:50:12.420780
BYL,39.9,39.89,39.91,50000000.0,50000000.0,0,0,0,0,0,0,0,0,0,0,0,0,0,0,0,0,0,0,0,0,0,0,0,0,0,0,130,2026-02-07 01:50:12.420780
CLD,70.22,70.21,70.23,50000000.0,50000000.0,0,0,0,0,0,0,0,0,0,0,0,0,0,0,0,0,0,0,0,0,0,0,0,0,0,0,130,2026-02-07 01:50:12.420780
GGD,32.4,32.39,32.41,50000000.0,50000000.0,0,0,0,0,0,0,0,0,0,0,0,0,0,0,0,0,0,0,0,0,0,0,0,0,0,0,130,2026-02-07 01:50:12.420780
PNR,59.52,59.51,59.53,50000000.0,50000000.0,0,0,0,0,0,0,0,0,0,0,0,0,0,0,0,0,0,0,0,0,0,0,0,0,0,0,130,2026-02-07 01:50:12.420780
FSR,30.69,30.68,30.7,50000000.0,50000000.0,0,0,0,0,0,0,0,0,0,0,0,0,0,0,0,0,0,0,0,0,0,0,0,0,0,0,130,2026-02-07 01:50:12.420780
ATB,62.87,62.86,62.88,50000000.0,50000000.0,0,0,0,0,0,0,0,0,0,0,0,0,0,0,0,0,0,0,0,0,0,0,0,0,0,0,130,2026-02-07 01:50:12.420780
SPK,56.11,56.1,56.12,50000000.0,50000000.0,0,0,0,0,0,0,0,0,0,0,0,0,0,0,0,0,0,0,0,0,0,0,0,0,0,0,130,2026-02-07 01:50:12.420780
EEC,54.4,54.39,54.41,50000000.0,50000000.0,0,0,0,0,0,0,0,0,0,0,0,0,0,0,0,0,0,0,0,0,0,0,0,0,0,0,130,2026-02-07 01:50:12.420780
TGX,42.83,42.82,42.84,50000000.0,50000000.0,0,0,0,0,0,0,0,0,0,0,0,0,0,0,0,0,0,0,0,0,0,0,0,0,0,0,131,2026-02-07 01:50:13.518678,7.0,1.0,130.0,D2-BYL/CLD,Termination Fee Structure Disclosed,Merger agreement includes $420M termination fee payable under specified circumstances.
PHR,46.55,46.54,46.56,50000000.0,50000000.0,0,0,0,0,0,0,0,0,0,0,0,0,0,0,0,0,0,0,0,0,0,0,0,0,0,0,131,2026-02-07 01:50:13.518678,,,,,,
BYL,39.95,39.94,39.96,50000000.0,50000000.0,0,0,0,0,0,0,0,0,0,0,0,0,0,0,0,0,0,0,0,0,0,0,0,0,0,0,131,2026-02-07 01:50:13.518678,,,,,,
CLD,70.28,70.27,70.29,50000000.0,50000000.0,0,0,0,0,0,0,0,0,0,0,0,0,0,0,0,0,0,0,0,0,0,0,0,0,0,0,131,2026-02-07 01:50:13.518678,,,,,,
GGD,32.36,32.35,32.37,50000000.0,50000000.0,0,0,0,0,0,0,0,0,0,0,0,0,0,0,0,0,0,0,0,0,0,0,0,0,0,0,131,2026-02-07 01:50:13.518678,,,,,,
PNR,59.45,59.44,59.46,50000000.0,50000000.0,0,0,0,0,0,0,0,0,0,0,0,0,0,0,0,0,0,0,0,0,0,0,0,0,0,0,131,2026-02-07 01:50:13.518678,,,,,,
FSR,30.67,30.66,30.68,50000000.0,50000000.0,0,0,0,0,0,0,0,0,0,0,0,0,0,0,0,0,0,0,0,0,0,0,0,0,0,0,131,2026-02-07 01:50:13.518678,,,,,,
ATB,62.64,62.63,62.65,50000000.0,50000000.0,0,0,0,0,0,0,0,0,0,0,0,0,0,0,0,0,0,0,0,0,0,0,0,0,0,0,131,2026-02-07 01:50:13.518678,,,,,,
SPK,56.3,56.29,56.31,50000000.0,50000000.0,0,0,0,0,0,0,0,0,0,0,0,0,0,0,0,0,0,0,0,0,0,0,0,0,0,0,131,2026-02-07 01:50:13.518678,,,,,,
EEC,54.79,54.78,54.8,50000000.0,50000000.0,0,0,0,0,0,0,0,0,0,0,0,0,0,0,0,0,0,0,0,0,0,0,0,0,0,0,131,2026-02-07 01:50:13.518678,,,,,,
TGX,42.85,42.84,42.86,50000000.0,50000000.0,0,0,0,0,0,0,0,0,0,0,0,0,0,0,0,0,0,0,0,0,0,0,0,0,0,0,132,2026-02-07 01:50:14.701627
PHR,46.61,46.6,46.62,50000000.0,50000000.0,0,0,0,0,0,0,0,0,0,0,0,0,0,0,0,0,0,0,0,0,0,0,0,0,0,0,132,2026-02-07 01:50:14.701627
BYL,39.98,39.97,39.99,50000000.0,50000000.0,0,0,0,0,0,0,0,0,0,0,0,0,0,0,0,0,0,0,0,0,0,0,0,0,0,0,132,2026-02-07 01:50:14.701627
CLD,70.29,70.28,70.3,50000000.0,50000000.0,0,0,0,0,0,0,0,0,0,0,0,0,0,0,0,0,0,0,0,0,0,0,0,0,0,0,132,2026-02-07 01:50:14.701627
GGD,32.31,32.3,32.32,50000000.0,50000000.0,0,0,0,0,0,0,0,0,0,0,0,0,0,0,0,0,0,0,0,0,0,0,0,0,0,0,132,2026-02-07 01:50:14.701627
PNR,59.62,59.61,59.63,50000000.0,50000000.0,0,0,0,0,0,0,0,0,0,0,0,0,0,0,0,0,0,0,0,0,0,0,0,0,0,0,132,2026-02-07 01:50:14.701627
FSR,30.69,30.68,30.7,50000000.0,50000000.0,0,0,0,0,0,0,0,0,0,0,0,0,0,0,0,0,0,0,0,0,0,0,0,0,0,0,132,2026-02-07 01:50:14.701627
ATB,62.68,62.67,62.69,50000000.0,50000000.0,0,0,0,0,0,0,0,0,0,0,0,0,0,0,0,0,0,0,0,0,0,0,0,0,0,0,132,2026-02-07 01:50:14.701627
SPK,56.18,56.17,56.19,50000000.0,50000000.0,0,0,0,0,0,0,0,0,0,0,0,0,0,0,0,0,0,0,0,0,0,0,0,0,0,0,132,2026-02-07 01:50:14.701627
EEC,54.64,54.63,54.65,50000000.0,50000000.0,0,0,0,0,0,0,0,0,0,0,0,0,0,0,0,0,0,0,0,0,0,0,0,0,0,0,132,2026-02-07 01:50:14.701627
TGX,42.88,42.87,42.89,50000000.0,50000000.0,0,0,0,0,0,0,0,0,0,0,0,0,0,0,0,0,0,0,0,0,0,0,0,0,0,0,133,2026-02-07 01:50:15.747662
PHR,46.34,46.33,46.35,50000000.0,50000000.0,0,0,0,0,0,0,0,0,0,0,0,0,0,0,0,0,0,0,0,0,0,0,0,0,0,0,133,2026-02-07 01:50:15.747662
BYL,39.88,39.87,39.89,50000000.0,50000000.0,0,0,0,0,0,0,0,0,0,0,0,0,0,0,0,0,0,0,0,0,0,0,0,0,0,0,133,2026-02-07 01:50:15.747662
CLD,70.07,70.06,70.08,50000000.0,50000000.0,0,0,0,0,0,0,0,0,0,0,0,0,0,0,0,0,0,0,0,0,0,0,0,0,0,0,133,2026-02-07 01:50:15.747662
GGD,32.28,32.27,32.29,50000000.0,50000000.0,0,0,0,0,0,0,0,0,0,0,0,0,0,0,0,0,0,0,0,0,0,0,0,0,0,0,133,2026-02-07 01:50:15.747662
PNR,59.62,59.61,59.63,50000000.0,50000000.0,0,0,0,0,0,0,0,0,0,0,0,0,0,0,0,0,0,0,0,0,0,0,0,0,0,0,133,2026-02-07 01:50:15.747662
FSR,30.7,30.69,30.71,50000000.0,50000000.0,0,0,0,0,0,0,0,0,0,0,0,0,0,0,0,0,0,0,0,0,0,0,0,0,0,0,133,2026-02-07 01:50:15.747662
ATB,62.57,62.56,62.58,50000000.0,50000000.0,0,0,0,0,0,0,0,0,0,0,0,0,0,0,0,0,0,0,0,0,0,0,0,0,0,0,133,2026-02-07 01:50:15.747662
SPK,56.23,56.22,56.24,50000000.0,50000000.0,0,0,0,0,0,0,0,0,0,0,0,0,0,0,0,0,0,0,0,0,0,0,0,0,0,0,133,2026-02-07 01:50:15.747662
EEC,54.78,54.77,54.79,50000000.0,50000000.0,0,0,0,0,0,0,0,0,0,0,0,0,0,0,0,0,0,0,0,0,0,0,0,0,0,0,133,2026-02-07 01:50:15.747662
TGX,42.87,42.86,42.88,50000000.0,50000000.0,0,0,0,0,0,0,0,0,0,0,0,0,0,0,0,0,0,0,0,0,0,0,0,0,0,0,134,2026-02-07 01:50:16.790398,9.0,1.0,133.0,D5-SPK/EEC,Counsel Provides Updated Risk Factor Disclosure,Legal counsel for SolarPeak has filed an amended proxy statement containing updated risk factor disclosures related to the pending EastEnergy transaction. The amendments include both newly identified risks and downward revisions to previously disclosed risk factors. Proxy specialists note that such amendments can reflect routine legal diligence or may signal evolving conditions that counsel believes warrant additional shareholder attention.
PHR,46.53,46.52,46.54,50000000.0,50000000.0,0,0,0,0,0,0,0,0,0,0,0,0,0,0,0,0,0,0,0,0,0,0,0,0,0,0,134,2026-02-07 01:50:16.790398,8.0,1.0,133.0,D2-BYL/CLD,Glass Lewis Recommends Approval,Leading proxy advisor Glass Lewis issues favorable report citing strategic rationale and attractive valuation.
BYL,39.96,39.95,39.97,50000000.0,50000000.0,0,0,0,0,0,0,0,0,0,0,0,0,0,0,0,0,0,0,0,0,0,0,0,0,0,0,134,2026-02-07 01:50:16.790398,,,,,,
CLD,70.41,70.4,70.42,50000000.0,50000000.0,0,0,0,0,0,0,0,0,0,0,0,0,0,0,0,0,0,0,0,0,0,0,0,0,0,0,134,2026-02-07 01:50:16.790398,,,,,,
GGD,32.32,32.31,32.33,50000000.0,50000000.0,0,0,0,0,0,0,0,0,0,0,0,0,0,0,0,0,0,0,0,0,0,0,0,0,0,0,134,2026-02-07 01:50:16.790398,,,,,,
PNR,59.73,59.72,59.74,50000000.0,50000000.0,0,0,0,0,0,0,0,0,0,0,0,0,0,0,0,0,0,0,0,0,0,0,0,0,0,0,134,2026-02-07 01:50:16.790398,,,,,,
FSR,30.68,30.67,30.69,50000000.0,50000000.0,0,0,0,0,0,0,0,0,0,0,0,0,0,0,0,0,0,0,0,0,0,0,0,0,0,0,134,2026-02-07 01:50:16.790398,,,,,,
ATB,62.43,62.42,62.44,50000000.0,50000000.0,0,0,0,0,0,0,0,0,0,0,0,0,0,0,0,0,0,0,0,0,0,0,0,0,0,0,134,2026-02-07 01:50:16.790398,,,,,,
SPK,55.83,55.82,55.84,50000000.0,50000000.0,0,0,0,0,0,0,0,0,0,0,0,0,0,0,0,0,0,0,0,0,0,0,0,0,0,0,134,2026-02-07 01:50:16.790398,,,,,,
EEC,54.11,54.1,54.12,50000000.0,50000000.0,0,0,0,0,0,0,0,0,0,0,0,0,0,0,0,0,0,0,0,0,0,0,0,0,0,0,134,2026-02-07 01:50:16.790398,,,,,,
TGX,42.8,42.79,42.81,50000000.0,50000000.0,0,0,0,0,0,0,0,0,0,0,0,0,0,0,0,0,0,0,0,0,0,0,0,0,0,0,135,2026-02-07 01:50:17.842179
PHR,46.45,46.44,46.46,50000000.0,50000000.0,0,0,0,0,0,0,0,0,0,0,0,0,0,0,0,0,0,0,0,0,0,0,0,0,0,0,135,2026-02-07 01:50:17.842179
BYL,40.17,40.16,40.18,50000000.0,50000000.0,0,0,0,0,0,0,0,0,0,0,0,0,0,0,0,0,0,0,0,0,0,0,0,0,0,0,135,2026-02-07 01:50:17.842179
CLD,71.01,71.0,71.02,50000000.0,50000000.0,0,0,0,0,0,0,0,0,0,0,0,0,0,0,0,0,0,0,0,0,0,0,0,0,0,0,135,2026-02-07 01:50:17.842179
GGD,32.25,32.24,32.26,50000000.0,50000000.0,0,0,0,0,0,0,0,0,0,0,0,0,0,0,0,0,0,0,0,0,0,0,0,0,0,0,135,2026-02-07 01:50:17.842179
PNR,59.46,59.45,59.47,50000000.0,50000000.0,0,0,0,0,0,0,0,0,0,0,0,0,0,0,0,0,0,0,0,0,0,0,0,0,0,0,135,2026-02-07 01:50:17.842179
FSR,30.71,30.7,30.72,50000000.0,50000000.0,0,0,0,0,0,0,0,0,0,0,0,0,0,0,0,0,0,0,0,0,0,0,0,0,0,0,135,2026-02-07 01:50:17.842179
ATB,62.42,62.41,62.43,50000000.0,50000000.0,0,0,0,0,0,0,0,0,0,0,0,0,0,0,0,0,0,0,0,0,0,0,0,0,0,0,135,2026-02-07 01:50:17.842179
SPK,55.78,55.77,55.79,50000000.0,50000000.0,0,0,0,0,0,0,0,0,0,0,0,0,0,0,0,0,0,0,0,0,0,0,0,0,0,0,135,2026-02-07 01:50:17.842179
EEC,54.03,54.02,54.04,50000000.0,50000000.0,0,0,0,0,0,0,0,0,0,0,0,0,0,0,0,0,0,0,0,0,0,0,0,0,0,0,135,2026-02-07 01:50:17.842179
TGX,42.77,42.76,42.78,50000000.0,50000000.0,0,0,0,0,0,0,0,0,0,0,0,0,0,0,0,0,0,0,0,0,0,0,0,0,0,0,136,2026-02-07 01:50:18.879500
PHR,46.64,46.63,46.65,50000000.0,50000000.0,0,0,0,0,0,0,0,0,0,0,0,0,0,0,0,0,0,0,0,0,0,0,0,0,0,0,136,2026-02-07 01:50:18.879500
BYL,40.2,40.19,40.21,50000000.0,50000000.0,0,0,0,0,0,0,0,0,0,0,0,0,0,0,0,0,0,0,0,0,0,0,0,0,0,0,136,2026-02-07 01:50:18.879500
CLD,71.12,71.11,71.13,50000000.0,50000000.0,0,0,0,0,0,0,0,0,0,0,0,0,0,0,0,0,0,0,0,0,0,0,0,0,0,0,136,2026-02-07 01:50:18.879500
GGD,32.19,32.18,32.2,50000000.0,50000000.0,0,0,0,0,0,0,0,0,0,0,0,0,0,0,0,0,0,0,0,0,0,0,0,0,0,0,136,2026-02-07 01:50:18.879500
PNR,59.08,59.07,59.09,50000000.0,50000000.0,0,0,0,0,0,0,0,0,0,0,0,0,0,0,0,0,0,0,0,0,0,0,0,0,0,0,136,2026-02-07 01:50:18.879500
FSR,30.68,30.67,30.69,50000000.0,50000000.0,0,0,0,0,0,0,0,0,0,0,0,0,0,0,0,0,0,0,0,0,0,0,0,0,0,0,136,2026-02-07 01:50:18.879500
ATB,62.36,62.35,62.37,50000000.0,50000000.0,0,0,0,0,0,0,0,0,0,0,0,0,0,0,0,0,0,0,0,0,0,0,0,0,0,0,136,2026-02-07 01:50:18.879500
SPK,55.94,55.93,55.95,50000000.0,50000000.0,0,0,0,0,0,0,0,0,0,0,0,0,0,0,0,0,0,0,0,0,0,0,0,0,0,0,136,2026-02-07 01:50:18.879500
EEC,54.36,54.35,54.37,50000000.0,50000000.0,0,0,0,0,0,0,0,0,0,0,0,0,0,0,0,0,0,0,0,0,0,0,0,0,0,0,136,2026-02-07 01:50:18.879500
TGX,42.78,42.77,42.79,50000000.0,50000000.0,0,0,0,0,0,0,0,0,0,0,0,0,0,0,0,0,0,0,0,0,0,0,0,0,0,0,137,2026-02-07 01:50:19.917531,10.0,1.0,136.0,D3-GGD/PNR,Industry Conference Generates Transaction Speculation,"Attendees at a major energy infrastructure conference report heightened corridor discussion regarding the GreenGrid/PetroNorth transaction, with mixed signals from industry executives and advisors. Some sources describe renewed interest from potential strategic parties, while others characterize the speculation as routine conference chatter without substantive backing. No formal approaches have been confirmed through regulatory filings."
PHR,46.89,46.88,46.9,50000000.0,50000000.0,0,0,0,0,0,0,0,0,0,0,0,0,0,0,0,0,0,0,0,0,0,0,0,0,0,0,137,2026-02-07 01:50:19.917531,,,,,,
BYL,40.38,40.37,40.39,50000000.0,50000000.0,0,0,0,0,0,0,0,0,0,0,0,0,0,0,0,0,0,0,0,0,0,0,0,0,0,0,137,2026-02-07 01:50:19.917531,,,,,,
CLD,71.53,71.52,71.54,50000000.0,50000000.0,0,0,0,0,0,0,0,0,0,0,0,0,0,0,0,0,0,0,0,0,0,0,0,0,0,0,137,2026-02-07 01:50:19.917531,,,,,,
GGD,32.13,32.12,32.14,50000000.0,50000000.0,0,0,0,0,0,0,0,0,0,0,0,0,0,0,0,0,0,0,0,0,0,0,0,0,0,0,137,2026-02-07 01:50:19.917531,,,,,,
PNR,59.27,59.26,59.28,50000000.0,50000000.0,0,0,0,0,0,0,0,0,0,0,0,0,0,0,0,0,0,0,0,0,0,0,0,0,0,0,137,2026-02-07 01:50:19.917531,,,,,,
FSR,30.68,30.67,30.69,50000000.0,50000000.0,0,0,0,0,0,0,0,0,0,0,0,0,0,0,0,0,0,0,0,0,0,0,0,0,0,0,137,2026-02-07 01:50:19.917531,,,,,,
ATB,62.18,62.17,62.19,50000000.0,50000000.0,0,0,0,0,0,0,0,0,0,0,0,0,0,0,0,0,0,0,0,0,0,0,0,0,0,0,137,2026-02-07 01:50:19.917531,,,,,,
SPK,55.99,55.98,56.0,50000000.0,50000000.0,0,0,0,0,0,0,0,0,0,0,0,0,0,0,0,0,0,0,0,0,0,0,0,0,0,0,137,2026-02-07 01:50:19.917531,,,,,,
EEC,54.51,54.5,54.52,50000000.0,50000000.0,0,0,0,0,0,0,0,0,0,0,0,0,0,0,0,0,0,0,0,0,0,0,0,0,0,0,137,2026-02-07 01:50:19.917531,,,,,,
TGX,42.73,42.72,42.74,50000000.0,50000000.0,0,0,0,0,0,0,0,0,0,0,0,0,0,0,0,0,0,0,0,0,0,0,0,0,0,0,138,2026-02-07 01:50:20.462235
PHR,46.88,46.87,46.89,50000000.0,50000000.0,0,0,0,0,0,0,0,0,0,0,0,0,0,0,0,0,0,0,0,0,0,0,0,0,0,0,138,2026-02-07 01:50:20.462235
BYL,40.42,40.41,40.43,50000000.0,50000000.0,0,0,0,0,0,0,0,0,0,0,0,0,0,0,0,0,0,0,0,0,0,0,0,0,0,0,138,2026-02-07 01:50:20.462235
CLD,71.57,71.56,71.58,50000000.0,50000000.0,0,0,0,0,0,0,0,0,0,0,0,0,0,0,0,0,0,0,0,0,0,0,0,0,0,0,138,2026-02-07 01:50:20.462235
GGD,32.09,32.08,32.1,50000000.0,50000000.0,0,0,0,0,0,0,0,0,0,0,0,0,0,0,0,0,0,0,0,0,0,0,0,0,0,0,138,2026-02-07 01:50:20.462235
PNR,59.1,59.09,59.11,50000000.0,50000000.0,0,0,0,0,0,0,0,0,0,0,0,0,0,0,0,0,0,0,0,0,0,0,0,0,0,0,138,2026-02-07 01:50:20.462235
FSR,30.66,30.65,30.67,50000000.0,50000000.0,0,0,0,0,0,0,0,0,0,0,0,0,0,0,0,0,0,0,0,0,0,0,0,0,0,0,138,2026-02-07 01:50:20.462235
ATB,62.13,62.12,62.14,50000000.0,50000000.0,0,0,0,0,0,0,0,0,0,0,0,0,0,0,0,0,0,0,0,0,0,0,0,0,0,0,138,2026-02-07 01:50:20.462235
SPK,56.16,56.15,56.17,50000000.0,50000000.0,0,0,0,0,0,0,0,0,0,0,0,0,0,0,0,0,0,0,0,0,0,0,0,0,0,0,138,2026-02-07 01:50:20.462235
EEC,54.76,54.75,54.77,50000000.0,50000000.0,0,0,0,0,0,0,0,0,0,0,0,0,0,0,0,0,0,0,0,0,0,0,0,0,0,0,138,2026-02-07 01:50:20.462235
TGX,42.73,42.72,42.74,50000000.0,50000000.0,0,0,0,0,0,0,0,0,0,0,0,0,0,0,0,0,0,0,0,0,0,0,0,0,0,0,139,2026-02-07 01:50:21.561135,11.0,1.0,138.0,D1-TGX/PHR,Proxy Advisory Firm ISS Recommends Approval,"Institutional Shareholder Services issues a report recommending TGX shareholders vote in favor of the transaction, citing attractive premium and strategic rationale."
PHR,47.01,47.0,47.02,50000000.0,50000000.0,0,0,0,0,0,0,0,0,0,0,0,0,0,0,0,0,0,0,0,0,0,0,0,0,0,0,139,2026-02-07 01:50:21.561135,,,,,,
BYL,40.46,40.45,40.47,50000000.0,50000000.0,0,0,0,0,0,0,0,0,0,0,0,0,0,0,0,0,0,0,0,0,0,0,0,0,0,0,139,2026-02-07 01:50:21.561135,,,,,,
CLD,71.68,71.67,71.69,50000000.0,50000000.0,0,0,0,0,0,0,0,0,0,0,0,0,0,0,0,0,0,0,0,0,0,0,0,0,0,0,139,2026-02-07 01:50:21.561135,,,,,,
GGD,32.09,32.08,32.1,50000000.0,50000000.0,0,0,0,0,0,0,0,0,0,0,0,0,0,0,0,0,0,0,0,0,0,0,0,0,0,0,139,2026-02-07 01:50:21.561135,,,,,,
PNR,58.97,58.96,58.98,50000000.0,50000000.0,0,0,0,0,0,0,0,0,0,0,0,0,0,0,0,0,0,0,0,0,0,0,0,0,0,0,139,2026-02-07 01:50:21.561135,,,,,,
FSR,30.64,30.63,30.65,50000000.0,50000000.0,0,0,0,0,0,0,0,0,0,0,0,0,0,0,0,0,0,0,0,0,0,0,0,0,0,0,139,2026-02-07 01:50:21.561135,,,,,,
ATB,62.08,62.07,62.09,50000000.0,50000000.0,0,0,0,0,0,0,0,0,0,0,0,0,0,0,0,0,0,0,0,0,0,0,0,0,0,0,139,2026-02-07 01:50:21.561135,,,,,,
SPK,56.18,56.17,56.19,50000000.0,50000000.0,0,0,0,0,0,0,0,0,0,0,0,0,0,0,0,0,0,0,0,0,0,0,0,0,0,0,139,2026-02-07 01:50:21.561135,,,,,,
EEC,54.74,54.73,54.75,50000000.0,50000000.0,0,0,0,0,0,0,0,0,0,0,0,0,0,0,0,0,0,0,0,0,0,0,0,0,0,0,139,2026-02-07 01:50:21.561135,,,,,,
TGX,42.76,42.75,42.77,50000000.0,50000000.0,0,0,0,0,0,0,0,0,0,0,0,0,0,0,0,0,0,0,0,0,0,0,0,0,0,0,140,2026-02-07 01:50:22.642238
PHR,47.27,47.26,47.28,50000000.0,50000000.0,0,0,0,0,0,0,0,0,0,0,0,0,0,0,0,0,0,0,0,0,0,0,0,0,0,0,140,2026-02-07 01:50:22.642238
BYL,40.15,40.14,40.16,50000000.0,50000000.0,0,0,0,0,0,0,0,0,0,0,0,0,0,0,0,0,0,0,0,0,0,0,0,0,0,0,140,2026-02-07 01:50:22.642238
CLD,71.06,71.05,71.07,50000000.0,50000000.0,0,0,0,0,0,0,0,0,0,0,0,0,0,0,0,0,0,0,0,0,0,0,0,0,0,0,140,2026-02-07 01:50:22.642238
GGD,32.14,32.13,32.15,50000000.0,50000000.0,0,0,0,0,0,0,0,0,0,0,0,0,0,0,0,0,0,0,0,0,0,0,0,0,0,0,140,2026-02-07 01:50:22.642238
PNR,59.08,59.07,59.09,50000000.0,50000000.0,0,0,0,0,0,0,0,0,0,0,0,0,0,0,0,0,0,0,0,0,0,0,0,0,0,0,140,2026-02-07 01:50:22.642238
FSR,30.68,30.67,30.69,50000000.0,50000000.0,0,0,0,0,0,0,0,0,0,0,0,0,0,0,0,0,0,0,0,0,0,0,0,0,0,0,140,2026-02-07 01:50:22.642238
ATB,62.14,62.13,62.15,50000000.0,50000000.0,0,0,0,0,0,0,0,0,0,0,0,0,0,0,0,0,0,0,0,0,0,0,0,0,0,0,140,2026-02-07 01:50:22.642238
SPK,56.31,56.3,56.32,50000000.0,50000000.0,0,0,0,0,0,0,0,0,0,0,0,0,0,0,0,0,0,0,0,0,0,0,0,0,0,0,140,2026-02-07 01:50:22.642238
EEC,54.99,54.98,55.0,50000000.0,50000000.0,0,0,0,0,0,0,0,0,0,0,0,0,0,0,0,0,0,0,0,0,0,0,0,0,0,0,140,2026-02-07 01:50:22.642238
TGX,42.83,42.82,42.84,50000000.0,50000000.0,0,0,0,0,0,0,0,0,0,0,0,0,0,0,0,0,0,0,0,0,0,0,0,0,0,0,141,2026-02-07 01:50:23.716148
PHR,47.31,47.3,47.32,50000000.0,50000000.0,0,0,0,0,0,0,0,0,0,0,0,0,0,0,0,0,0,0,0,0,0,0,0,0,0,0,141,2026-02-07 01:50:23.716148
BYL,39.98,39.97,39.99,50000000.0,50000000.0,0,0,0,0,0,0,0,0,0,0,0,0,0,0,0,0,0,0,0,0,0,0,0,0,0,0,141,2026-02-07 01:50:23.716148
CLD,70.66,70.65,70.67,50000000.0,50000000.0,0,0,0,0,0,0,0,0,0,0,0,0,0,0,0,0,0,0,0,0,0,0,0,0,0,0,141,2026-02-07 01:50:23.716148
GGD,32.11,32.1,32.12,50000000.0,50000000.0,0,0,0,0,0,0,0,0,0,0,0,0,0,0,0,0,0,0,0,0,0,0,0,0,0,0,141,2026-02-07 01:50:23.716148
PNR,59.13,59.12,59.14,50000000.0,50000000.0,0,0,0,0,0,0,0,0,0,0,0,0,0,0,0,0,0,0,0,0,0,0,0,0,0,0,141,2026-02-07 01:50:23.716148
FSR,30.71,30.7,30.72,50000000.0,50000000.0,0,0,0,0,0,0,0,0,0,0,0,0,0,0,0,0,0,0,0,0,0,0,0,0,0,0,141,2026-02-07 01:50:23.716148
ATB,62.21,62.2,62.22,50000000.0,50000000.0,0,0,0,0,0,0,0,0,0,0,0,0,0,0,0,0,0,0,0,0,0,0,0,0,0,0,141,2026-02-07 01:50:23.716148
SPK,56.58,56.57,56.59,50000000.0,50000000.0,0,0,0,0,0,0,0,0,0,0,0,0,0,0,0,0,0,0,0,0,0,0,0,0,0,0,141,2026-02-07 01:50:23.716148
EEC,55.39,55.38,55.4,50000000.0,50000000.0,0,0,0,0,0,0,0,0,0,0,0,0,0,0,0,0,0,0,0,0,0,0,0,0,0,0,141,2026-02-07 01:50:23.716148
TGX,42.82,42.81,42.83,50000000.0,50000000.0,0,0,0,0,0,0,0,0,0,0,0,0,0,0,0,0,0,0,0,0,0,0,0,0,0,0,142,2026-02-07 01:50:24.818066,12.0,1.0,141.0,D4-FSR/ATB,Unusual Institutional Trading Activity Observed in FSR,"Market data providers have flagged elevated block trading activity in FinSure shares over the past several sessions, with several large institutional orders executed through dark pools. The direction and motivation behind the flows remain unclear, with some observers attributing them to merger arbitrage fund repositioning and others speculating about potential changes in institutional voting intentions ahead of the shareholder meeting."
PHR,47.22,47.21,47.23,50000000.0,50000000.0,0,0,0,0,0,0,0,0,0,0,0,0,0,0,0,0,0,0,0,0,0,0,0,0,0,0,142,2026-02-07 01:50:24.818066,,,,,,
BYL,40.12,40.11,40.13,50000000.0,50000000.0,0,0,0,0,0,0,0,0,0,0,0,0,0,0,0,0,0,0,0,0,0,0,0,0,0,0,142,2026-02-07 01:50:24.818066,,,,,,
CLD,70.99,70.98,71.0,50000000.0,50000000.0,0,0,0,0,0,0,0,0,0,0,0,0,0,0,0,0,0,0,0,0,0,0,0,0,0,0,142,2026-02-07 01:50:24.818066,,,,,,
GGD,32.04,32.03,32.05,50000000.0,50000000.0,0,0,0,0,0,0,0,0,0,0,0,0,0,0,0,0,0,0,0,0,0,0,0,0,0,0,142,2026-02-07 01:50:24.818066,,,,,,
PNR,59.16,59.15,59.17,50000000.0,50000000.0,0,0,0,0,0,0,0,0,0,0,0,0,0,0,0,0,0,0,0,0,0,0,0,0,0,0,142,2026-02-07 01:50:24.818066,,,,,,
FSR,30.67,30.66,30.68,50000000.0,50000000.0,0,0,0,0,0,0,0,0,0,0,0,0,0,0,0,0,0,0,0,0,0,0,0,0,0,0,142,2026-02-07 01:50:24.818066,,,,,,
ATB,62.19,62.18,62.2,50000000.0,50000000.0,0,0,0,0,0,0,0,0,0,0,0,0,0,0,0,0,0,0,0,0,0,0,0,0,0,0,142,2026-02-07 01:50:24.818066,,,,,,
SPK,56.42,56.41,56.43,50000000.0,50000000.0,0,0,0,0,0,0,0,0,0,0,0,0,0,0,0,0,0,0,0,0,0,0,0,0,0,0,142,2026-02-07 01:50:24.818066,,,,,,
EEC,55.2,55.19,55.21,50000000.0,50000000.0,0,0,0,0,0,0,0,0,0,0,0,0,0,0,0,0,0,0,0,0,0,0,0,0,0,0,142,2026-02-07 01:50:24.818066,,,,,,
TGX,42.8,42.79,42.81,50000000.0,50000000.0,0,0,0,0,0,0,0,0,0,0,0,0,0,0,0,0,0,0,0,0,0,0,0,0,0,0,143,2026-02-07 01:50:25.884818
PHR,47.02,47.01,47.03,50000000.0,50000000.0,0,0,0,0,0,0,0,0,0,0,0,0,0,0,0,0,0,0,0,0,0,0,0,0,0,0,143,2026-02-07 01:50:25.884818
BYL,39.83,39.82,39.84,50000000.0,50000000.0,0,0,0,0,0,0,0,0,0,0,0,0,0,0,0,0,0,0,0,0,0,0,0,0,0,0,143,2026-02-07 01:50:25.884818
CLD,70.32,70.31,70.33,50000000.0,50000000.0,0,0,0,0,0,0,0,0,0,0,0,0,0,0,0,0,0,0,0,0,0,0,0,0,0,0,143,2026-02-07 01:50:25.884818
GGD,32.09,32.08,32.1,50000000.0,50000000.0,0,0,0,0,0,0,0,0,0,0,0,0,0,0,0,0,0,0,0,0,0,0,0,0,0,0,143,2026-02-07 01:50:25.884818
PNR,59.13,59.12,59.14,50000000.0,50000000.0,0,0,0,0,0,0,0,0,0,0,0,0,0,0,0,0,0,0,0,0,0,0,0,0,0,0,143,2026-02-07 01:50:25.884818
FSR,30.67,30.66,30.68,50000000.0,50000000.0,0,0,0,0,0,0,0,0,0,0,0,0,0,0,0,0,0,0,0,0,0,0,0,0,0,0,143,2026-02-07 01:50:25.884818
ATB,62.18,62.17,62.19,50000000.0,50000000.0,0,0,0,0,0,0,0,0,0,0,0,0,0,0,0,0,0,0,0,0,0,0,0,0,0,0,143,2026-02-07 01:50:25.884818
SPK,56.51,56.5,56.52,50000000.0,50000000.0,0,0,0,0,0,0,0,0,0,0,0,0,0,0,0,0,0,0,0,0,0,0,0,0,0,0,143,2026-02-07 01:50:25.884818
EEC,55.34,55.33,55.35,50000000.0,50000000.0,0,0,0,0,0,0,0,0,0,0,0,0,0,0,0,0,0,0,0,0,0,0,0,0,0,0,143,2026-02-07 01:50:25.884818
TGX,42.79,42.78,42.8,50000000.0,50000000.0,0,0,0,0,0,0,0,0,0,0,0,0,0,0,0,0,0,0,0,0,0,0,0,0,0,0,144,2026-02-07 01:50:26.932731
PHR,47.21,47.2,47.22,50000000.0,50000000.0,0,0,0,0,0,0,0,0,0,0,0,0,0,0,0,0,0,0,0,0,0,0,0,0,0,0,144,2026-02-07 01:50:26.932731
BYL,39.91,39.9,39.92,50000000.0,50000000.0,0,0,0,0,0,0,0,0,0,0,0,0,0,0,0,0,0,0,0,0,0,0,0,0,0,0,144,2026-02-07 01:50:26.932731
CLD,70.47,70.46,70.48,50000000.0,50000000.0,0,0,0,0,0,0,0,0,0,0,0,0,0,0,0,0,0,0,0,0,0,0,0,0,0,0,144,2026-02-07 01:50:26.932731
GGD,32.04,32.03,32.05,50000000.0,50000000.0,0,0,0,0,0,0,0,0,0,0,0,0,0,0,0,0,0,0,0,0,0,0,0,0,0,0,144,2026-02-07 01:50:26.932731
PNR,59.1,59.09,59.11,50000000.0,50000000.0,0,0,0,0,0,0,0,0,0,0,0,0,0,0,0,0,0,0,0,0,0,0,0,0,0,0,144,2026-02-07 01:50:26.932731
FSR,30.68,30.67,30.69,50000000.0,50000000.0,0,0,0,0,0,0,0,0,0,0,0,0,0,0,0,0,0,0,0,0,0,0,0,0,0,0,144,2026-02-07 01:50:26.932731
ATB,62.33,62.32,62.34,50000000.0,50000000.0,0,0,0,0,0,0,0,0,0,0,0,0,0,0,0,0,0,0,0,0,0,0,0,0,0,0,144,2026-02-07 01:50:26.932731
SPK,56.66,56.65,56.67,50000000.0,50000000.0,0,0,0,0,0,0,0,0,0,0,0,0,0,0,0,0,0,0,0,0,0,0,0,0,0,0,144,2026-02-07 01:50:26.932731
EEC,55.54,55.53,55.55,50000000.0,50000000.0,0,0,0,0,0,0,0,0,0,0,0,0,0,0,0,0,0,0,0,0,0,0,0,0,0,0,144,2026-02-07 01:50:26.932731
TGX,42.79,42.78,42.8,50000000.0,50000000.0,0,0,0,0,0,0,0,0,0,0,0,0,0,0,0,0,0,0,0,0,0,0,0,0,0,0,145,2026-02-07 01:50:27.482033
PHR,47.22,47.21,47.23,50000000.0,50000000.0,0,0,0,0,0,0,0,0,0,0,0,0,0,0,0,0,0,0,0,0,0,0,0,0,0,0,145,2026-02-07 01:50:27.482033
BYL,39.83,39.82,39.84,50000000.0,50000000.0,0,0,0,0,0,0,0,0,0,0,0,0,0,0,0,0,0,0,0,0,0,0,0,0,0,0,145,2026-02-07 01:50:27.482033
CLD,70.4,70.39,70.41,50000000.0,50000000.0,0,0,0,0,0,0,0,0,0,0,0,0,0,0,0,0,0,0,0,0,0,0,0,0,0,0,145,2026-02-07 01:50:27.482033
GGD,31.94,31.93,31.95,50000000.0,50000000.0,0,0,0,0,0,0,0,0,0,0,0,0,0,0,0,0,0,0,0,0,0,0,0,0,0,0,145,2026-02-07 01:50:27.482033
PNR,58.63,58.62,58.64,50000000.0,50000000.0,0,0,0,0,0,0,0,0,0,0,0,0,0,0,0,0,0,0,0,0,0,0,0,0,0,0,145,2026-02-07 01:50:27.482033
FSR,30.74,30.73,30.75,50000000.0,50000000.0,0,0,0,0,0,0,0,0,0,0,0,0,0,0,0,0,0,0,0,0,0,0,0,0,0,0,145,2026-02-07 01:50:27.482033
ATB,62.44,62.43,62.45,50000000.0,50000000.0,0,0,0,0,0,0,0,0,0,0,0,0,0,0,0,0,0,0,0,0,0,0,0,0,0,0,145,2026-02-07 01:50:27.482033
SPK,56.64,56.63,56.65,50000000.0,50000000.0,0,0,0,0,0,0,0,0,0,0,0,0,0,0,0,0,0,0,0,0,0,0,0,0,0,0,145,2026-02-07 01:50:27.482033
EEC,55.55,55.54,55.56,50000000.0,50000000.0,0,0,0,0,0,0,0,0,0,0,0,0,0,0,0,0,0,0,0,0,0,0,0,0,0,0,145,2026-02-07 01:50:27.482033
TGX,42.81,42.8,42.82,50000000.0,50000000.0,0,0,0,0,0,0,0,0,0,0,0,0,0,0,0,0,0,0,0,0,0,0,0,0,0,0,146,2026-02-07 01:50:28.540737
PHR,46.87,46.86,46.88,50000000.0,50000000.0,0,0,0,0,0,0,0,0,0,0,0,0,0,0,0,0,0,0,0,0,0,0,0,0,0,0,146,2026-02-07 01:50:28.540737
BYL,41.44,41.43,41.45,50000000.0,50000000.0,0,0,0,0,0,0,0,0,0,0,0,0,0,0,0,0,0,0,0,0,0,0,0,0,0,0,146,2026-02-07 01:50:28.540737
CLD,70.72,70.71,70.73,50000000.0,50000000.0,0,0,0,0,0,0,0,0,0,0,0,0,0,0,0,0,0,0,0,0,0,0,0,0,0,0,146,2026-02-07 01:50:28.540737
GGD,31.95,31.94,31.96,50000000.0,50000000.0,0,0,0,0,0,0,0,0,0,0,0,0,0,0,0,0,0,0,0,0,0,0,0,0,0,0,146,2026-02-07 01:50:28.540737
PNR,58.6,58.59,58.61,50000000.0,50000000.0,0,0,0,0,0,0,0,0,0,0,0,0,0,0,0,0,0,0,0,0,0,0,0,0,0,0,146,2026-02-07 01:50:28.540737
FSR,30.73,30.72,30.74,50000000.0,50000000.0,0,0,0,0,0,0,0,0,0,0,0,0,0,0,0,0,0,0,0,0,0,0,0,0,0,0,146,2026-02-07 01:50:28.540737
ATB,62.36,62.35,62.37,50000000.0,50000000.0,0,0,0,0,0,0,0,0,0,0,0,0,0,0,0,0,0,0,0,0,0,0,0,0,0,0,146,2026-02-07 01:50:28.540737
SPK,56.8,56.79,56.81,50000000.0,50000000.0,0,0,0,0,0,0,0,0,0,0,0,0,0,0,0,0,0,0,0,0,0,0,0,0,0,0,146,2026-02-07 01:50:28.540737
EEC,55.86,55.85,55.87,50000000.0,50000000.0,0,0,0,0,0,0,0,0,0,0,0,0,0,0,0,0,0,0,0,0,0,0,0,0,0,0,146,2026-02-07 01:50:28.540737
TGX,42.83,42.82,42.84,50000000.0,50000000.0,0,0,0,0,0,0,0,0,0,0,0,0,0,0,0,0,0,0,0,0,0,0,0,0,0,0,147,2026-02-07 01:50:29.614330
PHR,46.59,46.58,46.6,50000000.0,50000000.0,0,0,0,0,0,0,0,0,0,0,0,0,0,0,0,0,0,0,0,0,0,0,0,0,0,0,147,2026-02-07 01:50:29.614330
BYL,41.45,41.44,41.46,50000000.0,50000000.0,0,0,0,0,0,0,0,0,0,0,0,0,0,0,0,0,0,0,0,0,0,0,0,0,0,0,147,2026-02-07 01:50:29.614330
CLD,70.68,70.67,70.69,50000000.0,50000000.0,0,0,0,0,0,0,0,0,0,0,0,0,0,0,0,0,0,0,0,0,0,0,0,0,0,0,147,2026-02-07 01:50:29.614330
GGD,31.98,31.97,31.99,50000000.0,50000000.0,0,0,0,0,0,0,0,0,0,0,0,0,0,0,0,0,0,0,0,0,0,0,0,0,0,0,147,2026-02-07 01:50:29.614330
PNR,58.89,58.88,58.9,50000000.0,50000000.0,0,0,0,0,0,0,0,0,0,0,0,0,0,0,0,0,0,0,0,0,0,0,0,0,0,0,147,2026-02-07 01:50:29.614330
FSR,30.78,30.77,30.79,50000000.0,50000000.0,0,0,0,0,0,0,0,0,0,0,0,0,0,0,0,0,0,0,0,0,0,0,0,0,0,0,147,2026-02-07 01:50:29.614330
ATB,62.3,62.29,62.31,50000000.0,50000000.0,0,0,0,0,0,0,0,0,0,0,0,0,0,0,0,0,0,0,0,0,0,0,0,0,0,0,147,2026-02-07 01:50:29.614330
SPK,56.83,56.82,56.84,50000000.0,50000000.0,0,0,0,0,0,0,0,0,0,0,0,0,0,0,0,0,0,0,0,0,0,0,0,0,0,0,147,2026-02-07 01:50:29.614330
EEC,55.87,55.86,55.88,50000000.0,50000000.0,0,0,0,0,0,0,0,0,0,0,0,0,0,0,0,0,0,0,0,0,0,0,0,0,0,0,147,2026-02-07 01:50:29.614330
TGX,42.84,42.83,42.85,50000000.0,50000000.0,0,0,0,0,0,0,0,0,0,0,0,0,0,0,0,0,0,0,0,0,0,0,0,0,0,0,148,2026-02-07 01:50:30.673744
PHR,47.03,47.02,47.04,50000000.0,50000000.0,0,0,0,0,0,0,0,0,0,0,0,0,0,0,0,0,0,0,0,0,0,0,0,0,0,0,148,2026-02-07 01:50:30.673744
BYL,41.46,41.45,41.47,50000000.0,50000000.0,0,0,0,0,0,0,0,0,0,0,0,0,0,0,0,0,0,0,0,0,0,0,0,0,0,0,148,2026-02-07 01:50:30.673744
CLD,70.73,70.72,70.74,50000000.0,50000000.0,0,0,0,0,0,0,0,0,0,0,0,0,0,0,0,0,0,0,0,0,0,0,0,0,0,0,148,2026-02-07 01:50:30.673744
GGD,32.01,32.0,32.02,50000000.0,50000000.0,0,0,0,0,0,0,0,0,0,0,0,0,0,0,0,0,0,0,0,0,0,0,0,0,0,0,148,2026-02-07 01:50:30.673744
PNR,59.1,59.09,59.11,50000000.0,50000000.0,0,0,0,0,0,0,0,0,0,0,0,0,0,0,0,0,0,0,0,0,0,0,0,0,0,0,148,2026-02-07 01:50:30.673744
FSR,30.77,30.76,30.78,50000000.0,50000000.0,0,0,0,0,0,0,0,0,0,0,0,0,0,0,0,0,0,0,0,0,0,0,0,0,0,0,148,2026-02-07 01:50:30.673744
ATB,62.28,62.27,62.29,50000000.0,50000000.0,0,0,0,0,0,0,0,0,0,0,0,0,0,0,0,0,0,0,0,0,0,0,0,0,0,0,148,2026-02-07 01:50:30.673744
SPK,56.78,56.77,56.79,50000000.0,50000000.0,0,0,0,0,0,0,0,0,0,0,0,0,0,0,0,0,0,0,0,0,0,0,0,0,0,0,148,2026-02-07 01:50:30.673744
EEC,55.76,55.75,55.77,50000000.0,50000000.0,0,0,0,0,0,0,0,0,0,0,0,0,0,0,0,0,0,0,0,0,0,0,0,0,0,0,148,2026-02-07 01:50:30.673744
TGX,42.84,42.83,42.85,50000000.0,50000000.0,0,0,0,0,0,0,0,0,0,0,0,0,0,0,0,0,0,0,0,0,0,0,0,0,0,0,149,2026-02-07 01:50:31.791807
PHR,46.86,46.85,46.87,50000000.0,50000000.0,0,0,0,0,0,0,0,0,0,0,0,0,0,0,0,0,0,0,0,0,0,0,0,0,0,0,149,2026-02-07 01:50:31.791807
BYL,41.3,41.29,41.31,50000000.0,50000000.0,0,0,0,0,0,0,0,0,0,0,0,0,0,0,0,0,0,0,0,0,0,0,0,0,0,0,149,2026-02-07 01:50:31.791807
CLD,70.35,70.34,70.36,50000000.0,50000000.0,0,0,0,0,0,0,0,0,0,0,0,0,0,0,0,0,0,0,0,0,0,0,0,0,0,0,149,2026-02-07 01:50:31.791807
GGD,32.04,32.03,32.05,50000000.0,50000000.0,0,0,0,0,0,0,0,0,0,0,0,0,0,0,0,0,0,0,0,0,0,0,0,0,0,0,149,2026-02-07 01:50:31.791807
PNR,59.31,59.3,59.32,50000000.0,50000000.0,0,0,0,0,0,0,0,0,0,0,0,0,0,0,0,0,0,0,0,0,0,0,0,0,0,0,149,2026-02-07 01:50:31.791807
FSR,30.81,30.8,30.82,50000000.0,50000000.0,0,0,0,0,0,0,0,0,0,0,0,0,0,0,0,0,0,0,0,0,0,0,0,0,0,0,149,2026-02-07 01:50:31.791807
ATB,62.44,62.43,62.45,50000000.0,50000000.0,0,0,0,0,0,0,0,0,0,0,0,0,0,0,0,0,0,0,0,0,0,0,0,0,0,0,149,2026-02-07 01:50:31.791807
SPK,56.75,56.74,56.76,50000000.0,50000000.0,0,0,0,0,0,0,0,0,0,0,0,0,0,0,0,0,0,0,0,0,0,0,0,0,0,0,149,2026-02-07 01:50:31.791807
EEC,55.66,55.65,55.67,50000000.0,50000000.0,0,0,0,0,0,0,0,0,0,0,0,0,0,0,0,0,0,0,0,0,0,0,0,0,0,0,149,2026-02-07 01:50:31.791807
TGX,42.81,42.8,42.82,50000000.0,50000000.0,0,0,0,0,0,0,0,0,0,0,0,0,0,0,0,0,0,0,0,0,0,0,0,0,0,0,150,2026-02-07 01:50:32.883842
PHR,47.09,47.08,47.1,50000000.0,50000000.0,0,0,0,0,0,0,0,0,0,0,0,0,0,0,0,0,0,0,0,0,0,0,0,0,0,0,150,2026-02-07 01:50:32.883842
BYL,41.96,41.95,41.97,50000000.0,50000000.0,0,0,0,0,0,0,0,0,0,0,0,0,0,0,0,0,0,0,0,0,0,0,0,0,0,0,150,2026-02-07 01:50:32.883842
CLD,70.06,70.05,70.07,50000000.0,50000000.0,0,0,0,0,0,0,0,0,0,0,0,0,0,0,0,0,0,0,0,0,0,0,0,0,0,0,150,2026-02-07 01:50:32.883842
GGD,32.05,32.04,32.06,50000000.0,50000000.0,0,0,0,0,0,0,0,0,0,0,0,0,0,0,0,0,0,0,0,0,0,0,0,0,0,0,150,2026-02-07 01:50:32.883842
PNR,59.28,59.27,59.29,50000000.0,50000000.0,0,0,0,0,0,0,0,0,0,0,0,0,0,0,0,0,0,0,0,0,0,0,0,0,0,0,150,2026-02-07 01:50:32.883842
FSR,30.8,30.79,30.81,50000000.0,50000000.0,0,0,0,0,0,0,0,0,0,0,0,0,0,0,0,0,0,0,0,0,0,0,0,0,0,0,150,2026-02-07 01:50:32.883842
ATB,62.39,62.38,62.4,50000000.0,50000000.0,0,0,0,0,0,0,0,0,0,0,0,0,0,0,0,0,0,0,0,0,0,0,0,0,0,0,150,2026-02-07 01:50:32.883842
SPK,56.63,56.62,56.64,50000000.0,50000000.0,0,0,0,0,0,0,0,0,0,0,0,0,0,0,0,0,0,0,0,0,0,0,0,0,0,0,150,2026-02-07 01:50:32.883842
EEC,55.47,55.46,55.48,50000000.0,50000000.0,0,0,0,0,0,0,0,0,0,0,0,0,0,0,0,0,0,0,0,0,0,0,0,0,0,0,150,2026-02-07 01:50:32.883842
TGX,42.84,42.83,42.85,50000000.0,50000000.0,0,0,0,0,0,0,0,0,0,0,0,0,0,0,0,0,0,0,0,0,0,0,0,0,0,0,151,2026-02-07 01:50:33.930320
PHR,47.42,47.41,47.43,50000000.0,50000000.0,0,0,0,0,0,0,0,0,0,0,0,0,0,0,0,0,0,0,0,0,0,0,0,0,0,0,151,2026-02-07 01:50:33.930320
BYL,41.99,41.98,42.0,50000000.0,50000000.0,0,0,0,0,0,0,0,0,0,0,0,0,0,0,0,0,0,0,0,0,0,0,0,0,0,0,151,2026-02-07 01:50:33.930320
CLD,70.08,70.07,70.09,50000000.0,50000000.0,0,0,0,0,0,0,0,0,0,0,0,0,0,0,0,0,0,0,0,0,0,0,0,0,0,0,151,2026-02-07 01:50:33.930320
GGD,32.09,32.08,32.1,50000000.0,50000000.0,0,0,0,0,0,0,0,0,0,0,0,0,0,0,0,0,0,0,0,0,0,0,0,0,0,0,151,2026-02-07 01:50:33.930320
PNR,59.31,59.3,59.32,50000000.0,50000000.0,0,0,0,0,0,0,0,0,0,0,0,0,0,0,0,0,0,0,0,0,0,0,0,0,0,0,151,2026-02-07 01:50:33.930320
FSR,30.83,30.82,30.84,50000000.0,50000000.0,0,0,0,0,0,0,0,0,0,0,0,0,0,0,0,0,0,0,0,0,0,0,0,0,0,0,151,2026-02-07 01:50:33.930320
ATB,62.39,62.38,62.4,50000000.0,50000000.0,0,0,0,0,0,0,0,0,0,0,0,0,0,0,0,0,0,0,0,0,0,0,0,0,0,0,151,2026-02-07 01:50:33.930320
SPK,56.51,56.5,56.52,50000000.0,50000000.0,0,0,0,0,0,0,0,0,0,0,0,0,0,0,0,0,0,0,0,0,0,0,0,0,0,0,151,2026-02-07 01:50:33.930320
EEC,55.28,55.27,55.29,50000000.0,50000000.0,0,0,0,0,0,0,0,0,0,0,0,0,0,0,0,0,0,0,0,0,0,0,0,0,0,0,151,2026-02-07 01:50:33.930320
TGX,42.89,42.88,42.9,50000000.0,50000000.0,0,0,0,0,0,0,0,0,0,0,0,0,0,0,0,0,0,0,0,0,0,0,0,0,0,0,152,2026-02-07 01:50:34.980459
PHR,47.31,47.3,47.32,50000000.0,50000000.0,0,0,0,0,0,0,0,0,0,0,0,0,0,0,0,0,0,0,0,0,0,0,0,0,0,0,152,2026-02-07 01:50:34.980459
BYL,41.76,41.75,41.77,50000000.0,50000000.0,0,0,0,0,0,0,0,0,0,0,0,0,0,0,0,0,0,0,0,0,0,0,0,0,0,0,152,2026-02-07 01:50:34.980459
CLD,69.68,69.67,69.69,50000000.0,50000000.0,0,0,0,0,0,0,0,0,0,0,0,0,0,0,0,0,0,0,0,0,0,0,0,0,0,0,152,2026-02-07 01:50:34.980459
GGD,32.14,32.13,32.15,50000000.0,50000000.0,0,0,0,0,0,0,0,0,0,0,0,0,0,0,0,0,0,0,0,0,0,0,0,0,0,0,152,2026-02-07 01:50:34.980459
PNR,59.04,59.03,59.05,50000000.0,50000000.0,0,0,0,0,0,0,0,0,0,0,0,0,0,0,0,0,0,0,0,0,0,0,0,0,0,0,152,2026-02-07 01:50:34.980459
FSR,30.82,30.81,30.83,50000000.0,50000000.0,0,0,0,0,0,0,0,0,0,0,0,0,0,0,0,0,0,0,0,0,0,0,0,0,0,0,152,2026-02-07 01:50:34.980459
ATB,62.44,62.43,62.45,50000000.0,50000000.0,0,0,0,0,0,0,0,0,0,0,0,0,0,0,0,0,0,0,0,0,0,0,0,0,0,0,152,2026-02-07 01:50:34.980459
SPK,56.56,56.55,56.57,50000000.0,50000000.0,0,0,0,0,0,0,0,0,0,0,0,0,0,0,0,0,0,0,0,0,0,0,0,0,0,0,152,2026-02-07 01:50:34.980459
EEC,55.4,55.39,55.41,50000000.0,50000000.0,0,0,0,0,0,0,0,0,0,0,0,0,0,0,0,0,0,0,0,0,0,0,0,0,0,0,152,2026-02-07 01:50:34.980459
TGX,42.85,42.84,42.86,50000000.0,50000000.0,0,0,0,0,0,0,0,0,0,0,0,0,0,0,0,0,0,0,0,0,0,0,0,0,0,0,153,2026-02-07 01:50:35.534148
PHR,47.33,47.32,47.34,50000000.0,50000000.0,0,0,0,0,0,0,0,0,0,0,0,0,0,0,0,0,0,0,0,0,0,0,0,0,0,0,153,2026-02-07 01:50:35.534148
BYL,42.35,42.34,42.36,50000000.0,50000000.0,0,0,0,0,0,0,0,0,0,0,0,0,0,0,0,0,0,0,0,0,0,0,0,0,0,0,153,2026-02-07 01:50:35.534148
CLD,69.3,69.29,69.31,50000000.0,50000000.0,0,0,0,0,0,0,0,0,0,0,0,0,0,0,0,0,0,0,0,0,0,0,0,0,0,0,153,2026-02-07 01:50:35.534148
GGD,32.1,32.09,32.11,50000000.0,50000000.0,0,0,0,0,0,0,0,0,0,0,0,0,0,0,0,0,0,0,0,0,0,0,0,0,0,0,153,2026-02-07 01:50:35.534148
PNR,58.93,58.92,58.94,50000000.0,50000000.0,0,0,0,0,0,0,0,0,0,0,0,0,0,0,0,0,0,0,0,0,0,0,0,0,0,0,153,2026-02-07 01:50:35.534148
FSR,30.78,30.77,30.79,50000000.0,50000000.0,0,0,0,0,0,0,0,0,0,0,0,0,0,0,0,0,0,0,0,0,0,0,0,0,0,0,153,2026-02-07 01:50:35.534148
ATB,62.45,62.44,62.46,50000000.0,50000000.0,0,0,0,0,0,0,0,0,0,0,0,0,0,0,0,0,0,0,0,0,0,0,0,0,0,0,153,2026-02-07 01:50:35.534148
SPK,56.57,56.56,56.58,50000000.0,50000000.0,0,0,0,0,0,0,0,0,0,0,0,0,0,0,0,0,0,0,0,0,0,0,0,0,0,0,153,2026-02-07 01:50:35.534148
EEC,55.48,55.47,55.49,50000000.0,50000000.0,0,0,0,0,0,0,0,0,0,0,0,0,0,0,0,0,0,0,0,0,0,0,0,0,0,0,153,2026-02-07 01:50:35.534148
TGX,42.88,42.87,42.89,50000000.0,50000000.0,0,0,0,0,0,0,0,0,0,0,0,0,0,0,0,0,0,0,0,0,0,0,0,0,0,0,154,2026-02-07 01:50:36.600987
PHR,47.29,47.28,47.3,50000000.0,50000000.0,0,0,0,0,0,0,0,0,0,0,0,0,0,0,0,0,0,0,0,0,0,0,0,0,0,0,154,2026-02-07 01:50:36.600987
BYL,42.34,42.33,42.35,50000000.0,50000000.0,0,0,0,0,0,0,0,0,0,0,0,0,0,0,0,0,0,0,0,0,0,0,0,0,0,0,154,2026-02-07 01:50:36.600987
CLD,69.37,69.36,69.38,50000000.0,50000000.0,0,0,0,0,0,0,0,0,0,0,0,0,0,0,0,0,0,0,0,0,0,0,0,0,0,0,154,2026-02-07 01:50:36.600987
GGD,32.13,32.12,32.14,50000000.0,50000000.0,0,0,0,0,0,0,0,0,0,0,0,0,0,0,0,0,0,0,0,0,0,0,0,0,0,0,154,2026-02-07 01:50:36.600987
PNR,58.87,58.86,58.88,50000000.0,50000000.0,0,0,0,0,0,0,0,0,0,0,0,0,0,0,0,0,0,0,0,0,0,0,0,0,0,0,154,2026-02-07 01:50:36.600987
FSR,30.78,30.77,30.79,50000000.0,50000000.0,0,0,0,0,0,0,0,0,0,0,0,0,0,0,0,0,0,0,0,0,0,0,0,0,0,0,154,2026-02-07 01:50:36.600987
ATB,62.52,62.51,62.53,50000000.0,50000000.0,0,0,0,0,0,0,0,0,0,0,0,0,0,0,0,0,0,0,0,0,0,0,0,0,0,0,154,2026-02-07 01:50:36.600987
SPK,56.57,56.56,56.58,50000000.0,50000000.0,0,0,0,0,0,0,0,0,0,0,0,0,0,0,0,0,0,0,0,0,0,0,0,0,0,0,154,2026-02-07 01:50:36.600987
EEC,55.52,55.51,55.53,50000000.0,50000000.0,0,0,0,0,0,0,0,0,0,0,0,0,0,0,0,0,0,0,0,0,0,0,0,0,0,0,154,2026-02-07 01:50:36.600987
TGX,42.87,42.86,42.88,50000000.0,50000000.0,0,0,0,0,0,0,0,0,0,0,0,0,0,0,0,0,0,0,0,0,0,0,0,0,0,0,155,2026-02-07 01:50:37.742605
PHR,47.73,47.72,47.74,50000000.0,50000000.0,0,0,0,0,0,0,0,0,0,0,0,0,0,0,0,0,0,0,0,0,0,0,0,0,0,0,155,2026-02-07 01:50:37.742605
BYL,42.22,42.21,42.23,50000000.0,50000000.0,0,0,0,0,0,0,0,0,0,0,0,0,0,0,0,0,0,0,0,0,0,0,0,0,0,0,155,2026-02-07 01:50:37.742605
CLD,69.03,69.02,69.04,50000000.0,50000000.0,0,0,0,0,0,0,0,0,0,0,0,0,0,0,0,0,0,0,0,0,0,0,0,0,0,0,155,2026-02-07 01:50:37.742605
GGD,32.12,32.11,32.13,50000000.0,50000000.0,0,0,0,0,0,0,0,0,0,0,0,0,0,0,0,0,0,0,0,0,0,0,0,0,0,0,155,2026-02-07 01:50:37.742605
PNR,58.87,58.86,58.88,50000000.0,50000000.0,0,0,0,0,0,0,0,0,0,0,0,0,0,0,0,0,0,0,0,0,0,0,0,0,0,0,155,2026-02-07 01:50:37.742605
FSR,30.76,30.75,30.77,50000000.0,50000000.0,0,0,0,0,0,0,0,0,0,0,0,0,0,0,0,0,0,0,0,0,0,0,0,0,0,0,155,2026-02-07 01:50:37.742605
ATB,62.49,62.48,62.5,50000000.0,50000000.0,0,0,0,0,0,0,0,0,0,0,0,0,0,0,0,0,0,0,0,0,0,0,0,0,0,0,155,2026-02-07 01:50:37.742605
SPK,56.75,56.74,56.76,50000000.0,50000000.0,0,0,0,0,0,0,0,0,0,0,0,0,0,0,0,0,0,0,0,0,0,0,0,0,0,0,155,2026-02-07 01:50:37.742605
EEC,55.77,55.76,55.78,50000000.0,50000000.0,0,0,0,0,0,0,0,0,0,0,0,0,0,0,0,0,0,0,0,0,0,0,0,0,0,0,155,2026-02-07 01:50:37.742605
TGX,42.84,42.83,42.85,50000000.0,50000000.0,0,0,0,0,0,0,0,0,0,0,0,0,0,0,0,0,0,0,0,0,0,0,0,0,0,0,156,2026-02-07 01:50:38.811085
PHR,47.99,47.98,48.0,50000000.0,50000000.0,0,0,0,0,0,0,0,0,0,0,0,0,0,0,0,0,0,0,0,0,0,0,0,0,0,0,156,2026-02-07 01:50:38.811085
BYL,43.37,43.36,43.38,50000000.0,50000000.0,0,0,0,0,0,0,0,0,0,0,0,0,0,0,0,0,0,0,0,0,0,0,0,0,0,0,156,2026-02-07 01:50:38.811085
CLD,68.43,68.42,68.44,50000000.0,50000000.0,0,0,0,0,0,0,0,0,0,0,0,0,0,0,0,0,0,0,0,0,0,0,0,0,0,0,156,2026-02-07 01:50:38.811085
GGD,32.15,32.14,32.16,50000000.0,50000000.0,0,0,0,0,0,0,0,0,0,0,0,0,0,0,0,0,0,0,0,0,0,0,0,0,0,0,156,2026-02-07 01:50:38.811085
PNR,58.81,58.8,58.82,50000000.0,50000000.0,0,0,0,0,0,0,0,0,0,0,0,0,0,0,0,0,0,0,0,0,0,0,0,0,0,0,156,2026-02-07 01:50:38.811085
FSR,30.8,30.79,30.81,50000000.0,50000000.0,0,0,0,0,0,0,0,0,0,0,0,0,0,0,0,0,0,0,0,0,0,0,0,0,0,0,156,2026-02-07 01:50:38.811085
ATB,62.43,62.42,62.44,50000000.0,50000000.0,0,0,0,0,0,0,0,0,0,0,0,0,0,0,0,0,0,0,0,0,0,0,0,0,0,0,156,2026-02-07 01:50:38.811085
SPK,56.7,56.69,56.71,50000000.0,50000000.0,0,0,0,0,0,0,0,0,0,0,0,0,0,0,0,0,0,0,0,0,0,0,0,0,0,0,156,2026-02-07 01:50:38.811085
EEC,55.66,55.65,55.67,50000000.0,50000000.0,0,0,0,0,0,0,0,0,0,0,0,0,0,0,0,0,0,0,0,0,0,0,0,0,0,0,156,2026-02-07 01:50:38.811085
TGX,42.85,42.84,42.86,50000000.0,50000000.0,0,0,0,0,0,0,0,0,0,0,0,0,0,0,0,0,0,0,0,0,0,0,0,0,0,0,157,2026-02-07 01:50:39.897730
PHR,48.31,48.3,48.32,50000000.0,50000000.0,0,0,0,0,0,0,0,0,0,0,0,0,0,0,0,0,0,0,0,0,0,0,0,0,0,0,157,2026-02-07 01:50:39.897730
BYL,43.15,43.14,43.16,50000000.0,50000000.0,0,0,0,0,0,0,0,0,0,0,0,0,0,0,0,0,0,0,0,0,0,0,0,0,0,0,157,2026-02-07 01:50:39.897730
CLD,67.99,67.98,68.0,50000000.0,50000000.0,0,0,0,0,0,0,0,0,0,0,0,0,0,0,0,0,0,0,0,0,0,0,0,0,0,0,157,2026-02-07 01:50:39.897730
GGD,32.11,32.1,32.12,50000000.0,50000000.0,0,0,0,0,0,0,0,0,0,0,0,0,0,0,0,0,0,0,0,0,0,0,0,0,0,0,157,2026-02-07 01:50:39.897730
PNR,58.67,58.66,58.68,50000000.0,50000000.0,0,0,0,0,0,0,0,0,0,0,0,0,0,0,0,0,0,0,0,0,0,0,0,0,0,0,157,2026-02-07 01:50:39.897730
FSR,30.78,30.77,30.79,50000000.0,50000000.0,0,0,0,0,0,0,0,0,0,0,0,0,0,0,0,0,0,0,0,0,0,0,0,0,0,0,157,2026-02-07 01:50:39.897730
ATB,62.52,62.51,62.53,50000000.0,50000000.0,0,0,0,0,0,0,0,0,0,0,0,0,0,0,0,0,0,0,0,0,0,0,0,0,0,0,157,2026-02-07 01:50:39.897730
SPK,56.53,56.52,56.54,50000000.0,50000000.0,0,0,0,0,0,0,0,0,0,0,0,0,0,0,0,0,0,0,0,0,0,0,0,0,0,0,157,2026-02-07 01:50:39.897730
EEC,55.41,55.4,55.42,50000000.0,50000000.0,0,0,0,0,0,0,0,0,0,0,0,0,0,0,0,0,0,0,0,0,0,0,0,0,0,0,157,2026-02-07 01:50:39.897730
TGX,42.8,42.79,42.81,50000000.0,50000000.0,0,0,0,0,0,0,0,0,0,0,0,0,0,0,0,0,0,0,0,0,0,0,0,0,0,0,158,2026-02-07 01:50:40.976436
PHR,48.18,48.17,48.19,50000000.0,50000000.0,0,0,0,0,0,0,0,0,0,0,0,0,0,0,0,0,0,0,0,0,0,0,0,0,0,0,158,2026-02-07 01:50:40.976436
BYL,43.12,43.11,43.13,50000000.0,50000000.0,0,0,0,0,0,0,0,0,0,0,0,0,0,0,0,0,0,0,0,0,0,0,0,0,0,0,158,2026-02-07 01:50:40.976436
CLD,68.01,68.0,68.02,50000000.0,50000000.0,0,0,0,0,0,0,0,0,0,0,0,0,0,0,0,0,0,0,0,0,0,0,0,0,0,0,158,2026-02-07 01:50:40.976436
GGD,32.08,32.07,32.09,50000000.0,50000000.0,0,0,0,0,0,0,0,0,0,0,0,0,0,0,0,0,0,0,0,0,0,0,0,0,0,0,158,2026-02-07 01:50:40.976436
PNR,58.55,58.54,58.56,50000000.0,50000000.0,0,0,0,0,0,0,0,0,0,0,0,0,0,0,0,0,0,0,0,0,0,0,0,0,0,0,158,2026-02-07 01:50:40.976436
FSR,30.8,30.79,30.81,50000000.0,50000000.0,0,0,0,0,0,0,0,0,0,0,0,0,0,0,0,0,0,0,0,0,0,0,0,0,0,0,158,2026-02-07 01:50:40.976436
ATB,62.35,62.34,62.36,50000000.0,50000000.0,0,0,0,0,0,0,0,0,0,0,0,0,0,0,0,0,0,0,0,0,0,0,0,0,0,0,158,2026-02-07 01:50:40.976436
SPK,56.5,56.49,56.51,50000000.0,50000000.0,0,0,0,0,0,0,0,0,0,0,0,0,0,0,0,0,0,0,0,0,0,0,0,0,0,0,158,2026-02-07 01:50:40.976436
EEC,55.31,55.3,55.32,50000000.0,50000000.0,0,0,0,0,0,0,0,0,0,0,0,0,0,0,0,0,0,0,0,0,0,0,0,0,0,0,158,2026-02-07 01:50:40.976436
TGX,42.78,42.77,42.79,50000000.0,50000000.0,0,0,0,0,0,0,0,0,0,0,0,0,0,0,0,0,0,0,0,0,0,0,0,0,0,0,159,2026-02-07 01:50:42.030148
PHR,48.11,48.1,48.12,50000000.0,50000000.0,0,0,0,0,0,0,0,0,0,0,0,0,0,0,0,0,0,0,0,0,0,0,0,0,0,0,159,2026-02-07 01:50:42.030148
BYL,42.95,42.94,42.96,50000000.0,50000000.0,0,0,0,0,0,0,0,0,0,0,0,0,0,0,0,0,0,0,0,0,0,0,0,0,0,0,159,2026-02-07 01:50:42.030148
CLD,67.75,67.74,67.76,50000000.0,50000000.0,0,0,0,0,0,0,0,0,0,0,0,0,0,0,0,0,0,0,0,0,0,0,0,0,0,0,159,2026-02-07 01:50:42.030148
GGD,32.06,32.05,32.07,50000000.0,50000000.0,0,0,0,0,0,0,0,0,0,0,0,0,0,0,0,0,0,0,0,0,0,0,0,0,0,0,159,2026-02-07 01:50:42.030148
PNR,58.74,58.73,58.75,50000000.0,50000000.0,0,0,0,0,0,0,0,0,0,0,0,0,0,0,0,0,0,0,0,0,0,0,0,0,0,0,159,2026-02-07 01:50:42.030148
FSR,30.78,30.77,30.79,50000000.0,50000000.0,0,0,0,0,0,0,0,0,0,0,0,0,0,0,0,0,0,0,0,0,0,0,0,0,0,0,159,2026-02-07 01:50:42.030148
ATB,62.34,62.33,62.35,50000000.0,50000000.0,0,0,0,0,0,0,0,0,0,0,0,0,0,0,0,0,0,0,0,0,0,0,0,0,0,0,159,2026-02-07 01:50:42.030148
SPK,56.46,56.45,56.47,50000000.0,50000000.0,0,0,0,0,0,0,0,0,0,0,0,0,0,0,0,0,0,0,0,0,0,0,0,0,0,0,159,2026-02-07 01:50:42.030148
EEC,55.26,55.25,55.27,50000000.0,50000000.0,0,0,0,0,0,0,0,0,0,0,0,0,0,0,0,0,0,0,0,0,0,0,0,0,0,0,159,2026-02-07 01:50:42.030148
TGX,42.73,42.72,42.74,50000000.0,50000000.0,0,0,0,0,0,0,0,0,0,0,0,0,0,0,0,0,0,0,0,0,0,0,0,0,0,0,160,2026-02-07 01:50:42.576626
PHR,48.3,48.29,48.31,50000000.0,50000000.0,0,0,0,0,0,0,0,0,0,0,0,0,0,0,0,0,0,0,0,0,0,0,0,0,0,0,160,2026-02-07 01:50:42.576626
BYL,42.86,42.85,42.87,50000000.0,50000000.0,0,0,0,0,0,0,0,0,0,0,0,0,0,0,0,0,0,0,0,0,0,0,0,0,0,0,160,2026-02-07 01:50:42.576626
CLD,67.48,67.47,67.49,50000000.0,50000000.0,0,0,0,0,0,0,0,0,0,0,0,0,0,0,0,0,0,0,0,0,0,0,0,0,0,0,160,2026-02-07 01:50:42.576626
GGD,32.12,32.11,32.13,50000000.0,50000000.0,0,0,0,0,0,0,0,0,0,0,0,0,0,0,0,0,0,0,0,0,0,0,0,0,0,0,160,2026-02-07 01:50:42.576626
PNR,58.75,58.74,58.76,50000000.0,50000000.0,0,0,0,0,0,0,0,0,0,0,0,0,0,0,0,0,0,0,0,0,0,0,0,0,0,0,160,2026-02-07 01:50:42.576626
FSR,30.79,30.78,30.8,50000000.0,50000000.0,0,0,0,0,0,0,0,0,0,0,0,0,0,0,0,0,0,0,0,0,0,0,0,0,0,0,160,2026-02-07 01:50:42.576626
ATB,62.18,62.17,62.19,50000000.0,50000000.0,0,0,0,0,0,0,0,0,0,0,0,0,0,0,0,0,0,0,0,0,0,0,0,0,0,0,160,2026-02-07 01:50:42.576626
SPK,56.53,56.52,56.54,50000000.0,50000000.0,0,0,0,0,0,0,0,0,0,0,0,0,0,0,0,0,0,0,0,0,0,0,0,0,0,0,160,2026-02-07 01:50:42.576626
EEC,55.39,55.38,55.4,50000000.0,50000000.0,0,0,0,0,0,0,0,0,0,0,0,0,0,0,0,0,0,0,0,0,0,0,0,0,0,0,160,2026-02-07 01:50:42.576626
TGX,42.72,42.71,42.73,50000000.0,50000000.0,0,0,0,0,0,0,0,0,0,0,0,0,0,0,0,0,0,0,0,0,0,0,0,0,0,0,161,2026-02-07 01:50:43.623848
PHR,48.38,48.37,48.39,50000000.0,50000000.0,0,0,0,0,0,0,0,0,0,0,0,0,0,0,0,0,0,0,0,0,0,0,0,0,0,0,161,2026-02-07 01:50:43.623848
BYL,43.0,42.99,43.01,50000000.0,50000000.0,0,0,0,0,0,0,0,0,0,0,0,0,0,0,0,0,0,0,0,0,0,0,0,0,0,0,161,2026-02-07 01:50:43.623848
CLD,67.78,67.77,67.79,50000000.0,50000000.0,0,0,0,0,0,0,0,0,0,0,0,0,0,0,0,0,0,0,0,0,0,0,0,0,0,0,161,2026-02-07 01:50:43.623848
GGD,32.23,32.22,32.24,50000000.0,50000000.0,0,0,0,0,0,0,0,0,0,0,0,0,0,0,0,0,0,0,0,0,0,0,0,0,0,0,161,2026-02-07 01:50:43.623848
PNR,59.2,59.19,59.21,50000000.0,50000000.0,0,0,0,0,0,0,0,0,0,0,0,0,0,0,0,0,0,0,0,0,0,0,0,0,0,0,161,2026-02-07 01:50:43.623848
FSR,30.73,30.72,30.74,50000000.0,50000000.0,0,0,0,0,0,0,0,0,0,0,0,0,0,0,0,0,0,0,0,0,0,0,0,0,0,0,161,2026-02-07 01:50:43.623848
ATB,62.04,62.03,62.05,50000000.0,50000000.0,0,0,0,0,0,0,0,0,0,0,0,0,0,0,0,0,0,0,0,0,0,0,0,0,0,0,161,2026-02-07 01:50:43.623848
SPK,56.7,56.69,56.71,50000000.0,50000000.0,0,0,0,0,0,0,0,0,0,0,0,0,0,0,0,0,0,0,0,0,0,0,0,0,0,0,161,2026-02-07 01:50:43.623848
EEC,55.67,55.66,55.68,50000000.0,50000000.0,0,0,0,0,0,0,0,0,0,0,0,0,0,0,0,0,0,0,0,0,0,0,0,0,0,0,161,2026-02-07 01:50:43.623848
TGX,43.27,43.26,43.28,50000000.0,50000000.0,0,0,0,0,0,0,0,0,0,0,0,0,0,0,0,0,0,0,0,0,0,0,0,0,0,0,162,2026-02-07 01:50:44.696809
PHR,48.51,48.5,48.52,50000000.0,50000000.0,0,0,0,0,0,0,0,0,0,0,0,0,0,0,0,0,0,0,0,0,0,0,0,0,0,0,162,2026-02-07 01:50:44.696809
BYL,43.06,43.05,43.07,50000000.0,50000000.0,0,0,0,0,0,0,0,0,0,0,0,0,0,0,0,0,0,0,0,0,0,0,0,0,0,0,162,2026-02-07 01:50:44.696809
CLD,67.89,67.88,67.9,50000000.0,50000000.0,0,0,0,0,0,0,0,0,0,0,0,0,0,0,0,0,0,0,0,0,0,0,0,0,0,0,162,2026-02-07 01:50:44.696809
GGD,32.18,32.17,32.19,50000000.0,50000000.0,0,0,0,0,0,0,0,0,0,0,0,0,0,0,0,0,0,0,0,0,0,0,0,0,0,0,162,2026-02-07 01:50:44.696809
PNR,59.07,59.06,59.08,50000000.0,50000000.0,0,0,0,0,0,0,0,0,0,0,0,0,0,0,0,0,0,0,0,0,0,0,0,0,0,0,162,2026-02-07 01:50:44.696809
FSR,30.75,30.74,30.76,50000000.0,50000000.0,0,0,0,0,0,0,0,0,0,0,0,0,0,0,0,0,0,0,0,0,0,0,0,0,0,0,162,2026-02-07 01:50:44.696809
ATB,61.85,61.84,61.86,50000000.0,50000000.0,0,0,0,0,0,0,0,0,0,0,0,0,0,0,0,0,0,0,0,0,0,0,0,0,0,0,162,2026-02-07 01:50:44.696809
SPK,56.78,56.77,56.79,50000000.0,50000000.0,0,0,0,0,0,0,0,0,0,0,0,0,0,0,0,0,0,0,0,0,0,0,0,0,0,0,162,2026-02-07 01:50:44.696809
EEC,55.73,55.72,55.74,50000000.0,50000000.0,0,0,0,0,0,0,0,0,0,0,0,0,0,0,0,0,0,0,0,0,0,0,0,0,0,0,162,2026-02-07 01:50:44.696809
TGX,43.27,43.26,43.28,50000000.0,50000000.0,0,0,0,0,0,0,0,0,0,0,0,0,0,0,0,0,0,0,0,0,0,0,0,0,0,0,163,2026-02-07 01:50:45.746853
PHR,48.62,48.61,48.63,50000000.0,50000000.0,0,0,0,0,0,0,0,0,0,0,0,0,0,0,0,0,0,0,0,0,0,0,0,0,0,0,163,2026-02-07 01:50:45.746853
BYL,43.05,43.04,43.06,50000000.0,50000000.0,0,0,0,0,0,0,0,0,0,0,0,0,0,0,0,0,0,0,0,0,0,0,0,0,0,0,163,2026-02-07 01:50:45.746853
CLD,67.88,67.87,67.89,50000000.0,50000000.0,0,0,0,0,0,0,0,0,0,0,0,0,0,0,0,0,0,0,0,0,0,0,0,0,0,0,163,2026-02-07 01:50:45.746853
GGD,32.14,32.13,32.15,50000000.0,50000000.0,0,0,0,0,0,0,0,0,0,0,0,0,0,0,0,0,0,0,0,0,0,0,0,0,0,0,163,2026-02-07 01:50:45.746853
PNR,59.05,59.04,59.06,50000000.0,50000000.0,0,0,0,0,0,0,0,0,0,0,0,0,0,0,0,0,0,0,0,0,0,0,0,0,0,0,163,2026-02-07 01:50:45.746853
FSR,30.77,30.76,30.78,50000000.0,50000000.0,0,0,0,0,0,0,0,0,0,0,0,0,0,0,0,0,0,0,0,0,0,0,0,0,0,0,163,2026-02-07 01:50:45.746853
ATB,61.98,61.97,61.99,50000000.0,50000000.0,0,0,0,0,0,0,0,0,0,0,0,0,0,0,0,0,0,0,0,0,0,0,0,0,0,0,163,2026-02-07 01:50:45.746853
SPK,56.76,56.75,56.77,50000000.0,50000000.0,0,0,0,0,0,0,0,0,0,0,0,0,0,0,0,0,0,0,0,0,0,0,0,0,0,0,163,2026-02-07 01:50:45.746853
EEC,55.67,55.66,55.68,50000000.0,50000000.0,0,0,0,0,0,0,0,0,0,0,0,0,0,0,0,0,0,0,0,0,0,0,0,0,0,0,163,2026-02-07 01:50:45.746853
TGX,43.24,43.23,43.25,50000000.0,50000000.0,0,0,0,0,0,0,0,0,0,0,0,0,0,0,0,0,0,0,0,0,0,0,0,0,0,0,164,2026-02-07 01:50:46.830636
PHR,48.78,48.77,48.79,50000000.0,50000000.0,0,0,0,0,0,0,0,0,0,0,0,0,0,0,0,0,0,0,0,0,0,0,0,0,0,0,164,2026-02-07 01:50:46.830636
BYL,43.13,43.12,43.14,50000000.0,50000000.0,0,0,0,0,0,0,0,0,0,0,0,0,0,0,0,0,0,0,0,0,0,0,0,0,0,0,164,2026-02-07 01:50:46.830636
CLD,67.98,67.97,67.99,50000000.0,50000000.0,0,0,0,0,0,0,0,0,0,0,0,0,0,0,0,0,0,0,0,0,0,0,0,0,0,0,164,2026-02-07 01:50:46.830636
GGD,32.14,32.13,32.15,50000000.0,50000000.0,0,0,0,0,0,0,0,0,0,0,0,0,0,0,0,0,0,0,0,0,0,0,0,0,0,0,164,2026-02-07 01:50:46.830636
PNR,59.28,59.27,59.29,50000000.0,50000000.0,0,0,0,0,0,0,0,0,0,0,0,0,0,0,0,0,0,0,0,0,0,0,0,0,0,0,164,2026-02-07 01:50:46.830636
FSR,30.77,30.76,30.78,50000000.0,50000000.0,0,0,0,0,0,0,0,0,0,0,0,0,0,0,0,0,0,0,0,0,0,0,0,0,0,0,164,2026-02-07 01:50:46.830636
ATB,62.11,62.1,62.12,50000000.0,50000000.0,0,0,0,0,0,0,0,0,0,0,0,0,0,0,0,0,0,0,0,0,0,0,0,0,0,0,164,2026-02-07 01:50:46.830636
SPK,56.76,56.75,56.77,50000000.0,50000000.0,0,0,0,0,0,0,0,0,0,0,0,0,0,0,0,0,0,0,0,0,0,0,0,0,0,0,164,2026-02-07 01:50:46.830636
EEC,55.65,55.64,55.66,50000000.0,50000000.0,0,0,0,0,0,0,0,0,0,0,0,0,0,0,0,0,0,0,0,0,0,0,0,0,0,0,164,2026-02-07 01:50:46.830636
TGX,43.29,43.28,43.3,50000000.0,50000000.0,0,0,0,0,0,0,0,0,0,0,0,0,0,0,0,0,0,0,0,0,0,0,0,0,0,0,165,2026-02-07 01:50:47.882196
PHR,48.6,48.59,48.61,50000000.0,50000000.0,0,0,0,0,0,0,0,0,0,0,0,0,0,0,0,0,0,0,0,0,0,0,0,0,0,0,165,2026-02-07 01:50:47.882196
BYL,43.07,43.06,43.08,50000000.0,50000000.0,0,0,0,0,0,0,0,0,0,0,0,0,0,0,0,0,0,0,0,0,0,0,0,0,0,0,165,2026-02-07 01:50:47.882196
CLD,67.86,67.85,67.87,50000000.0,50000000.0,0,0,0,0,0,0,0,0,0,0,0,0,0,0,0,0,0,0,0,0,0,0,0,0,0,0,165,2026-02-07 01:50:47.882196
GGD,32.2,32.19,32.21,50000000.0,50000000.0,0,0,0,0,0,0,0,0,0,0,0,0,0,0,0,0,0,0,0,0,0,0,0,0,0,0,165,2026-02-07 01:50:47.882196
PNR,59.54,59.53,59.55,50000000.0,50000000.0,0,0,0,0,0,0,0,0,0,0,0,0,0,0,0,0,0,0,0,0,0,0,0,0,0,0,165,2026-02-07 01:50:47.882196
FSR,30.8,30.79,30.81,50000000.0,50000000.0,0,0,0,0,0,0,0,0,0,0,0,0,0,0,0,0,0,0,0,0,0,0,0,0,0,0,165,2026-02-07 01:50:47.882196
ATB,62.04,62.03,62.05,50000000.0,50000000.0,0,0,0,0,0,0,0,0,0,0,0,0,0,0,0,0,0,0,0,0,0,0,0,0,0,0,165,2026-02-07 01:50:47.882196
SPK,56.64,56.63,56.65,50000000.0,50000000.0,0,0,0,0,0,0,0,0,0,0,0,0,0,0,0,0,0,0,0,0,0,0,0,0,0,0,165,2026-02-07 01:50:47.882196
EEC,55.4,55.39,55.41,50000000.0,50000000.0,0,0,0,0,0,0,0,0,0,0,0,0,0,0,0,0,0,0,0,0,0,0,0,0,0,0,165,2026-02-07 01:50:47.882196
TGX,43.27,43.26,43.28,50000000.0,50000000.0,0,0,0,0,0,0,0,0,0,0,0,0,0,0,0,0,0,0,0,0,0,0,0,0,0,0,166,2026-02-07 01:50:48.930537
PHR,48.88,48.87,48.89,50000000.0,50000000.0,0,0,0,0,0,0,0,0,0,0,0,0,0,0,0,0,0,0,0,0,0,0,0,0,0,0,166,2026-02-07 01:50:48.930537
BYL,43.3,43.29,43.31,50000000.0,50000000.0,0,0,0,0,0,0,0,0,0,0,0,0,0,0,0,0,0,0,0,0,0,0,0,0,0,0,166,2026-02-07 01:50:48.930537
CLD,68.24,68.23,68.25,50000000.0,50000000.0,0,0,0,0,0,0,0,0,0,0,0,0,0,0,0,0,0,0,0,0,0,0,0,0,0,0,166,2026-02-07 01:50:48.930537
GGD,32.2,32.19,32.21,50000000.0,50000000.0,0,0,0,0,0,0,0,0,0,0,0,0,0,0,0,0,0,0,0,0,0,0,0,0,0,0,166,2026-02-07 01:50:48.930537
PNR,59.64,59.63,59.65,50000000.0,50000000.0,0,0,0,0,0,0,0,0,0,0,0,0,0,0,0,0,0,0,0,0,0,0,0,0,0,0,166,2026-02-07 01:50:48.930537
FSR,30.77,30.76,30.78,50000000.0,50000000.0,0,0,0,0,0,0,0,0,0,0,0,0,0,0,0,0,0,0,0,0,0,0,0,0,0,0,166,2026-02-07 01:50:48.930537
ATB,62.12,62.11,62.13,50000000.0,50000000.0,0,0,0,0,0,0,0,0,0,0,0,0,0,0,0,0,0,0,0,0,0,0,0,0,0,0,166,2026-02-07 01:50:48.930537
SPK,56.71,56.7,56.72,50000000.0,50000000.0,0,0,0,0,0,0,0,0,0,0,0,0,0,0,0,0,0,0,0,0,0,0,0,0,0,0,166,2026-02-07 01:50:48.930537
EEC,55.49,55.48,55.5,50000000.0,50000000.0,0,0,0,0,0,0,0,0,0,0,0,0,0,0,0,0,0,0,0,0,0,0,0,0,0,0,166,2026-02-07 01:50:48.930537
TGX,43.3,43.29,43.31,50000000.0,50000000.0,0,0,0,0,0,0,0,0,0,0,0,0,0,0,0,0,0,0,0,0,0,0,0,0,0,0,167,2026-02-07 01:50:49.985353
PHR,48.75,48.74,48.76,50000000.0,50000000.0,0,0,0,0,0,0,0,0,0,0,0,0,0,0,0,0,0,0,0,0,0,0,0,0,0,0,167,2026-02-07 01:50:49.985353
BYL,43.42,43.41,43.43,50000000.0,50000000.0,0,0,0,0,0,0,0,0,0,0,0,0,0,0,0,0,0,0,0,0,0,0,0,0,0,0,167,2026-02-07 01:50:49.985353
CLD,68.53,68.52,68.54,50000000.0,50000000.0,0,0,0,0,0,0,0,0,0,0,0,0,0,0,0,0,0,0,0,0,0,0,0,0,0,0,167,2026-02-07 01:50:49.985353
GGD,32.19,32.18,32.2,50000000.0,50000000.0,0,0,0,0,0,0,0,0,0,0,0,0,0,0,0,0,0,0,0,0,0,0,0,0,0,0,167,2026-02-07 01:50:49.985353
PNR,59.61,59.6,59.62,50000000.0,50000000.0,0,0,0,0,0,0,0,0,0,0,0,0,0,0,0,0,0,0,0,0,0,0,0,0,0,0,167,2026-02-07 01:50:49.985353
FSR,30.76,30.75,30.77,50000000.0,50000000.0,0,0,0,0,0,0,0,0,0,0,0,0,0,0,0,0,0,0,0,0,0,0,0,0,0,0,167,2026-02-07 01:50:49.985353
ATB,61.99,61.98,62.0,50000000.0,50000000.0,0,0,0,0,0,0,0,0,0,0,0,0,0,0,0,0,0,0,0,0,0,0,0,0,0,0,167,2026-02-07 01:50:49.985353
SPK,56.8,56.79,56.81,50000000.0,50000000.0,0,0,0,0,0,0,0,0,0,0,0,0,0,0,0,0,0,0,0,0,0,0,0,0,0,0,167,2026-02-07 01:50:49.985353
EEC,55.58,55.57,55.59,50000000.0,50000000.0,0,0,0,0,0,0,0,0,0,0,0,0,0,0,0,0,0,0,0,0,0,0,0,0,0,0,167,2026-02-07 01:50:49.985353
TGX,43.34,43.33,43.35,50000000.0,50000000.0,0,0,0,0,0,0,0,0,0,0,0,0,0,0,0,0,0,0,0,0,0,0,0,0,0,0,168,2026-02-07 01:50:51.036889
PHR,49.26,49.25,49.27,50000000.0,50000000.0,0,0,0,0,0,0,0,0,0,0,0,0,0,0,0,0,0,0,0,0,0,0,0,0,0,0,168,2026-02-07 01:50:51.036889
BYL,42.98,42.97,42.99,50000000.0,50000000.0,0,0,0,0,0,0,0,0,0,0,0,0,0,0,0,0,0,0,0,0,0,0,0,0,0,0,168,2026-02-07 01:50:51.036889
CLD,67.72,67.71,67.73,50000000.0,50000000.0,0,0,0,0,0,0,0,0,0,0,0,0,0,0,0,0,0,0,0,0,0,0,0,0,0,0,168,2026-02-07 01:50:51.036889
GGD,32.24,32.23,32.25,50000000.0,50000000.0,0,0,0,0,0,0,0,0,0,0,0,0,0,0,0,0,0,0,0,0,0,0,0,0,0,0,168,2026-02-07 01:50:51.036889
PNR,59.67,59.66,59.68,50000000.0,50000000.0,0,0,0,0,0,0,0,0,0,0,0,0,0,0,0,0,0,0,0,0,0,0,0,0,0,0,168,2026-02-07 01:50:51.036889
FSR,30.77,30.76,30.78,50000000.0,50000000.0,0,0,0,0,0,0,0,0,0,0,0,0,0,0,0,0,0,0,0,0,0,0,0,0,0,0,168,2026-02-07 01:50:51.036889
ATB,61.84,61.83,61.85,50000000.0,50000000.0,0,0,0,0,0,0,0,0,0,0,0,0,0,0,0,0,0,0,0,0,0,0,0,0,0,0,168,2026-02-07 01:50:51.036889
SPK,56.86,56.85,56.87,50000000.0,50000000.0,0,0,0,0,0,0,0,0,0,0,0,0,0,0,0,0,0,0,0,0,0,0,0,0,0,0,168,2026-02-07 01:50:51.036889
EEC,55.72,55.71,55.73,50000000.0,50000000.0,0,0,0,0,0,0,0,0,0,0,0,0,0,0,0,0,0,0,0,0,0,0,0,0,0,0,168,2026-02-07 01:50:51.036889
TGX,43.33,43.32,43.34,50000000.0,50000000.0,0,0,0,0,0,0,0,0,0,0,0,0,0,0,0,0,0,0,0,0,0,0,0,0,0,0,169,2026-02-07 01:50:52.098504
PHR,49.72,49.71,49.73,50000000.0,50000000.0,0,0,0,0,0,0,0,0,0,0,0,0,0,0,0,0,0,0,0,0,0,0,0,0,0,0,169,2026-02-07 01:50:52.098504
BYL,42.7,42.69,42.71,50000000.0,50000000.0,0,0,0,0,0,0,0,0,0,0,0,0,0,0,0,0,0,0,0,0,0,0,0,0,0,0,169,2026-02-07 01:50:52.098504
CLD,67.28,67.27,67.29,50000000.0,50000000.0,0,0,0,0,0,0,0,0,0,0,0,0,0,0,0,0,0,0,0,0,0,0,0,0,0,0,169,2026-02-07 01:50:52.098504
GGD,32.22,32.21,32.23,50000000.0,50000000.0,0,0,0,0,0,0,0,0,0,0,0,0,0,0,0,0,0,0,0,0,0,0,0,0,0,0,169,2026-02-07 01:50:52.098504
PNR,59.64,59.63,59.65,50000000.0,50000000.0,0,0,0,0,0,0,0,0,0,0,0,0,0,0,0,0,0,0,0,0,0,0,0,0,0,0,169,2026-02-07 01:50:52.098504
FSR,30.79,30.78,30.8,50000000.0,50000000.0,0,0,0,0,0,0,0,0,0,0,0,0,0,0,0,0,0,0,0,0,0,0,0,0,0,0,169,2026-02-07 01:50:52.098504
ATB,61.93,61.92,61.94,50000000.0,50000000.0,0,0,0,0,0,0,0,0,0,0,0,0,0,0,0,0,0,0,0,0,0,0,0,0,0,0,169,2026-02-07 01:50:52.098504
SPK,56.86,56.85,56.87,50000000.0,50000000.0,0,0,0,0,0,0,0,0,0,0,0,0,0,0,0,0,0,0,0,0,0,0,0,0,0,0,169,2026-02-07 01:50:52.098504
EEC,55.68,55.67,55.69,50000000.0,50000000.0,0,0,0,0,0,0,0,0,0,0,0,0,0,0,0,0,0,0,0,0,0,0,0,0,0,0,169,2026-02-07 01:50:52.098504
TGX,43.31,43.3,43.32,50000000.0,50000000.0,0,0,0,0,0,0,0,0,0,0,0,0,0,0,0,0,0,0,0,0,0,0,0,0,0,0,170,2026-02-07 01:50:52.686102
PHR,49.35,49.34,49.36,50000000.0,50000000.0,0,0,0,0,0,0,0,0,0,0,0,0,0,0,0,0,0,0,0,0,0,0,0,0,0,0,170,2026-02-07 01:50:52.686102
BYL,43.09,43.08,43.1,50000000.0,50000000.0,0,0,0,0,0,0,0,0,0,0,0,0,0,0,0,0,0,0,0,0,0,0,0,0,0,0,170,2026-02-07 01:50:52.686102
CLD,68.11,68.1,68.12,50000000.0,50000000.0,0,0,0,0,0,0,0,0,0,0,0,0,0,0,0,0,0,0,0,0,0,0,0,0,0,0,170,2026-02-07 01:50:52.686102
GGD,32.3,32.29,32.31,50000000.0,50000000.0,0,0,0,0,0,0,0,0,0,0,0,0,0,0,0,0,0,0,0,0,0,0,0,0,0,0,170,2026-02-07 01:50:52.686102
PNR,59.72,59.71,59.73,50000000.0,50000000.0,0,0,0,0,0,0,0,0,0,0,0,0,0,0,0,0,0,0,0,0,0,0,0,0,0,0,170,2026-02-07 01:50:52.686102
FSR,30.78,30.77,30.79,50000000.0,50000000.0,0,0,0,0,0,0,0,0,0,0,0,0,0,0,0,0,0,0,0,0,0,0,0,0,0,0,170,2026-02-07 01:50:52.686102
ATB,61.77,61.76,61.78,50000000.0,50000000.0,0,0,0,0,0,0,0,0,0,0,0,0,0,0,0,0,0,0,0,0,0,0,0,0,0,0,170,2026-02-07 01:50:52.686102
SPK,56.93,56.92,56.94,50000000.0,50000000.0,0,0,0,0,0,0,0,0,0,0,0,0,0,0,0,0,0,0,0,0,0,0,0,0,0,0,170,2026-02-07 01:50:52.686102
EEC,55.86,55.85,55.87,50000000.0,50000000.0,0,0,0,0,0,0,0,0,0,0,0,0,0,0,0,0,0,0,0,0,0,0,0,0,0,0,170,2026-02-07 01:50:52.686102
TGX,43.3,43.29,43.31,50000000.0,50000000.0,0,0,0,0,0,0,0,0,0,0,0,0,0,0,0,0,0,0,0,0,0,0,0,0,0,0,171,2026-02-07 01:50:53.974561
PHR,49.3,49.29,49.31,50000000.0,50000000.0,0,0,0,0,0,0,0,0,0,0,0,0,0,0,0,0,0,0,0,0,0,0,0,0,0,0,171,2026-02-07 01:50:53.974561
BYL,42.76,42.75,42.77,50000000.0,50000000.0,0,0,0,0,0,0,0,0,0,0,0,0,0,0,0,0,0,0,0,0,0,0,0,0,0,0,171,2026-02-07 01:50:53.974561
CLD,67.54,67.53,67.55,50000000.0,50000000.0,0,0,0,0,0,0,0,0,0,0,0,0,0,0,0,0,0,0,0,0,0,0,0,0,0,0,171,2026-02-07 01:50:53.974561
GGD,32.38,32.37,32.39,50000000.0,50000000.0,0,0,0,0,0,0,0,0,0,0,0,0,0,0,0,0,0,0,0,0,0,0,0,0,0,0,171,2026-02-07 01:50:53.974561
PNR,60.02,60.01,60.03,50000000.0,50000000.0,0,0,0,0,0,0,0,0,0,0,0,0,0,0,0,0,0,0,0,0,0,0,0,0,0,0,171,2026-02-07 01:50:53.974561
FSR,30.78,30.77,30.79,50000000.0,50000000.0,0,0,0,0,0,0,0,0,0,0,0,0,0,0,0,0,0,0,0,0,0,0,0,0,0,0,171,2026-02-07 01:50:53.974561
ATB,61.93,61.92,61.94,50000000.0,50000000.0,0,0,0,0,0,0,0,0,0,0,0,0,0,0,0,0,0,0,0,0,0,0,0,0,0,0,171,2026-02-07 01:50:53.974561
SPK,56.58,56.57,56.59,50000000.0,50000000.0,0,0,0,0,0,0,0,0,0,0,0,0,0,0,0,0,0,0,0,0,0,0,0,0,0,0,171,2026-02-07 01:50:53.974561
EEC,55.23,55.22,55.24,50000000.0,50000000.0,0,0,0,0,0,0,0,0,0,0,0,0,0,0,0,0,0,0,0,0,0,0,0,0,0,0,171,2026-02-07 01:50:53.974561
TGX,43.33,43.32,43.34,50000000.0,50000000.0,0,0,0,0,0,0,0,0,0,0,0,0,0,0,0,0,0,0,0,0,0,0,0,0,0,0,172,2026-02-07 01:50:55.039031
PHR,49.01,49.0,49.02,50000000.0,50000000.0,0,0,0,0,0,0,0,0,0,0,0,0,0,0,0,0,0,0,0,0,0,0,0,0,0,0,172,2026-02-07 01:50:55.039031
BYL,42.8,42.79,42.81,50000000.0,50000000.0,0,0,0,0,0,0,0,0,0,0,0,0,0,0,0,0,0,0,0,0,0,0,0,0,0,0,172,2026-02-07 01:50:55.039031
CLD,67.61,67.6,67.62,50000000.0,50000000.0,0,0,0,0,0,0,0,0,0,0,0,0,0,0,0,0,0,0,0,0,0,0,0,0,0,0,172,2026-02-07 01:50:55.039031
GGD,32.42,32.41,32.43,50000000.0,50000000.0,0,0,0,0,0,0,0,0,0,0,0,0,0,0,0,0,0,0,0,0,0,0,0,0,0,0,172,2026-02-07 01:50:55.039031
PNR,60.34,60.33,60.35,50000000.0,50000000.0,0,0,0,0,0,0,0,0,0,0,0,0,0,0,0,0,0,0,0,0,0,0,0,0,0,0,172,2026-02-07 01:50:55.039031
FSR,30.79,30.78,30.8,50000000.0,50000000.0,0,0,0,0,0,0,0,0,0,0,0,0,0,0,0,0,0,0,0,0,0,0,0,0,0,0,172,2026-02-07 01:50:55.039031
ATB,61.78,61.77,61.79,50000000.0,50000000.0,0,0,0,0,0,0,0,0,0,0,0,0,0,0,0,0,0,0,0,0,0,0,0,0,0,0,172,2026-02-07 01:50:55.039031
SPK,56.36,56.35,56.37,50000000.0,50000000.0,0,0,0,0,0,0,0,0,0,0,0,0,0,0,0,0,0,0,0,0,0,0,0,0,0,0,172,2026-02-07 01:50:55.039031
EEC,54.89,54.88,54.9,50000000.0,50000000.0,0,0,0,0,0,0,0,0,0,0,0,0,0,0,0,0,0,0,0,0,0,0,0,0,0,0,172,2026-02-07 01:50:55.039031
TGX,43.35,43.34,43.36,50000000.0,50000000.0,0,0,0,0,0,0,0,0,0,0,0,0,0,0,0,0,0,0,0,0,0,0,0,0,0,0,173,2026-02-07 01:50:56.091064
PHR,48.59,48.58,48.6,50000000.0,50000000.0,0,0,0,0,0,0,0,0,0,0,0,0,0,0,0,0,0,0,0,0,0,0,0,0,0,0,173,2026-02-07 01:50:56.091064
BYL,42.51,42.5,42.52,50000000.0,50000000.0,0,0,0,0,0,0,0,0,0,0,0,0,0,0,0,0,0,0,0,0,0,0,0,0,0,0,173,2026-02-07 01:50:56.091064
CLD,67.12,67.11,67.13,50000000.0,50000000.0,0,0,0,0,0,0,0,0,0,0,0,0,0,0,0,0,0,0,0,0,0,0,0,0,0,0,173,2026-02-07 01:50:56.091064
GGD,32.4,32.39,32.41,50000000.0,50000000.0,0,0,0,0,0,0,0,0,0,0,0,0,0,0,0,0,0,0,0,0,0,0,0,0,0,0,173,2026-02-07 01:50:56.091064
PNR,60.35,60.34,60.36,50000000.0,50000000.0,0,0,0,0,0,0,0,0,0,0,0,0,0,0,0,0,0,0,0,0,0,0,0,0,0,0,173,2026-02-07 01:50:56.091064
FSR,30.78,30.77,30.79,50000000.0,50000000.0,0,0,0,0,0,0,0,0,0,0,0,0,0,0,0,0,0,0,0,0,0,0,0,0,0,0,173,2026-02-07 01:50:56.091064
ATB,61.7,61.69,61.71,50000000.0,50000000.0,0,0,0,0,0,0,0,0,0,0,0,0,0,0,0,0,0,0,0,0,0,0,0,0,0,0,173,2026-02-07 01:50:56.091064
SPK,56.37,56.36,56.38,50000000.0,50000000.0,0,0,0,0,0,0,0,0,0,0,0,0,0,0,0,0,0,0,0,0,0,0,0,0,0,0,173,2026-02-07 01:50:56.091064
EEC,54.8,54.79,54.81,50000000.0,50000000.0,0,0,0,0,0,0,0,0,0,0,0,0,0,0,0,0,0,0,0,0,0,0,0,0,0,0,173,2026-02-07 01:50:56.091064
TGX,43.37,43.36,43.38,50000000.0,50000000.0,0,0,0,0,0,0,0,0,0,0,0,0,0,0,0,0,0,0,0,0,0,0,0,0,0,0,174,2026-02-07 01:50:56.645186
PHR,48.36,48.35,48.37,50000000.0,50000000.0,0,0,0,0,0,0,0,0,0,0,0,0,0,0,0,0,0,0,0,0,0,0,0,0,0,0,174,2026-02-07 01:50:56.645186
BYL,42.58,42.57,42.59,50000000.0,50000000.0,0,0,0,0,0,0,0,0,0,0,0,0,0,0,0,0,0,0,0,0,0,0,0,0,0,0,174,2026-02-07 01:50:56.645186
CLD,67.18,67.17,67.19,50000000.0,50000000.0,0,0,0,0,0,0,0,0,0,0,0,0,0,0,0,0,0,0,0,0,0,0,0,0,0,0,174,2026-02-07 01:50:56.645186
GGD,32.4,32.39,32.41,50000000.0,50000000.0,0,0,0,0,0,0,0,0,0,0,0,0,0,0,0,0,0,0,0,0,0,0,0,0,0,0,174,2026-02-07 01:50:56.645186
PNR,60.45,60.44,60.46,50000000.0,50000000.0,0,0,0,0,0,0,0,0,0,0,0,0,0,0,0,0,0,0,0,0,0,0,0,0,0,0,174,2026-02-07 01:50:56.645186
FSR,30.78,30.77,30.79,50000000.0,50000000.0,0,0,0,0,0,0,0,0,0,0,0,0,0,0,0,0,0,0,0,0,0,0,0,0,0,0,174,2026-02-07 01:50:56.645186
ATB,61.71,61.7,61.72,50000000.0,50000000.0,0,0,0,0,0,0,0,0,0,0,0,0,0,0,0,0,0,0,0,0,0,0,0,0,0,0,174,2026-02-07 01:50:56.645186
SPK,56.2,56.19,56.21,50000000.0,50000000.0,0,0,0,0,0,0,0,0,0,0,0,0,0,0,0,0,0,0,0,0,0,0,0,0,0,0,174,2026-02-07 01:50:56.645186
EEC,54.46,54.45,54.47,50000000.0,50000000.0,0,0,0,0,0,0,0,0,0,0,0,0,0,0,0,0,0,0,0,0,0,0,0,0,0,0,174,2026-02-07 01:50:56.645186
TGX,43.32,43.31,43.33,50000000.0,50000000.0,0,0,0,0,0,0,0,0,0,0,0,0,0,0,0,0,0,0,0,0,0,0,0,0,0,0,175,2026-02-07 01:50:57.702813
PHR,48.29,48.28,48.3,50000000.0,50000000.0,0,0,0,0,0,0,0,0,0,0,0,0,0,0,0,0,0,0,0,0,0,0,0,0,0,0,175,2026-02-07 01:50:57.702813
BYL,42.27,42.26,42.28,50000000.0,50000000.0,0,0,0,0,0,0,0,0,0,0,0,0,0,0,0,0,0,0,0,0,0,0,0,0,0,0,175,2026-02-07 01:50:57.702813
CLD,66.56,66.55,66.57,50000000.0,50000000.0,0,0,0,0,0,0,0,0,0,0,0,0,0,0,0,0,0,0,0,0,0,0,0,0,0,0,175,2026-02-07 01:50:57.702813
GGD,32.54,32.53,32.55,50000000.0,50000000.0,0,0,0,0,0,0,0,0,0,0,0,0,0,0,0,0,0,0,0,0,0,0,0,0,0,0,175,2026-02-07 01:50:57.702813
PNR,60.74,60.73,60.75,50000000.0,50000000.0,0,0,0,0,0,0,0,0,0,0,0,0,0,0,0,0,0,0,0,0,0,0,0,0,0,0,175,2026-02-07 01:50:57.702813
FSR,30.83,30.82,30.84,50000000.0,50000000.0,0,0,0,0,0,0,0,0,0,0,0,0,0,0,0,0,0,0,0,0,0,0,0,0,0,0,175,2026-02-07 01:50:57.702813
ATB,61.59,61.58,61.6,50000000.0,50000000.0,0,0,0,0,0,0,0,0,0,0,0,0,0,0,0,0,0,0,0,0,0,0,0,0,0,0,175,2026-02-07 01:50:57.702813
SPK,56.06,56.05,56.07,50000000.0,50000000.0,0,0,0,0,0,0,0,0,0,0,0,0,0,0,0,0,0,0,0,0,0,0,0,0,0,0,175,2026-02-07 01:50:57.702813
EEC,54.26,54.25,54.27,50000000.0,50000000.0,0,0,0,0,0,0,0,0,0,0,0,0,0,0,0,0,0,0,0,0,0,0,0,0,0,0,175,2026-02-07 01:50:57.702813
TGX,43.34,43.33,43.35,50000000.0,50000000.0,0,0,0,0,0,0,0,0,0,0,0,0,0,0,0,0,0,0,0,0,0,0,0,0,0,0,176,2026-02-07 01:50:58.774064
PHR,48.49,48.48,48.5,50000000.0,50000000.0,0,0,0,0,0,0,0,0,0,0,0,0,0,0,0,0,0,0,0,0,0,0,0,0,0,0,176,2026-02-07 01:50:58.774064
BYL,42.41,42.4,42.42,50000000.0,50000000.0,0,0,0,0,0,0,0,0,0,0,0,0,0,0,0,0,0,0,0,0,0,0,0,0,0,0,176,2026-02-07 01:50:58.774064
CLD,66.89,66.88,66.9,50000000.0,50000000.0,0,0,0,0,0,0,0,0,0,0,0,0,0,0,0,0,0,0,0,0,0,0,0,0,0,0,176,2026-02-07 01:50:58.774064
GGD,32.55,32.54,32.56,50000000.0,50000000.0,0,0,0,0,0,0,0,0,0,0,0,0,0,0,0,0,0,0,0,0,0,0,0,0,0,0,176,2026-02-07 01:50:58.774064
PNR,60.64,60.63,60.65,50000000.0,50000000.0,0,0,0,0,0,0,0,0,0,0,0,0,0,0,0,0,0,0,0,0,0,0,0,0,0,0,176,2026-02-07 01:50:58.774064
FSR,30.88,30.87,30.89,50000000.0,50000000.0,0,0,0,0,0,0,0,0,0,0,0,0,0,0,0,0,0,0,0,0,0,0,0,0,0,0,176,2026-02-07 01:50:58.774064
ATB,61.57,61.56,61.58,50000000.0,50000000.0,0,0,0,0,0,0,0,0,0,0,0,0,0,0,0,0,0,0,0,0,0,0,0,0,0,0,176,2026-02-07 01:50:58.774064
SPK,56.02,56.01,56.03,50000000.0,50000000.0,0,0,0,0,0,0,0,0,0,0,0,0,0,0,0,0,0,0,0,0,0,0,0,0,0,0,176,2026-02-07 01:50:58.774064
EEC,54.17,54.16,54.18,50000000.0,50000000.0,0,0,0,0,0,0,0,0,0,0,0,0,0,0,0,0,0,0,0,0,0,0,0,0,0,0,176,2026-02-07 01:50:58.774064
TGX,43.37,43.36,43.38,50000000.0,50000000.0,0,0,0,0,0,0,0,0,0,0,0,0,0,0,0,0,0,0,0,0,0,0,0,0,0,0,177,2026-02-07 01:50:59.843707
PHR,48.12,48.11,48.13,50000000.0,50000000.0,0,0,0,0,0,0,0,0,0,0,0,0,0,0,0,0,0,0,0,0,0,0,0,0,0,0,177,2026-02-07 01:50:59.843707
BYL,42.53,42.52,42.54,50000000.0,50000000.0,0,0,0,0,0,0,0,0,0,0,0,0,0,0,0,0,0,0,0,0,0,0,0,0,0,0,177,2026-02-07 01:50:59.843707
CLD,67.01,67.0,67.02,50000000.0,50000000.0,0,0,0,0,0,0,0,0,0,0,0,0,0,0,0,0,0,0,0,0,0,0,0,0,0,0,177,2026-02-07 01:50:59.843707
GGD,32.55,32.54,32.56,50000000.0,50000000.0,0,0,0,0,0,0,0,0,0,0,0,0,0,0,0,0,0,0,0,0,0,0,0,0,0,0,177,2026-02-07 01:50:59.843707
PNR,60.66,60.65,60.67,50000000.0,50000000.0,0,0,0,0,0,0,0,0,0,0,0,0,0,0,0,0,0,0,0,0,0,0,0,0,0,0,177,2026-02-07 01:50:59.843707
FSR,30.9,30.89,30.91,50000000.0,50000000.0,0,0,0,0,0,0,0,0,0,0,0,0,0,0,0,0,0,0,0,0,0,0,0,0,0,0,177,2026-02-07 01:50:59.843707
ATB,61.51,61.5,61.52,50000000.0,50000000.0,0,0,0,0,0,0,0,0,0,0,0,0,0,0,0,0,0,0,0,0,0,0,0,0,0,0,177,2026-02-07 01:50:59.843707
SPK,56.02,56.01,56.03,50000000.0,50000000.0,0,0,0,0,0,0,0,0,0,0,0,0,0,0,0,0,0,0,0,0,0,0,0,0,0,0,177,2026-02-07 01:50:59.843707
EEC,54.12,54.11,54.13,50000000.0,50000000.0,0,0,0,0,0,0,0,0,0,0,0,0,0,0,0,0,0,0,0,0,0,0,0,0,0,0,177,2026-02-07 01:50:59.843707
TGX,43.38,43.37,43.39,50000000.0,50000000.0,0,0,0,0,0,0,0,0,0,0,0,0,0,0,0,0,0,0,0,0,0,0,0,0,0,0,178,2026-02-07 01:51:00.942279
PHR,47.91,47.9,47.92,50000000.0,50000000.0,0,0,0,0,0,0,0,0,0,0,0,0,0,0,0,0,0,0,0,0,0,0,0,0,0,0,178,2026-02-07 01:51:00.942279
BYL,42.26,42.25,42.27,50000000.0,50000000.0,0,0,0,0,0,0,0,0,0,0,0,0,0,0,0,0,0,0,0,0,0,0,0,0,0,0,178,2026-02-07 01:51:00.942279
CLD,66.39,66.38,66.4,50000000.0,50000000.0,0,0,0,0,0,0,0,0,0,0,0,0,0,0,0,0,0,0,0,0,0,0,0,0,0,0,178,2026-02-07 01:51:00.942279
GGD,32.5,32.49,32.51,50000000.0,50000000.0,0,0,0,0,0,0,0,0,0,0,0,0,0,0,0,0,0,0,0,0,0,0,0,0,0,0,178,2026-02-07 01:51:00.942279
PNR,60.6,60.59,60.61,50000000.0,50000000.0,0,0,0,0,0,0,0,0,0,0,0,0,0,0,0,0,0,0,0,0,0,0,0,0,0,0,178,2026-02-07 01:51:00.942279
FSR,30.9,30.89,30.91,50000000.0,50000000.0,0,0,0,0,0,0,0,0,0,0,0,0,0,0,0,0,0,0,0,0,0,0,0,0,0,0,178,2026-02-07 01:51:00.942279
ATB,61.34,61.33,61.35,50000000.0,50000000.0,0,0,0,0,0,0,0,0,0,0,0,0,0,0,0,0,0,0,0,0,0,0,0,0,0,0,178,2026-02-07 01:51:00.942279
SPK,56.13,56.12,56.14,50000000.0,50000000.0,0,0,0,0,0,0,0,0,0,0,0,0,0,0,0,0,0,0,0,0,0,0,0,0,0,0,178,2026-02-07 01:51:00.942279
EEC,54.4,54.39,54.41,50000000.0,50000000.0,0,0,0,0,0,0,0,0,0,0,0,0,0,0,0,0,0,0,0,0,0,0,0,0,0,0,178,2026-02-07 01:51:00.942279
TGX,43.36,43.35,43.37,50000000.0,50000000.0,0,0,0,0,0,0,0,0,0,0,0,0,0,0,0,0,0,0,0,0,0,0,0,0,0,0,179,2026-02-07 01:51:02.011441
PHR,47.98,47.97,47.99,50000000.0,50000000.0,0,0,0,0,0,0,0,0,0,0,0,0,0,0,0,0,0,0,0,0,0,0,0,0,0,0,179,2026-02-07 01:51:02.011441
BYL,42.24,42.23,42.25,50000000.0,50000000.0,0,0,0,0,0,0,0,0,0,0,0,0,0,0,0,0,0,0,0,0,0,0,0,0,0,0,179,2026-02-07 01:51:02.011441
CLD,66.34,66.33,66.35,50000000.0,50000000.0,0,0,0,0,0,0,0,0,0,0,0,0,0,0,0,0,0,0,0,0,0,0,0,0,0,0,179,2026-02-07 01:51:02.011441
GGD,32.42,32.41,32.43,50000000.0,50000000.0,0,0,0,0,0,0,0,0,0,0,0,0,0,0,0,0,0,0,0,0,0,0,0,0,0,0,179,2026-02-07 01:51:02.011441
PNR,60.31,60.3,60.32,50000000.0,50000000.0,0,0,0,0,0,0,0,0,0,0,0,0,0,0,0,0,0,0,0,0,0,0,0,0,0,0,179,2026-02-07 01:51:02.011441
FSR,30.9,30.89,30.91,50000000.0,50000000.0,0,0,0,0,0,0,0,0,0,0,0,0,0,0,0,0,0,0,0,0,0,0,0,0,0,0,179,2026-02-07 01:51:02.011441
ATB,61.24,61.23,61.25,50000000.0,50000000.0,0,0,0,0,0,0,0,0,0,0,0,0,0,0,0,0,0,0,0,0,0,0,0,0,0,0,179,2026-02-07 01:51:02.011441
SPK,56.06,56.05,56.07,50000000.0,50000000.0,0,0,0,0,0,0,0,0,0,0,0,0,0,0,0,0,0,0,0,0,0,0,0,0,0,0,179,2026-02-07 01:51:02.011441
EEC,54.25,54.24,54.26,50000000.0,50000000.0,0,0,0,0,0,0,0,0,0,0,0,0,0,0,0,0,0,0,0,0,0,0,0,0,0,0,179,2026-02-07 01:51:02.011441
TGX,43.34,43.33,43.35,50000000.0,50000000.0,0,0,0,0,0,0,0,0,0,0,0,0,0,0,0,0,0,0,0,0,0,0,0,0,0,0,180,2026-02-07 01:51:03.057472
PHR,48.2,48.19,48.21,50000000.0,50000000.0,0,0,0,0,0,0,0,0,0,0,0,0,0,0,0,0,0,0,0,0,0,0,0,0,0,0,180,2026-02-07 01:51:03.057472
BYL,42.24,42.23,42.25,50000000.0,50000000.0,0,0,0,0,0,0,0,0,0,0,0,0,0,0,0,0,0,0,0,0,0,0,0,0,0,0,180,2026-02-07 01:51:03.057472
CLD,66.37,66.36,66.38,50000000.0,50000000.0,0,0,0,0,0,0,0,0,0,0,0,0,0,0,0,0,0,0,0,0,0,0,0,0,0,0,180,2026-02-07 01:51:03.057472
GGD,32.39,32.38,32.4,50000000.0,50000000.0,0,0,0,0,0,0,0,0,0,0,0,0,0,0,0,0,0,0,0,0,0,0,0,0,0,0,180,2026-02-07 01:51:03.057472
PNR,60.49,60.48,60.5,50000000.0,50000000.0,0,0,0,0,0,0,0,0,0,0,0,0,0,0,0,0,0,0,0,0,0,0,0,0,0,0,180,2026-02-07 01:51:03.057472
FSR,30.86,30.85,30.87,50000000.0,50000000.0,0,0,0,0,0,0,0,0,0,0,0,0,0,0,0,0,0,0,0,0,0,0,0,0,0,0,180,2026-02-07 01:51:03.057472
ATB,61.31,61.3,61.32,50000000.0,50000000.0,0,0,0,0,0,0,0,0,0,0,0,0,0,0,0,0,0,0,0,0,0,0,0,0,0,0,180,2026-02-07 01:51:03.057472
SPK,55.91,55.9,55.92,50000000.0,50000000.0,0,0,0,0,0,0,0,0,0,0,0,0,0,0,0,0,0,0,0,0,0,0,0,0,0,0,180,2026-02-07 01:51:03.057472
EEC,53.99,53.98,54.0,50000000.0,50000000.0,0,0,0,0,0,0,0,0,0,0,0,0,0,0,0,0,0,0,0,0,0,0,0,0,0,0,180,2026-02-07 01:51:03.057472
TGX,43.33,43.32,43.34,50000000.0,50000000.0,0,0,0,0,0,0,0,0,0,0,0,0,0,0,0,0,0,0,0,0,0,0,0,0,0,0,181,2026-02-07 01:51:04.115083
PHR,48.26,48.25,48.27,50000000.0,50000000.0,0,0,0,0,0,0,0,0,0,0,0,0,0,0,0,0,0,0,0,0,0,0,0,0,0,0,181,2026-02-07 01:51:04.115083
BYL,42.15,42.14,42.16,50000000.0,50000000.0,0,0,0,0,0,0,0,0,0,0,0,0,0,0,0,0,0,0,0,0,0,0,0,0,0,0,181,2026-02-07 01:51:04.115083
CLD,66.2,66.19,66.21,50000000.0,50000000.0,0,0,0,0,0,0,0,0,0,0,0,0,0,0,0,0,0,0,0,0,0,0,0,0,0,0,181,2026-02-07 01:51:04.115083
GGD,32.39,32.38,32.4,50000000.0,50000000.0,0,0,0,0,0,0,0,0,0,0,0,0,0,0,0,0,0,0,0,0,0,0,0,0,0,0,181,2026-02-07 01:51:04.115083
PNR,60.4,60.39,60.41,50000000.0,50000000.0,0,0,0,0,0,0,0,0,0,0,0,0,0,0,0,0,0,0,0,0,0,0,0,0,0,0,181,2026-02-07 01:51:04.115083
FSR,30.82,30.81,30.83,50000000.0,50000000.0,0,0,0,0,0,0,0,0,0,0,0,0,0,0,0,0,0,0,0,0,0,0,0,0,0,0,181,2026-02-07 01:51:04.115083
ATB,61.45,61.44,61.46,50000000.0,50000000.0,0,0,0,0,0,0,0,0,0,0,0,0,0,0,0,0,0,0,0,0,0,0,0,0,0,0,181,2026-02-07 01:51:04.115083
SPK,55.93,55.92,55.94,50000000.0,50000000.0,0,0,0,0,0,0,0,0,0,0,0,0,0,0,0,0,0,0,0,0,0,0,0,0,0,0,181,2026-02-07 01:51:04.115083
EEC,54.09,54.08,54.1,50000000.0,50000000.0,0,0,0,0,0,0,0,0,0,0,0,0,0,0,0,0,0,0,0,0,0,0,0,0,0,0,181,2026-02-07 01:51:04.115083
TGX,43.36,43.35,43.37,50000000.0,50000000.0,0,0,0,0,0,0,0,0,0,0,0,0,0,0,0,0,0,0,0,0,0,0,0,0,0,0,182,2026-02-07 01:51:05.174569
PHR,48.35,48.34,48.36,50000000.0,50000000.0,0,0,0,0,0,0,0,0,0,0,0,0,0,0,0,0,0,0,0,0,0,0,0,0,0,0,182,2026-02-07 01:51:05.174569
BYL,42.3,42.29,42.31,50000000.0,50000000.0,0,0,0,0,0,0,0,0,0,0,0,0,0,0,0,0,0,0,0,0,0,0,0,0,0,0,182,2026-02-07 01:51:05.174569
CLD,66.52,66.51,66.53,50000000.0,50000000.0,0,0,0,0,0,0,0,0,0,0,0,0,0,0,0,0,0,0,0,0,0,0,0,0,0,0,182,2026-02-07 01:51:05.174569
GGD,32.38,32.37,32.39,50000000.0,50000000.0,0,0,0,0,0,0,0,0,0,0,0,0,0,0,0,0,0,0,0,0,0,0,0,0,0,0,182,2026-02-07 01:51:05.174569
PNR,60.44,60.43,60.45,50000000.0,50000000.0,0,0,0,0,0,0,0,0,0,0,0,0,0,0,0,0,0,0,0,0,0,0,0,0,0,0,182,2026-02-07 01:51:05.174569
FSR,30.81,30.8,30.82,50000000.0,50000000.0,0,0,0,0,0,0,0,0,0,0,0,0,0,0,0,0,0,0,0,0,0,0,0,0,0,0,182,2026-02-07 01:51:05.174569
ATB,61.45,61.44,61.46,50000000.0,50000000.0,0,0,0,0,0,0,0,0,0,0,0,0,0,0,0,0,0,0,0,0,0,0,0,0,0,0,182,2026-02-07 01:51:05.174569
SPK,55.92,55.91,55.93,50000000.0,50000000.0,0,0,0,0,0,0,0,0,0,0,0,0,0,0,0,0,0,0,0,0,0,0,0,0,0,0,182,2026-02-07 01:51:05.174569
EEC,54.04,54.03,54.05,50000000.0,50000000.0,0,0,0,0,0,0,0,0,0,0,0,0,0,0,0,0,0,0,0,0,0,0,0,0,0,0,182,2026-02-07 01:51:05.174569
TGX,43.36,43.35,43.37,50000000.0,50000000.0,0,0,0,0,0,0,0,0,0,0,0,0,0,0,0,0,0,0,0,0,0,0,0,0,0,0,183,2026-02-07 01:51:05.726370
PHR,48.39,48.38,48.4,50000000.0,50000000.0,0,0,0,0,0,0,0,0,0,0,0,0,0,0,0,0,0,0,0,0,0,0,0,0,0,0,183,2026-02-07 01:51:05.726370
BYL,42.49,42.48,42.5,50000000.0,50000000.0,0,0,0,0,0,0,0,0,0,0,0,0,0,0,0,0,0,0,0,0,0,0,0,0,0,0,183,2026-02-07 01:51:05.726370
CLD,66.91,66.9,66.92,50000000.0,50000000.0,0,0,0,0,0,0,0,0,0,0,0,0,0,0,0,0,0,0,0,0,0,0,0,0,0,0,183,2026-02-07 01:51:05.726370
GGD,32.42,32.41,32.43,50000000.0,50000000.0,0,0,0,0,0,0,0,0,0,0,0,0,0,0,0,0,0,0,0,0,0,0,0,0,0,0,183,2026-02-07 01:51:05.726370
PNR,60.16,60.15,60.17,50000000.0,50000000.0,0,0,0,0,0,0,0,0,0,0,0,0,0,0,0,0,0,0,0,0,0,0,0,0,0,0,183,2026-02-07 01:51:05.726370
FSR,30.82,30.81,30.83,50000000.0,50000000.0,0,0,0,0,0,0,0,0,0,0,0,0,0,0,0,0,0,0,0,0,0,0,0,0,0,0,183,2026-02-07 01:51:05.726370
ATB,61.19,61.18,61.2,50000000.0,50000000.0,0,0,0,0,0,0,0,0,0,0,0,0,0,0,0,0,0,0,0,0,0,0,0,0,0,0,183,2026-02-07 01:51:05.726370
SPK,55.98,55.97,55.99,50000000.0,50000000.0,0,0,0,0,0,0,0,0,0,0,0,0,0,0,0,0,0,0,0,0,0,0,0,0,0,0,183,2026-02-07 01:51:05.726370
EEC,54.1,54.09,54.11,50000000.0,50000000.0,0,0,0,0,0,0,0,0,0,0,0,0,0,0,0,0,0,0,0,0,0,0,0,0,0,0,183,2026-02-07 01:51:05.726370
TGX,43.33,43.32,43.34,50000000.0,50000000.0,0,0,0,0,0,0,0,0,0,0,0,0,0,0,0,0,0,0,0,0,0,0,0,0,0,0,184,2026-02-07 01:51:06.784054
PHR,47.99,47.98,48.0,50000000.0,50000000.0,0,0,0,0,0,0,0,0,0,0,0,0,0,0,0,0,0,0,0,0,0,0,0,0,0,0,184,2026-02-07 01:51:06.784054
BYL,42.76,42.75,42.77,50000000.0,50000000.0,0,0,0,0,0,0,0,0,0,0,0,0,0,0,0,0,0,0,0,0,0,0,0,0,0,0,184,2026-02-07 01:51:06.784054
CLD,67.43,67.42,67.44,50000000.0,50000000.0,0,0,0,0,0,0,0,0,0,0,0,0,0,0,0,0,0,0,0,0,0,0,0,0,0,0,184,2026-02-07 01:51:06.784054
GGD,32.45,32.44,32.46,50000000.0,50000000.0,0,0,0,0,0,0,0,0,0,0,0,0,0,0,0,0,0,0,0,0,0,0,0,0,0,0,184,2026-02-07 01:51:06.784054
PNR,60.46,60.45,60.47,50000000.0,50000000.0,0,0,0,0,0,0,0,0,0,0,0,0,0,0,0,0,0,0,0,0,0,0,0,0,0,0,184,2026-02-07 01:51:06.784054
FSR,30.8,30.79,30.81,50000000.0,50000000.0,0,0,0,0,0,0,0,0,0,0,0,0,0,0,0,0,0,0,0,0,0,0,0,0,0,0,184,2026-02-07 01:51:06.784054
ATB,61.11,61.1,61.12,50000000.0,50000000.0,0,0,0,0,0,0,0,0,0,0,0,0,0,0,0,0,0,0,0,0,0,0,0,0,0,0,184,2026-02-07 01:51:06.784054
SPK,56.16,56.15,56.17,50000000.0,50000000.0,0,0,0,0,0,0,0,0,0,0,0,0,0,0,0,0,0,0,0,0,0,0,0,0,0,0,184,2026-02-07 01:51:06.784054
EEC,54.46,54.45,54.47,50000000.0,50000000.0,0,0,0,0,0,0,0,0,0,0,0,0,0,0,0,0,0,0,0,0,0,0,0,0,0,0,184,2026-02-07 01:51:06.784054
TGX,43.33,43.32,43.34,50000000.0,50000000.0,0,0,0,0,0,0,0,0,0,0,0,0,0,0,0,0,0,0,0,0,0,0,0,0,0,0,185,2026-02-07 01:51:07.856544
PHR,48.18,48.17,48.19,50000000.0,50000000.0,0,0,0,0,0,0,0,0,0,0,0,0,0,0,0,0,0,0,0,0,0,0,0,0,0,0,185,2026-02-07 01:51:07.856544
BYL,42.7,42.69,42.71,50000000.0,50000000.0,0,0,0,0,0,0,0,0,0,0,0,0,0,0,0,0,0,0,0,0,0,0,0,0,0,0,185,2026-02-07 01:51:07.856544
CLD,67.34,67.33,67.35,50000000.0,50000000.0,0,0,0,0,0,0,0,0,0,0,0,0,0,0,0,0,0,0,0,0,0,0,0,0,0,0,185,2026-02-07 01:51:07.856544
GGD,32.38,32.37,32.39,50000000.0,50000000.0,0,0,0,0,0,0,0,0,0,0,0,0,0,0,0,0,0,0,0,0,0,0,0,0,0,0,185,2026-02-07 01:51:07.856544
PNR,59.88,59.87,59.89,50000000.0,50000000.0,0,0,0,0,0,0,0,0,0,0,0,0,0,0,0,0,0,0,0,0,0,0,0,0,0,0,185,2026-02-07 01:51:07.856544
FSR,30.84,30.83,30.85,50000000.0,50000000.0,0,0,0,0,0,0,0,0,0,0,0,0,0,0,0,0,0,0,0,0,0,0,0,0,0,0,185,2026-02-07 01:51:07.856544
ATB,61.03,61.02,61.04,50000000.0,50000000.0,0,0,0,0,0,0,0,0,0,0,0,0,0,0,0,0,0,0,0,0,0,0,0,0,0,0,185,2026-02-07 01:51:07.856544
SPK,56.11,56.1,56.12,50000000.0,50000000.0,0,0,0,0,0,0,0,0,0,0,0,0,0,0,0,0,0,0,0,0,0,0,0,0,0,0,185,2026-02-07 01:51:07.856544
EEC,54.41,54.4,54.42,50000000.0,50000000.0,0,0,0,0,0,0,0,0,0,0,0,0,0,0,0,0,0,0,0,0,0,0,0,0,0,0,185,2026-02-07 01:51:07.856544
TGX,43.32,43.31,43.33,50000000.0,50000000.0,0,0,0,0,0,0,0,0,0,0,0,0,0,0,0,0,0,0,0,0,0,0,0,0,0,0,186,2026-02-07 01:51:08.921398,13.0,1.0,185.0,D4-FSR/ATB,Closing Timeline Extended,Expected closing moved from Q2 to Q3 to accommodate extended regulatory review period.
PHR,48.64,48.63,48.65,50000000.0,50000000.0,0,0,0,0,0,0,0,0,0,0,0,0,0,0,0,0,0,0,0,0,0,0,0,0,0,0,186,2026-02-07 01:51:08.921398,,,,,,
BYL,42.75,42.74,42.76,50000000.0,50000000.0,0,0,0,0,0,0,0,0,0,0,0,0,0,0,0,0,0,0,0,0,0,0,0,0,0,0,186,2026-02-07 01:51:08.921398,,,,,,
CLD,67.48,67.47,67.49,50000000.0,50000000.0,0,0,0,0,0,0,0,0,0,0,0,0,0,0,0,0,0,0,0,0,0,0,0,0,0,0,186,2026-02-07 01:51:08.921398,,,,,,
GGD,32.36,32.35,32.37,50000000.0,50000000.0,0,0,0,0,0,0,0,0,0,0,0,0,0,0,0,0,0,0,0,0,0,0,0,0,0,0,186,2026-02-07 01:51:08.921398,,,,,,
PNR,59.71,59.7,59.72,50000000.0,50000000.0,0,0,0,0,0,0,0,0,0,0,0,0,0,0,0,0,0,0,0,0,0,0,0,0,0,0,186,2026-02-07 01:51:08.921398,,,,,,
FSR,30.87,30.86,30.88,50000000.0,50000000.0,0,0,0,0,0,0,0,0,0,0,0,0,0,0,0,0,0,0,0,0,0,0,0,0,0,0,186,2026-02-07 01:51:08.921398,,,,,,
ATB,61.03,61.02,61.04,50000000.0,50000000.0,0,0,0,0,0,0,0,0,0,0,0,0,0,0,0,0,0,0,0,0,0,0,0,0,0,0,186,2026-02-07 01:51:08.921398,,,,,,
SPK,56.33,56.32,56.34,50000000.0,50000000.0,0,0,0,0,0,0,0,0,0,0,0,0,0,0,0,0,0,0,0,0,0,0,0,0,0,0,186,2026-02-07 01:51:08.921398,,,,,,
EEC,54.76,54.75,54.77,50000000.0,50000000.0,0,0,0,0,0,0,0,0,0,0,0,0,0,0,0,0,0,0,0,0,0,0,0,0,0,0,186,2026-02-07 01:51:08.921398,,,,,,
TGX,43.27,43.26,43.28,50000000.0,50000000.0,0,0,0,0,0,0,0,0,0,0,0,0,0,0,0,0,0,0,0,0,0,0,0,0,0,0,187,2026-02-07 01:51:10.006297
PHR,48.23,48.22,48.24,50000000.0,50000000.0,0,0,0,0,0,0,0,0,0,0,0,0,0,0,0,0,0,0,0,0,0,0,0,0,0,0,187,2026-02-07 01:51:10.006297
BYL,42.77,42.76,42.78,50000000.0,50000000.0,0,0,0,0,0,0,0,0,0,0,0,0,0,0,0,0,0,0,0,0,0,0,0,0,0,0,187,2026-02-07 01:51:10.006297
CLD,67.56,67.55,67.57,50000000.0,50000000.0,0,0,0,0,0,0,0,0,0,0,0,0,0,0,0,0,0,0,0,0,0,0,0,0,0,0,187,2026-02-07 01:51:10.006297
GGD,32.31,32.3,32.32,50000000.0,50000000.0,0,0,0,0,0,0,0,0,0,0,0,0,0,0,0,0,0,0,0,0,0,0,0,0,0,0,187,2026-02-07 01:51:10.006297
PNR,59.7,59.69,59.71,50000000.0,50000000.0,0,0,0,0,0,0,0,0,0,0,0,0,0,0,0,0,0,0,0,0,0,0,0,0,0,0,187,2026-02-07 01:51:10.006297
FSR,30.88,30.87,30.89,50000000.0,50000000.0,0,0,0,0,0,0,0,0,0,0,0,0,0,0,0,0,0,0,0,0,0,0,0,0,0,0,187,2026-02-07 01:51:10.006297
ATB,60.96,60.95,60.97,50000000.0,50000000.0,0,0,0,0,0,0,0,0,0,0,0,0,0,0,0,0,0,0,0,0,0,0,0,0,0,0,187,2026-02-07 01:51:10.006297
SPK,56.41,56.4,56.42,50000000.0,50000000.0,0,0,0,0,0,0,0,0,0,0,0,0,0,0,0,0,0,0,0,0,0,0,0,0,0,0,187,2026-02-07 01:51:10.006297
EEC,54.96,54.95,54.97,50000000.0,50000000.0,0,0,0,0,0,0,0,0,0,0,0,0,0,0,0,0,0,0,0,0,0,0,0,0,0,0,187,2026-02-07 01:51:10.006297
TGX,43.26,43.25,43.27,50000000.0,50000000.0,0,0,0,0,0,0,0,0,0,0,0,0,0,0,0,0,0,0,0,0,0,0,0,0,0,0,188,2026-02-07 01:51:11.089571
PHR,48.23,48.22,48.24,50000000.0,50000000.0,0,0,0,0,0,0,0,0,0,0,0,0,0,0,0,0,0,0,0,0,0,0,0,0,0,0,188,2026-02-07 01:51:11.089571
BYL,42.5,42.49,42.51,50000000.0,50000000.0,0,0,0,0,0,0,0,0,0,0,0,0,0,0,0,0,0,0,0,0,0,0,0,0,0,0,188,2026-02-07 01:51:11.089571
CLD,67.08,67.07,67.09,50000000.0,50000000.0,0,0,0,0,0,0,0,0,0,0,0,0,0,0,0,0,0,0,0,0,0,0,0,0,0,0,188,2026-02-07 01:51:11.089571
GGD,32.34,32.33,32.35,50000000.0,50000000.0,0,0,0,0,0,0,0,0,0,0,0,0,0,0,0,0,0,0,0,0,0,0,0,0,0,0,188,2026-02-07 01:51:11.089571
PNR,59.79,59.78,59.8,50000000.0,50000000.0,0,0,0,0,0,0,0,0,0,0,0,0,0,0,0,0,0,0,0,0,0,0,0,0,0,0,188,2026-02-07 01:51:11.089571
FSR,30.87,30.86,30.88,50000000.0,50000000.0,0,0,0,0,0,0,0,0,0,0,0,0,0,0,0,0,0,0,0,0,0,0,0,0,0,0,188,2026-02-07 01:51:11.089571
ATB,60.95,60.94,60.96,50000000.0,50000000.0,0,0,0,0,0,0,0,0,0,0,0,0,0,0,0,0,0,0,0,0,0,0,0,0,0,0,188,2026-02-07 01:51:11.089571
SPK,56.54,56.53,56.55,50000000.0,50000000.0,0,0,0,0,0,0,0,0,0,0,0,0,0,0,0,0,0,0,0,0,0,0,0,0,0,0,188,2026-02-07 01:51:11.089571
EEC,55.12,55.11,55.13,50000000.0,50000000.0,0,0,0,0,0,0,0,0,0,0,0,0,0,0,0,0,0,0,0,0,0,0,0,0,0,0,188,2026-02-07 01:51:11.089571
TGX,43.23,43.22,43.24,50000000.0,50000000.0,0,0,0,0,0,0,0,0,0,0,0,0,0,0,0,0,0,0,0,0,0,0,0,0,0,0,189,2026-02-07 01:51:12.156057
PHR,48.51,48.5,48.52,50000000.0,50000000.0,0,0,0,0,0,0,0,0,0,0,0,0,0,0,0,0,0,0,0,0,0,0,0,0,0,0,189,2026-02-07 01:51:12.156057
BYL,42.6,42.59,42.61,50000000.0,50000000.0,0,0,0,0,0,0,0,0,0,0,0,0,0,0,0,0,0,0,0,0,0,0,0,0,0,0,189,2026-02-07 01:51:12.156057
CLD,67.33,67.32,67.34,50000000.0,50000000.0,0,0,0,0,0,0,0,0,0,0,0,0,0,0,0,0,0,0,0,0,0,0,0,0,0,0,189,2026-02-07 01:51:12.156057
GGD,32.35,32.34,32.36,50000000.0,50000000.0,0,0,0,0,0,0,0,0,0,0,0,0,0,0,0,0,0,0,0,0,0,0,0,0,0,0,189,2026-02-07 01:51:12.156057
PNR,59.78,59.77,59.79,50000000.0,50000000.0,0,0,0,0,0,0,0,0,0,0,0,0,0,0,0,0,0,0,0,0,0,0,0,0,0,0,189,2026-02-07 01:51:12.156057
FSR,30.87,30.86,30.88,50000000.0,50000000.0,0,0,0,0,0,0,0,0,0,0,0,0,0,0,0,0,0,0,0,0,0,0,0,0,0,0,189,2026-02-07 01:51:12.156057
ATB,60.88,60.87,60.89,50000000.0,50000000.0,0,0,0,0,0,0,0,0,0,0,0,0,0,0,0,0,0,0,0,0,0,0,0,0,0,0,189,2026-02-07 01:51:12.156057
SPK,56.52,56.51,56.53,50000000.0,50000000.0,0,0,0,0,0,0,0,0,0,0,0,0,0,0,0,0,0,0,0,0,0,0,0,0,0,0,189,2026-02-07 01:51:12.156057
EEC,55.13,55.12,55.14,50000000.0,50000000.0,0,0,0,0,0,0,0,0,0,0,0,0,0,0,0,0,0,0,0,0,0,0,0,0,0,0,189,2026-02-07 01:51:12.156057
TGX,43.25,43.24,43.26,50000000.0,50000000.0,0,0,0,0,0,0,0,0,0,0,0,0,0,0,0,0,0,0,0,0,0,0,0,0,0,0,190,2026-02-07 01:51:12.713853
PHR,48.49,48.48,48.5,50000000.0,50000000.0,0,0,0,0,0,0,0,0,0,0,0,0,0,0,0,0,0,0,0,0,0,0,0,0,0,0,190,2026-02-07 01:51:12.713853
BYL,42.74,42.73,42.75,50000000.0,50000000.0,0,0,0,0,0,0,0,0,0,0,0,0,0,0,0,0,0,0,0,0,0,0,0,0,0,0,190,2026-02-07 01:51:12.713853
CLD,67.61,67.6,67.62,50000000.0,50000000.0,0,0,0,0,0,0,0,0,0,0,0,0,0,0,0,0,0,0,0,0,0,0,0,0,0,0,190,2026-02-07 01:51:12.713853
GGD,32.33,32.32,32.34,50000000.0,50000000.0,0,0,0,0,0,0,0,0,0,0,0,0,0,0,0,0,0,0,0,0,0,0,0,0,0,0,190,2026-02-07 01:51:12.713853
PNR,59.63,59.62,59.64,50000000.0,50000000.0,0,0,0,0,0,0,0,0,0,0,0,0,0,0,0,0,0,0,0,0,0,0,0,0,0,0,190,2026-02-07 01:51:12.713853
FSR,30.92,30.91,30.93,50000000.0,50000000.0,0,0,0,0,0,0,0,0,0,0,0,0,0,0,0,0,0,0,0,0,0,0,0,0,0,0,190,2026-02-07 01:51:12.713853
ATB,60.83,60.82,60.84,50000000.0,50000000.0,0,0,0,0,0,0,0,0,0,0,0,0,0,0,0,0,0,0,0,0,0,0,0,0,0,0,190,2026-02-07 01:51:12.713853
SPK,56.38,56.37,56.39,50000000.0,50000000.0,0,0,0,0,0,0,0,0,0,0,0,0,0,0,0,0,0,0,0,0,0,0,0,0,0,0,190,2026-02-07 01:51:12.713853
EEC,54.84,54.83,54.85,50000000.0,50000000.0,0,0,0,0,0,0,0,0,0,0,0,0,0,0,0,0,0,0,0,0,0,0,0,0,0,0,190,2026-02-07 01:51:12.713853
TGX,43.23,43.22,43.24,50000000.0,50000000.0,0,0,0,0,0,0,0,0,0,0,0,0,0,0,0,0,0,0,0,0,0,0,0,0,0,0,191,2026-02-07 01:51:13.773168,14.0,1.0,190.0,D5-SPK/EEC,Political Opposition Emerges From Fossil Fuel-Dependent States,"Legislators from several states with significant fossil fuel industries have publicly criticized the SolarPeak/EastEnergy merger, arguing it would accelerate energy transition at the expense of grid reliability and existing energy jobs. While the opposition is primarily political and lacks direct regulatory authority over the FERC approval process, it could influence the terms of any negotiated conditions or create additional procedural delays."
PHR,48.52,48.51,48.53,50000000.0,50000000.0,0,0,0,0,0,0,0,0,0,0,0,0,0,0,0,0,0,0,0,0,0,0,0,0,0,0,191,2026-02-07 01:51:13.773168,,,,,,
BYL,42.89,42.88,42.9,50000000.0,50000000.0,0,0,0,0,0,0,0,0,0,0,0,0,0,0,0,0,0,0,0,0,0,0,0,0,0,0,191,2026-02-07 01:51:13.773168,,,,,,
CLD,67.89,67.88,67.9,50000000.0,50000000.0,0,0,0,0,0,0,0,0,0,0,0,0,0,0,0,0,0,0,0,0,0,0,0,0,0,0,191,2026-02-07 01:51:13.773168,,,,,,
GGD,32.32,32.31,32.33,50000000.0,50000000.0,0,0,0,0,0,0,0,0,0,0,0,0,0,0,0,0,0,0,0,0,0,0,0,0,0,0,191,2026-02-07 01:51:13.773168,,,,,,
PNR,59.77,59.76,59.78,50000000.0,50000000.0,0,0,0,0,0,0,0,0,0,0,0,0,0,0,0,0,0,0,0,0,0,0,0,0,0,0,191,2026-02-07 01:51:13.773168,,,,,,
FSR,30.92,30.91,30.93,50000000.0,50000000.0,0,0,0,0,0,0,0,0,0,0,0,0,0,0,0,0,0,0,0,0,0,0,0,0,0,0,191,2026-02-07 01:51:13.773168,,,,,,
ATB,60.95,60.94,60.96,50000000.0,50000000.0,0,0,0,0,0,0,0,0,0,0,0,0,0,0,0,0,0,0,0,0,0,0,0,0,0,0,191,2026-02-07 01:51:13.773168,,,,,,
SPK,56.16,56.15,56.17,50000000.0,50000000.0,0,0,0,0,0,0,0,0,0,0,0,0,0,0,0,0,0,0,0,0,0,0,0,0,0,0,191,2026-02-07 01:51:13.773168,,,,,,
EEC,54.47,54.46,54.48,50000000.0,50000000.0,0,0,0,0,0,0,0,0,0,0,0,0,0,0,0,0,0,0,0,0,0,0,0,0,0,0,191,2026-02-07 01:51:13.773168,,,,,,
TGX,43.23,43.22,43.24,50000000.0,50000000.0,0,0,0,0,0,0,0,0,0,0,0,0,0,0,0,0,0,0,0,0,0,0,0,0,0,0,192,2026-02-07 01:51:14.852469
PHR,48.65,48.64,48.66,50000000.0,50000000.0,0,0,0,0,0,0,0,0,0,0,0,0,0,0,0,0,0,0,0,0,0,0,0,0,0,0,192,2026-02-07 01:51:14.852469
BYL,42.93,42.92,42.94,50000000.0,50000000.0,0,0,0,0,0,0,0,0,0,0,0,0,0,0,0,0,0,0,0,0,0,0,0,0,0,0,192,2026-02-07 01:51:14.852469
CLD,67.85,67.84,67.86,50000000.0,50000000.0,0,0,0,0,0,0,0,0,0,0,0,0,0,0,0,0,0,0,0,0,0,0,0,0,0,0,192,2026-02-07 01:51:14.852469
GGD,32.34,32.33,32.35,50000000.0,50000000.0,0,0,0,0,0,0,0,0,0,0,0,0,0,0,0,0,0,0,0,0,0,0,0,0,0,0,192,2026-02-07 01:51:14.852469
PNR,59.78,59.77,59.79,50000000.0,50000000.0,0,0,0,0,0,0,0,0,0,0,0,0,0,0,0,0,0,0,0,0,0,0,0,0,0,0,192,2026-02-07 01:51:14.852469
FSR,30.92,30.91,30.93,50000000.0,50000000.0,0,0,0,0,0,0,0,0,0,0,0,0,0,0,0,0,0,0,0,0,0,0,0,0,0,0,192,2026-02-07 01:51:14.852469
ATB,61.1,61.09,61.11,50000000.0,50000000.0,0,0,0,0,0,0,0,0,0,0,0,0,0,0,0,0,0,0,0,0,0,0,0,0,0,0,192,2026-02-07 01:51:14.852469
SPK,56.02,56.01,56.03,50000000.0,50000000.0,0,0,0,0,0,0,0,0,0,0,0,0,0,0,0,0,0,0,0,0,0,0,0,0,0,0,192,2026-02-07 01:51:14.852469
EEC,54.27,54.26,54.28,50000000.0,50000000.0,0,0,0,0,0,0,0,0,0,0,0,0,0,0,0,0,0,0,0,0,0,0,0,0,0,0,192,2026-02-07 01:51:14.852469
TGX,43.21,43.2,43.22,50000000.0,50000000.0,0,0,0,0,0,0,0,0,0,0,0,0,0,0,0,0,0,0,0,0,0,0,0,0,0,0,193,2026-02-07 01:51:15.915894,15.0,1.0,192.0,D5-SPK/EEC,Definitive Agreement Announced,SolarPeak and EastEnergy execute merger agreement with expected closing in 6-9 months.
PHR,48.8,48.79,48.81,50000000.0,50000000.0,0,0,0,0,0,0,0,0,0,0,0,0,0,0,0,0,0,0,0,0,0,0,0,0,0,0,193,2026-02-07 01:51:15.915894,,,,,,
BYL,42.8,42.79,42.81,50000000.0,50000000.0,0,0,0,0,0,0,0,0,0,0,0,0,0,0,0,0,0,0,0,0,0,0,0,0,0,0,193,2026-02-07 01:51:15.915894,,,,,,
CLD,67.66,67.65,67.67,50000000.0,50000000.0,0,0,0,0,0,0,0,0,0,0,0,0,0,0,0,0,0,0,0,0,0,0,0,0,0,0,193,2026-02-07 01:51:15.915894,,,,,,
GGD,32.4,32.39,32.41,50000000.0,50000000.0,0,0,0,0,0,0,0,0,0,0,0,0,0,0,0,0,0,0,0,0,0,0,0,0,0,0,193,2026-02-07 01:51:15.915894,,,,,,
PNR,59.97,59.96,59.98,50000000.0,50000000.0,0,0,0,0,0,0,0,0,0,0,0,0,0,0,0,0,0,0,0,0,0,0,0,0,0,0,193,2026-02-07 01:51:15.915894,,,,,,
FSR,30.91,30.9,30.92,50000000.0,50000000.0,0,0,0,0,0,0,0,0,0,0,0,0,0,0,0,0,0,0,0,0,0,0,0,0,0,0,193,2026-02-07 01:51:15.915894,,,,,,
ATB,61.02,61.01,61.03,50000000.0,50000000.0,0,0,0,0,0,0,0,0,0,0,0,0,0,0,0,0,0,0,0,0,0,0,0,0,0,0,193,2026-02-07 01:51:15.915894,,,,,,
SPK,56.07,56.06,56.08,50000000.0,50000000.0,0,0,0,0,0,0,0,0,0,0,0,0,0,0,0,0,0,0,0,0,0,0,0,0,0,0,193,2026-02-07 01:51:15.915894,,,,,,
EEC,54.32,54.31,54.33,50000000.0,50000000.0,0,0,0,0,0,0,0,0,0,0,0,0,0,0,0,0,0,0,0,0,0,0,0,0,0,0,193,2026-02-07 01:51:15.915894,,,,,,
TGX,43.22,43.21,43.23,50000000.0,50000000.0,0,0,0,0,0,0,0,0,0,0,0,0,0,0,0,0,0,0,0,0,0,0,0,0,0,0,194,2026-02-07 01:51:16.972019
PHR,48.7,48.69,48.71,50000000.0,50000000.0,0,0,0,0,0,0,0,0,0,0,0,0,0,0,0,0,0,0,0,0,0,0,0,0,0,0,194,2026-02-07 01:51:16.972019
BYL,42.81,42.8,42.82,50000000.0,50000000.0,0,0,0,0,0,0,0,0,0,0,0,0,0,0,0,0,0,0,0,0,0,0,0,0,0,0,194,2026-02-07 01:51:16.972019
CLD,67.49,67.48,67.5,50000000.0,50000000.0,0,0,0,0,0,0,0,0,0,0,0,0,0,0,0,0,0,0,0,0,0,0,0,0,0,0,194,2026-02-07 01:51:16.972019
GGD,32.35,32.34,32.36,50000000.0,50000000.0,0,0,0,0,0,0,0,0,0,0,0,0,0,0,0,0,0,0,0,0,0,0,0,0,0,0,194,2026-02-07 01:51:16.972019
PNR,59.48,59.47,59.49,50000000.0,50000000.0,0,0,0,0,0,0,0,0,0,0,0,0,0,0,0,0,0,0,0,0,0,0,0,0,0,0,194,2026-02-07 01:51:16.972019
FSR,30.91,30.9,30.92,50000000.0,50000000.0,0,0,0,0,0,0,0,0,0,0,0,0,0,0,0,0,0,0,0,0,0,0,0,0,0,0,194,2026-02-07 01:51:16.972019
ATB,60.94,60.93,60.95,50000000.0,50000000.0,0,0,0,0,0,0,0,0,0,0,0,0,0,0,0,0,0,0,0,0,0,0,0,0,0,0,194,2026-02-07 01:51:16.972019
SPK,56.1,56.09,56.11,50000000.0,50000000.0,0,0,0,0,0,0,0,0,0,0,0,0,0,0,0,0,0,0,0,0,0,0,0,0,0,0,194,2026-02-07 01:51:16.972019
EEC,54.31,54.3,54.32,50000000.0,50000000.0,0,0,0,0,0,0,0,0,0,0,0,0,0,0,0,0,0,0,0,0,0,0,0,0,0,0,194,2026-02-07 01:51:16.972019
TGX,43.22,43.21,43.23,50000000.0,50000000.0,0,0,0,0,0,0,0,0,0,0,0,0,0,0,0,0,0,0,0,0,0,0,0,0,0,0,195,2026-02-07 01:51:18.024004,17.0,1.0,194.0,D5-SPK/EEC,All-Stock Structure Eliminates Financing,Pure stock-for-stock exchange eliminates financing risk and cash requirements.
PHR,48.71,48.7,48.72,50000000.0,50000000.0,0,0,0,0,0,0,0,0,0,0,0,0,0,0,0,0,0,0,0,0,0,0,0,0,0,0,195,2026-02-07 01:51:18.024004,16.0,1.0,194.0,D1-TGX/PHR,Successful Bond Offering,"Pharmaco successfully prices $6 billion in investment-grade bonds with strong investor demand, achieving pricing at the tight end of expectations."
BYL,42.97,42.96,42.98,50000000.0,50000000.0,0,0,0,0,0,0,0,0,0,0,0,0,0,0,0,0,0,0,0,0,0,0,0,0,0,0,195,2026-02-07 01:51:18.024004,,,,,,
CLD,67.73,67.72,67.74,50000000.0,50000000.0,0,0,0,0,0,0,0,0,0,0,0,0,0,0,0,0,0,0,0,0,0,0,0,0,0,0,195,2026-02-07 01:51:18.024004,,,,,,
GGD,32.3,32.29,32.31,50000000.0,50000000.0,0,0,0,0,0,0,0,0,0,0,0,0,0,0,0,0,0,0,0,0,0,0,0,0,0,0,195,2026-02-07 01:51:18.024004,,,,,,
PNR,59.51,59.5,59.52,50000000.0,50000000.0,0,0,0,0,0,0,0,0,0,0,0,0,0,0,0,0,0,0,0,0,0,0,0,0,0,0,195,2026-02-07 01:51:18.024004,,,,,,
FSR,31.0,30.99,31.01,50000000.0,50000000.0,0,0,0,0,0,0,0,0,0,0,0,0,0,0,0,0,0,0,0,0,0,0,0,0,0,0,195,2026-02-07 01:51:18.024004,,,,,,
ATB,60.85,60.84,60.86,50000000.0,50000000.0,0,0,0,0,0,0,0,0,0,0,0,0,0,0,0,0,0,0,0,0,0,0,0,0,0,0,195,2026-02-07 01:51:18.024004,,,,,,
SPK,56.01,56.0,56.02,50000000.0,50000000.0,0,0,0,0,0,0,0,0,0,0,0,0,0,0,0,0,0,0,0,0,0,0,0,0,0,0,195,2026-02-07 01:51:18.024004,,,,,,
EEC,54.17,54.16,54.18,50000000.0,50000000.0,0,0,0,0,0,0,0,0,0,0,0,0,0,0,0,0,0,0,0,0,0,0,0,0,0,0,195,2026-02-07 01:51:18.024004,,,,,,
TGX,43.23,43.22,43.24,50000000.0,50000000.0,0,0,0,0,0,0,0,0,0,0,0,0,0,0,0,0,0,0,0,0,0,0,0,0,0,0,196,2026-02-07 01:51:19.082157
PHR,48.63,48.62,48.64,50000000.0,50000000.0,0,0,0,0,0,0,0,0,0,0,0,0,0,0,0,0,0,0,0,0,0,0,0,0,0,0,196,2026-02-07 01:51:19.082157
BYL,42.9,42.89,42.91,50000000.0,50000000.0,0,0,0,0,0,0,0,0,0,0,0,0,0,0,0,0,0,0,0,0,0,0,0,0,0,0,196,2026-02-07 01:51:19.082157
CLD,67.53,67.52,67.54,50000000.0,50000000.0,0,0,0,0,0,0,0,0,0,0,0,0,0,0,0,0,0,0,0,0,0,0,0,0,0,0,196,2026-02-07 01:51:19.082157
GGD,32.28,32.27,32.29,50000000.0,50000000.0,0,0,0,0,0,0,0,0,0,0,0,0,0,0,0,0,0,0,0,0,0,0,0,0,0,0,196,2026-02-07 01:51:19.082157
PNR,59.6,59.59,59.61,50000000.0,50000000.0,0,0,0,0,0,0,0,0,0,0,0,0,0,0,0,0,0,0,0,0,0,0,0,0,0,0,196,2026-02-07 01:51:19.082157
FSR,30.98,30.97,30.99,50000000.0,50000000.0,0,0,0,0,0,0,0,0,0,0,0,0,0,0,0,0,0,0,0,0,0,0,0,0,0,0,196,2026-02-07 01:51:19.082157
ATB,60.88,60.87,60.89,50000000.0,50000000.0,0,0,0,0,0,0,0,0,0,0,0,0,0,0,0,0,0,0,0,0,0,0,0,0,0,0,196,2026-02-07 01:51:19.082157
SPK,56.0,55.99,56.01,50000000.0,50000000.0,0,0,0,0,0,0,0,0,0,0,0,0,0,0,0,0,0,0,0,0,0,0,0,0,0,0,196,2026-02-07 01:51:19.082157
EEC,54.15,54.14,54.16,50000000.0,50000000.0,0,0,0,0,0,0,0,0,0,0,0,0,0,0,0,0,0,0,0,0,0,0,0,0,0,0,196,2026-02-07 01:51:19.082157
TGX,43.22,43.21,43.23,50000000.0,50000000.0,0,0,0,0,0,0,0,0,0,0,0,0,0,0,0,0,0,0,0,0,0,0,0,0,0,0,197,2026-02-07 01:51:20.132267
PHR,48.45,48.44,48.46,50000000.0,50000000.0,0,0,0,0,0,0,0,0,0,0,0,0,0,0,0,0,0,0,0,0,0,0,0,0,0,0,197,2026-02-07 01:51:20.132267
BYL,42.96,42.95,42.97,50000000.0,50000000.0,0,0,0,0,0,0,0,0,0,0,0,0,0,0,0,0,0,0,0,0,0,0,0,0,0,0,197,2026-02-07 01:51:20.132267
CLD,67.58,67.57,67.59,50000000.0,50000000.0,0,0,0,0,0,0,0,0,0,0,0,0,0,0,0,0,0,0,0,0,0,0,0,0,0,0,197,2026-02-07 01:51:20.132267
GGD,32.32,32.31,32.33,50000000.0,50000000.0,0,0,0,0,0,0,0,0,0,0,0,0,0,0,0,0,0,0,0,0,0,0,0,0,0,0,197,2026-02-07 01:51:20.132267
PNR,59.73,59.72,59.74,50000000.0,50000000.0,0,0,0,0,0,0,0,0,0,0,0,0,0,0,0,0,0,0,0,0,0,0,0,0,0,0,197,2026-02-07 01:51:20.132267
FSR,31.0,30.99,31.01,50000000.0,50000000.0,0,0,0,0,0,0,0,0,0,0,0,0,0,0,0,0,0,0,0,0,0,0,0,0,0,0,197,2026-02-07 01:51:20.132267
ATB,60.73,60.72,60.74,50000000.0,50000000.0,0,0,0,0,0,0,0,0,0,0,0,0,0,0,0,0,0,0,0,0,0,0,0,0,0,0,197,2026-02-07 01:51:20.132267
SPK,56.1,56.09,56.11,50000000.0,50000000.0,0,0,0,0,0,0,0,0,0,0,0,0,0,0,0,0,0,0,0,0,0,0,0,0,0,0,197,2026-02-07 01:51:20.132267
EEC,54.31,54.3,54.32,50000000.0,50000000.0,0,0,0,0,0,0,0,0,0,0,0,0,0,0,0,0,0,0,0,0,0,0,0,0,0,0,197,2026-02-07 01:51:20.132267
TGX,43.26,43.25,43.27,50000000.0,50000000.0,0,0,0,0,0,0,0,0,0,0,0,0,0,0,0,0,0,0,0,0,0,0,0,0,0,0,198,2026-02-07 01:51:21.176282
PHR,48.66,48.65,48.67,50000000.0,50000000.0,0,0,0,0,0,0,0,0,0,0,0,0,0,0,0,0,0,0,0,0,0,0,0,0,0,0,198,2026-02-07 01:51:21.176282
BYL,42.69,42.68,42.7,50000000.0,50000000.0,0,0,0,0,0,0,0,0,0,0,0,0,0,0,0,0,0,0,0,0,0,0,0,0,0,0,198,2026-02-07 01:51:21.176282
CLD,66.98,66.97,66.99,50000000.0,50000000.0,0,0,0,0,0,0,0,0,0,0,0,0,0,0,0,0,0,0,0,0,0,0,0,0,0,0,198,2026-02-07 01:51:21.176282
GGD,32.33,32.32,32.34,50000000.0,50000000.0,0,0,0,0,0,0,0,0,0,0,0,0,0,0,0,0,0,0,0,0,0,0,0,0,0,0,198,2026-02-07 01:51:21.176282
PNR,59.77,59.76,59.78,50000000.0,50000000.0,0,0,0,0,0,0,0,0,0,0,0,0,0,0,0,0,0,0,0,0,0,0,0,0,0,0,198,2026-02-07 01:51:21.176282
FSR,31.0,30.99,31.01,50000000.0,50000000.0,0,0,0,0,0,0,0,0,0,0,0,0,0,0,0,0,0,0,0,0,0,0,0,0,0,0,198,2026-02-07 01:51:21.176282
ATB,60.58,60.57,60.59,50000000.0,50000000.0,0,0,0,0,0,0,0,0,0,0,0,0,0,0,0,0,0,0,0,0,0,0,0,0,0,0,198,2026-02-07 01:51:21.176282
SPK,56.22,56.21,56.23,50000000.0,50000000.0,0,0,0,0,0,0,0,0,0,0,0,0,0,0,0,0,0,0,0,0,0,0,0,0,0,0,198,2026-02-07 01:51:21.176282
EEC,54.48,54.47,54.49,50000000.0,50000000.0,0,0,0,0,0,0,0,0,0,0,0,0,0,0,0,0,0,0,0,0,0,0,0,0,0,0,198,2026-02-07 01:51:21.176282
TGX,43.24,43.23,43.25,50000000.0,50000000.0,0,0,0,0,0,0,0,0,0,0,0,0,0,0,0,0,0,0,0,0,0,0,0,0,0,0,199,2026-02-07 01:51:22.227205
PHR,48.68,48.67,48.69,50000000.0,50000000.0,0,0,0,0,0,0,0,0,0,0,0,0,0,0,0,0,0,0,0,0,0,0,0,0,0,0,199,2026-02-07 01:51:22.227205
BYL,42.7,42.69,42.71,50000000.0,50000000.0,0,0,0,0,0,0,0,0,0,0,0,0,0,0,0,0,0,0,0,0,0,0,0,0,0,0,199,2026-02-07 01:51:22.227205
CLD,66.98,66.97,66.99,50000000.0,50000000.0,0,0,0,0,0,0,0,0,0,0,0,0,0,0,0,0,0,0,0,0,0,0,0,0,0,0,199,2026-02-07 01:51:22.227205
GGD,32.36,32.35,32.37,50000000.0,50000000.0,0,0,0,0,0,0,0,0,0,0,0,0,0,0,0,0,0,0,0,0,0,0,0,0,0,0,199,2026-02-07 01:51:22.227205
PNR,59.65,59.64,59.66,50000000.0,50000000.0,0,0,0,0,0,0,0,0,0,0,0,0,0,0,0,0,0,0,0,0,0,0,0,0,0,0,199,2026-02-07 01:51:22.227205
FSR,31.0,30.99,31.01,50000000.0,50000000.0,0,0,0,0,0,0,0,0,0,0,0,0,0,0,0,0,0,0,0,0,0,0,0,0,0,0,199,2026-02-07 01:51:22.227205
ATB,60.39,60.38,60.4,50000000.0,50000000.0,0,0,0,0,0,0,0,0,0,0,0,0,0,0,0,0,0,0,0,0,0,0,0,0,0,0,199,2026-02-07 01:51:22.227205
SPK,56.43,56.42,56.44,50000000.0,50000000.0,0,0,0,0,0,0,0,0,0,0,0,0,0,0,0,0,0,0,0,0,0,0,0,0,0,0,199,2026-02-07 01:51:22.227205
EEC,54.85,54.84,54.86,50000000.0,50000000.0,0,0,0,0,0,0,0,0,0,0,0,0,0,0,0,0,0,0,0,0,0,0,0,0,0,0,199,2026-02-07 01:51:22.227205
TGX,43.21,43.2,43.22,50000000.0,50000000.0,0,0,0,0,0,0,0,0,0,0,0,0,0,0,0,0,0,0,0,0,0,0,0,0,0,0,200,2026-02-07 01:51:23.278719
PHR,48.77,48.76,48.78,50000000.0,50000000.0,0,0,0,0,0,0,0,0,0,0,0,0,0,0,0,0,0,0,0,0,0,0,0,0,0,0,200,2026-02-07 01:51:23.278719
BYL,42.92,42.91,42.93,50000000.0,50000000.0,0,0,0,0,0,0,0,0,0,0,0,0,0,0,0,0,0,0,0,0,0,0,0,0,0,0,200,2026-02-07 01:51:23.278719
CLD,67.4,67.39,67.41,50000000.0,50000000.0,0,0,0,0,0,0,0,0,0,0,0,0,0,0,0,0,0,0,0,0,0,0,0,0,0,0,200,2026-02-07 01:51:23.278719
GGD,32.37,32.36,32.38,50000000.0,50000000.0,0,0,0,0,0,0,0,0,0,0,0,0,0,0,0,0,0,0,0,0,0,0,0,0,0,0,200,2026-02-07 01:51:23.278719
PNR,59.68,59.67,59.69,50000000.0,50000000.0,0,0,0,0,0,0,0,0,0,0,0,0,0,0,0,0,0,0,0,0,0,0,0,0,0,0,200,2026-02-07 01:51:23.278719
FSR,31.02,31.01,31.03,50000000.0,50000000.0,0,0,0,0,0,0,0,0,0,0,0,0,0,0,0,0,0,0,0,0,0,0,0,0,0,0,200,2026-02-07 01:51:23.278719
ATB,60.4,60.39,60.41,50000000.0,50000000.0,0,0,0,0,0,0,0,0,0,0,0,0,0,0,0,0,0,0,0,0,0,0,0,0,0,0,200,2026-02-07 01:51:23.278719
SPK,56.25,56.24,56.26,50000000.0,50000000.0,0,0,0,0,0,0,0,0,0,0,0,0,0,0,0,0,0,0,0,0,0,0,0,0,0,0,200,2026-02-07 01:51:23.278719
EEC,54.46,54.45,54.47,50000000.0,50000000.0,0,0,0,0,0,0,0,0,0,0,0,0,0,0,0,0,0,0,0,0,0,0,0,0,0,0,200,2026-02-07 01:51:23.278719
TGX,43.21,43.2,43.22,50000000.0,50000000.0,0,0,0,0,0,0,0,0,0,0,0,0,0,0,0,0,0,0,0,0,0,0,0,0,0,0,201,2026-02-07 01:51:23.835951
PHR,49.02,49.01,49.03,50000000.0,50000000.0,0,0,0,0,0,0,0,0,0,0,0,0,0,0,0,0,0,0,0,0,0,0,0,0,0,0,201,2026-02-07 01:51:23.835951
BYL,42.87,42.86,42.88,50000000.0,50000000.0,0,0,0,0,0,0,0,0,0,0,0,0,0,0,0,0,0,0,0,0,0,0,0,0,0,0,201,2026-02-07 01:51:23.835951
CLD,67.28,67.27,67.29,50000000.0,50000000.0,0,0,0,0,0,0,0,0,0,0,0,0,0,0,0,0,0,0,0,0,0,0,0,0,0,0,201,2026-02-07 01:51:23.835951
GGD,32.33,32.32,32.34,50000000.0,50000000.0,0,0,0,0,0,0,0,0,0,0,0,0,0,0,0,0,0,0,0,0,0,0,0,0,0,0,201,2026-02-07 01:51:23.835951
PNR,59.52,59.51,59.53,50000000.0,50000000.0,0,0,0,0,0,0,0,0,0,0,0,0,0,0,0,0,0,0,0,0,0,0,0,0,0,0,201,2026-02-07 01:51:23.835951
FSR,31.05,31.04,31.06,50000000.0,50000000.0,0,0,0,0,0,0,0,0,0,0,0,0,0,0,0,0,0,0,0,0,0,0,0,0,0,0,201,2026-02-07 01:51:23.835951
ATB,60.37,60.36,60.38,50000000.0,50000000.0,0,0,0,0,0,0,0,0,0,0,0,0,0,0,0,0,0,0,0,0,0,0,0,0,0,0,201,2026-02-07 01:51:23.835951
SPK,56.36,56.35,56.37,50000000.0,50000000.0,0,0,0,0,0,0,0,0,0,0,0,0,0,0,0,0,0,0,0,0,0,0,0,0,0,0,201,2026-02-07 01:51:23.835951
EEC,54.69,54.68,54.7,50000000.0,50000000.0,0,0,0,0,0,0,0,0,0,0,0,0,0,0,0,0,0,0,0,0,0,0,0,0,0,0,201,2026-02-07 01:51:23.835951
TGX,43.24,43.23,43.25,50000000.0,50000000.0,0,0,0,0,0,0,0,0,0,0,0,0,0,0,0,0,0,0,0,0,0,0,0,0,0,0,202,2026-02-07 01:51:24.886125
PHR,49.29,49.28,49.3,50000000.0,50000000.0,0,0,0,0,0,0,0,0,0,0,0,0,0,0,0,0,0,0,0,0,0,0,0,0,0,0,202,2026-02-07 01:51:24.886125
BYL,42.97,42.96,42.98,50000000.0,50000000.0,0,0,0,0,0,0,0,0,0,0,0,0,0,0,0,0,0,0,0,0,0,0,0,0,0,0,202,2026-02-07 01:51:24.886125
CLD,67.45,67.44,67.46,50000000.0,50000000.0,0,0,0,0,0,0,0,0,0,0,0,0,0,0,0,0,0,0,0,0,0,0,0,0,0,0,202,2026-02-07 01:51:24.886125
GGD,32.33,32.32,32.34,50000000.0,50000000.0,0,0,0,0,0,0,0,0,0,0,0,0,0,0,0,0,0,0,0,0,0,0,0,0,0,0,202,2026-02-07 01:51:24.886125
PNR,59.39,59.38,59.4,50000000.0,50000000.0,0,0,0,0,0,0,0,0,0,0,0,0,0,0,0,0,0,0,0,0,0,0,0,0,0,0,202,2026-02-07 01:51:24.886125
FSR,31.51,31.5,31.52,50000000.0,50000000.0,0,0,0,0,0,0,0,0,0,0,0,0,0,0,0,0,0,0,0,0,0,0,0,0,0,0,202,2026-02-07 01:51:24.886125
ATB,60.51,60.5,60.52,50000000.0,50000000.0,0,0,0,0,0,0,0,0,0,0,0,0,0,0,0,0,0,0,0,0,0,0,0,0,0,0,202,2026-02-07 01:51:24.886125
SPK,56.54,56.53,56.55,50000000.0,50000000.0,0,0,0,0,0,0,0,0,0,0,0,0,0,0,0,0,0,0,0,0,0,0,0,0,0,0,202,2026-02-07 01:51:24.886125
EEC,54.98,54.97,54.99,50000000.0,50000000.0,0,0,0,0,0,0,0,0,0,0,0,0,0,0,0,0,0,0,0,0,0,0,0,0,0,0,202,2026-02-07 01:51:24.886125
TGX,43.24,43.23,43.25,50000000.0,50000000.0,0,0,0,0,0,0,0,0,0,0,0,0,0,0,0,0,0,0,0,0,0,0,0,0,0,0,203,2026-02-07 01:51:25.969530
PHR,49.48,49.47,49.49,50000000.0,50000000.0,0,0,0,0,0,0,0,0,0,0,0,0,0,0,0,0,0,0,0,0,0,0,0,0,0,0,203,2026-02-07 01:51:25.969530
BYL,42.84,42.83,42.85,50000000.0,50000000.0,0,0,0,0,0,0,0,0,0,0,0,0,0,0,0,0,0,0,0,0,0,0,0,0,0,0,203,2026-02-07 01:51:25.969530
CLD,67.22,67.21,67.23,50000000.0,50000000.0,0,0,0,0,0,0,0,0,0,0,0,0,0,0,0,0,0,0,0,0,0,0,0,0,0,0,203,2026-02-07 01:51:25.969530
GGD,32.29,32.28,32.3,50000000.0,50000000.0,0,0,0,0,0,0,0,0,0,0,0,0,0,0,0,0,0,0,0,0,0,0,0,0,0,0,203,2026-02-07 01:51:25.969530
PNR,59.35,59.34,59.36,50000000.0,50000000.0,0,0,0,0,0,0,0,0,0,0,0,0,0,0,0,0,0,0,0,0,0,0,0,0,0,0,203,2026-02-07 01:51:25.969530
FSR,31.49,31.48,31.5,50000000.0,50000000.0,0,0,0,0,0,0,0,0,0,0,0,0,0,0,0,0,0,0,0,0,0,0,0,0,0,0,203,2026-02-07 01:51:25.969530
ATB,60.76,60.75,60.77,50000000.0,50000000.0,0,0,0,0,0,0,0,0,0,0,0,0,0,0,0,0,0,0,0,0,0,0,0,0,0,0,203,2026-02-07 01:51:25.969530
SPK,56.41,56.4,56.42,50000000.0,50000000.0,0,0,0,0,0,0,0,0,0,0,0,0,0,0,0,0,0,0,0,0,0,0,0,0,0,0,203,2026-02-07 01:51:25.969530
EEC,54.79,54.78,54.8,50000000.0,50000000.0,0,0,0,0,0,0,0,0,0,0,0,0,0,0,0,0,0,0,0,0,0,0,0,0,0,0,203,2026-02-07 01:51:25.969530
TGX,43.27,43.26,43.28,50000000.0,50000000.0,0,0,0,0,0,0,0,0,0,0,0,0,0,0,0,0,0,0,0,0,0,0,0,0,0,0,204,2026-02-07 01:51:27.030833
PHR,49.54,49.53,49.55,50000000.0,50000000.0,0,0,0,0,0,0,0,0,0,0,0,0,0,0,0,0,0,0,0,0,0,0,0,0,0,0,204,2026-02-07 01:51:27.030833
BYL,42.9,42.89,42.91,50000000.0,50000000.0,0,0,0,0,0,0,0,0,0,0,0,0,0,0,0,0,0,0,0,0,0,0,0,0,0,0,204,2026-02-07 01:51:27.030833
CLD,67.38,67.37,67.39,50000000.0,50000000.0,0,0,0,0,0,0,0,0,0,0,0,0,0,0,0,0,0,0,0,0,0,0,0,0,0,0,204,2026-02-07 01:51:27.030833
GGD,32.3,32.29,32.31,50000000.0,50000000.0,0,0,0,0,0,0,0,0,0,0,0,0,0,0,0,0,0,0,0,0,0,0,0,0,0,0,204,2026-02-07 01:51:27.030833
PNR,59.28,59.27,59.29,50000000.0,50000000.0,0,0,0,0,0,0,0,0,0,0,0,0,0,0,0,0,0,0,0,0,0,0,0,0,0,0,204,2026-02-07 01:51:27.030833
FSR,31.49,31.48,31.5,50000000.0,50000000.0,0,0,0,0,0,0,0,0,0,0,0,0,0,0,0,0,0,0,0,0,0,0,0,0,0,0,204,2026-02-07 01:51:27.030833
ATB,60.86,60.85,60.87,50000000.0,50000000.0,0,0,0,0,0,0,0,0,0,0,0,0,0,0,0,0,0,0,0,0,0,0,0,0,0,0,204,2026-02-07 01:51:27.030833
SPK,56.21,56.2,56.22,50000000.0,50000000.0,0,0,0,0,0,0,0,0,0,0,0,0,0,0,0,0,0,0,0,0,0,0,0,0,0,0,204,2026-02-07 01:51:27.030833
EEC,54.42,54.41,54.43,50000000.0,50000000.0,0,0,0,0,0,0,0,0,0,0,0,0,0,0,0,0,0,0,0,0,0,0,0,0,0,0,204,2026-02-07 01:51:27.030833
TGX,43.24,43.23,43.25,50000000.0,50000000.0,0,0,0,0,0,0,0,0,0,0,0,0,0,0,0,0,0,0,0,0,0,0,0,0,0,0,205,2026-02-07 01:51:28.089310
PHR,49.6,49.59,49.61,50000000.0,50000000.0,0,0,0,0,0,0,0,0,0,0,0,0,0,0,0,0,0,0,0,0,0,0,0,0,0,0,205,2026-02-07 01:51:28.089310
BYL,42.86,42.85,42.87,50000000.0,50000000.0,0,0,0,0,0,0,0,0,0,0,0,0,0,0,0,0,0,0,0,0,0,0,0,0,0,0,205,2026-02-07 01:51:28.089310
CLD,67.38,67.37,67.39,50000000.0,50000000.0,0,0,0,0,0,0,0,0,0,0,0,0,0,0,0,0,0,0,0,0,0,0,0,0,0,0,205,2026-02-07 01:51:28.089310
GGD,32.31,32.3,32.32,50000000.0,50000000.0,0,0,0,0,0,0,0,0,0,0,0,0,0,0,0,0,0,0,0,0,0,0,0,0,0,0,205,2026-02-07 01:51:28.089310
PNR,59.16,59.15,59.17,50000000.0,50000000.0,0,0,0,0,0,0,0,0,0,0,0,0,0,0,0,0,0,0,0,0,0,0,0,0,0,0,205,2026-02-07 01:51:28.089310
FSR,31.45,31.44,31.46,50000000.0,50000000.0,0,0,0,0,0,0,0,0,0,0,0,0,0,0,0,0,0,0,0,0,0,0,0,0,0,0,205,2026-02-07 01:51:28.089310
ATB,60.91,60.9,60.92,50000000.0,50000000.0,0,0,0,0,0,0,0,0,0,0,0,0,0,0,0,0,0,0,0,0,0,0,0,0,0,0,205,2026-02-07 01:51:28.089310
SPK,56.24,56.23,56.25,50000000.0,50000000.0,0,0,0,0,0,0,0,0,0,0,0,0,0,0,0,0,0,0,0,0,0,0,0,0,0,0,205,2026-02-07 01:51:28.089310
EEC,54.5,54.49,54.51,50000000.0,50000000.0,0,0,0,0,0,0,0,0,0,0,0,0,0,0,0,0,0,0,0,0,0,0,0,0,0,0,205,2026-02-07 01:51:28.089310
TGX,43.24,43.23,43.25,50000000.0,50000000.0,0,0,0,0,0,0,0,0,0,0,0,0,0,0,0,0,0,0,0,0,0,0,0,0,0,0,206,2026-02-07 01:51:29.169684
PHR,49.84,49.83,49.85,50000000.0,50000000.0,0,0,0,0,0,0,0,0,0,0,0,0,0,0,0,0,0,0,0,0,0,0,0,0,0,0,206,2026-02-07 01:51:29.169684
BYL,42.98,42.97,42.99,50000000.0,50000000.0,0,0,0,0,0,0,0,0,0,0,0,0,0,0,0,0,0,0,0,0,0,0,0,0,0,0,206,2026-02-07 01:51:29.169684
CLD,67.48,67.47,67.49,50000000.0,50000000.0,0,0,0,0,0,0,0,0,0,0,0,0,0,0,0,0,0,0,0,0,0,0,0,0,0,0,206,2026-02-07 01:51:29.169684
GGD,32.3,32.29,32.31,50000000.0,50000000.0,0,0,0,0,0,0,0,0,0,0,0,0,0,0,0,0,0,0,0,0,0,0,0,0,0,0,206,2026-02-07 01:51:29.169684
PNR,59.2,59.19,59.21,50000000.0,50000000.0,0,0,0,0,0,0,0,0,0,0,0,0,0,0,0,0,0,0,0,0,0,0,0,0,0,0,206,2026-02-07 01:51:29.169684
FSR,31.46,31.45,31.47,50000000.0,50000000.0,0,0,0,0,0,0,0,0,0,0,0,0,0,0,0,0,0,0,0,0,0,0,0,0,0,0,206,2026-02-07 01:51:29.169684
ATB,60.88,60.87,60.89,50000000.0,50000000.0,0,0,0,0,0,0,0,0,0,0,0,0,0,0,0,0,0,0,0,0,0,0,0,0,0,0,206,2026-02-07 01:51:29.169684
SPK,56.38,56.37,56.39,50000000.0,50000000.0,0,0,0,0,0,0,0,0,0,0,0,0,0,0,0,0,0,0,0,0,0,0,0,0,0,0,206,2026-02-07 01:51:29.169684
EEC,54.71,54.7,54.72,50000000.0,50000000.0,0,0,0,0,0,0,0,0,0,0,0,0,0,0,0,0,0,0,0,0,0,0,0,0,0,0,206,2026-02-07 01:51:29.169684
TGX,43.28,43.27,43.29,50000000.0,50000000.0,0,0,0,0,0,0,0,0,0,0,0,0,0,0,0,0,0,0,0,0,0,0,0,0,0,0,207,2026-02-07 01:51:30.227975
PHR,49.87,49.86,49.88,50000000.0,50000000.0,0,0,0,0,0,0,0,0,0,0,0,0,0,0,0,0,0,0,0,0,0,0,0,0,0,0,207,2026-02-07 01:51:30.227975
BYL,42.8,42.79,42.81,50000000.0,50000000.0,0,0,0,0,0,0,0,0,0,0,0,0,0,0,0,0,0,0,0,0,0,0,0,0,0,0,207,2026-02-07 01:51:30.227975
CLD,67.21,67.2,67.22,50000000.0,50000000.0,0,0,0,0,0,0,0,0,0,0,0,0,0,0,0,0,0,0,0,0,0,0,0,0,0,0,207,2026-02-07 01:51:30.227975
GGD,32.3,32.29,32.31,50000000.0,50000000.0,0,0,0,0,0,0,0,0,0,0,0,0,0,0,0,0,0,0,0,0,0,0,0,0,0,0,207,2026-02-07 01:51:30.227975
PNR,59.43,59.42,59.44,50000000.0,50000000.0,0,0,0,0,0,0,0,0,0,0,0,0,0,0,0,0,0,0,0,0,0,0,0,0,0,0,207,2026-02-07 01:51:30.227975
FSR,31.45,31.44,31.46,50000000.0,50000000.0,0,0,0,0,0,0,0,0,0,0,0,0,0,0,0,0,0,0,0,0,0,0,0,0,0,0,207,2026-02-07 01:51:30.227975
ATB,60.89,60.88,60.9,50000000.0,50000000.0,0,0,0,0,0,0,0,0,0,0,0,0,0,0,0,0,0,0,0,0,0,0,0,0,0,0,207,2026-02-07 01:51:30.227975
SPK,56.21,56.2,56.22,50000000.0,50000000.0,0,0,0,0,0,0,0,0,0,0,0,0,0,0,0,0,0,0,0,0,0,0,0,0,0,0,207,2026-02-07 01:51:30.227975
EEC,54.4,54.39,54.41,50000000.0,50000000.0,0,0,0,0,0,0,0,0,0,0,0,0,0,0,0,0,0,0,0,0,0,0,0,0,0,0,207,2026-02-07 01:51:30.227975
TGX,43.28,43.27,43.29,50000000.0,50000000.0,0,0,0,0,0,0,0,0,0,0,0,0,0,0,0,0,0,0,0,0,0,0,0,0,0,0,208,2026-02-07 01:51:31.292902
PHR,49.97,49.96,49.98,50000000.0,50000000.0,0,0,0,0,0,0,0,0,0,0,0,0,0,0,0,0,0,0,0,0,0,0,0,0,0,0,208,2026-02-07 01:51:31.292902
BYL,42.87,42.86,42.88,50000000.0,50000000.0,0,0,0,0,0,0,0,0,0,0,0,0,0,0,0,0,0,0,0,0,0,0,0,0,0,0,208,2026-02-07 01:51:31.292902
CLD,67.33,67.32,67.34,50000000.0,50000000.0,0,0,0,0,0,0,0,0,0,0,0,0,0,0,0,0,0,0,0,0,0,0,0,0,0,0,208,2026-02-07 01:51:31.292902
GGD,32.33,32.32,32.34,50000000.0,50000000.0,0,0,0,0,0,0,0,0,0,0,0,0,0,0,0,0,0,0,0,0,0,0,0,0,0,0,208,2026-02-07 01:51:31.292902
PNR,59.64,59.63,59.65,50000000.0,50000000.0,0,0,0,0,0,0,0,0,0,0,0,0,0,0,0,0,0,0,0,0,0,0,0,0,0,0,208,2026-02-07 01:51:31.292902
FSR,31.47,31.46,31.48,50000000.0,50000000.0,0,0,0,0,0,0,0,0,0,0,0,0,0,0,0,0,0,0,0,0,0,0,0,0,0,0,208,2026-02-07 01:51:31.292902
ATB,60.85,60.84,60.86,50000000.0,50000000.0,0,0,0,0,0,0,0,0,0,0,0,0,0,0,0,0,0,0,0,0,0,0,0,0,0,0,208,2026-02-07 01:51:31.292902
SPK,55.29,55.28,55.3,50000000.0,50000000.0,0,0,0,0,0,0,0,0,0,0,0,0,0,0,0,0,0,0,0,0,0,0,0,0,0,0,208,2026-02-07 01:51:31.292902
EEC,54.38,54.37,54.39,50000000.0,50000000.0,0,0,0,0,0,0,0,0,0,0,0,0,0,0,0,0,0,0,0,0,0,0,0,0,0,0,208,2026-02-07 01:51:31.292902
TGX,43.27,43.26,43.28,50000000.0,50000000.0,0,0,0,0,0,0,0,0,0,0,0,0,0,0,0,0,0,0,0,0,0,0,0,0,0,0,209,2026-02-07 01:51:31.853974
PHR,50.31,50.3,50.32,50000000.0,50000000.0,0,0,0,0,0,0,0,0,0,0,0,0,0,0,0,0,0,0,0,0,0,0,0,0,0,0,209,2026-02-07 01:51:31.853974
BYL,42.99,42.98,43.0,50000000.0,50000000.0,0,0,0,0,0,0,0,0,0,0,0,0,0,0,0,0,0,0,0,0,0,0,0,0,0,0,209,2026-02-07 01:51:31.853974
CLD,67.7,67.69,67.71,50000000.0,50000000.0,0,0,0,0,0,0,0,0,0,0,0,0,0,0,0,0,0,0,0,0,0,0,0,0,0,0,209,2026-02-07 01:51:31.853974
GGD,32.29,32.28,32.3,50000000.0,50000000.0,0,0,0,0,0,0,0,0,0,0,0,0,0,0,0,0,0,0,0,0,0,0,0,0,0,0,209,2026-02-07 01:51:31.853974
PNR,59.34,59.33,59.35,50000000.0,50000000.0,0,0,0,0,0,0,0,0,0,0,0,0,0,0,0,0,0,0,0,0,0,0,0,0,0,0,209,2026-02-07 01:51:31.853974
FSR,31.53,31.52,31.54,50000000.0,50000000.0,0,0,0,0,0,0,0,0,0,0,0,0,0,0,0,0,0,0,0,0,0,0,0,0,0,0,209,2026-02-07 01:51:31.853974
ATB,60.74,60.73,60.75,50000000.0,50000000.0,0,0,0,0,0,0,0,0,0,0,0,0,0,0,0,0,0,0,0,0,0,0,0,0,0,0,209,2026-02-07 01:51:31.853974
SPK,55.43,55.42,55.44,50000000.0,50000000.0,0,0,0,0,0,0,0,0,0,0,0,0,0,0,0,0,0,0,0,0,0,0,0,0,0,0,209,2026-02-07 01:51:31.853974
EEC,54.77,54.76,54.78,50000000.0,50000000.0,0,0,0,0,0,0,0,0,0,0,0,0,0,0,0,0,0,0,0,0,0,0,0,0,0,0,209,2026-02-07 01:51:31.853974
TGX,43.25,43.24,43.26,50000000.0,50000000.0,0,0,0,0,0,0,0,0,0,0,0,0,0,0,0,0,0,0,0,0,0,0,0,0,0,0,210,2026-02-07 01:51:32.914355
PHR,50.42,50.41,50.43,50000000.0,50000000.0,0,0,0,0,0,0,0,0,0,0,0,0,0,0,0,0,0,0,0,0,0,0,0,0,0,0,210,2026-02-07 01:51:32.914355
BYL,43.05,43.04,43.06,50000000.0,50000000.0,0,0,0,0,0,0,0,0,0,0,0,0,0,0,0,0,0,0,0,0,0,0,0,0,0,0,210,2026-02-07 01:51:32.914355
CLD,67.86,67.85,67.87,50000000.0,50000000.0,0,0,0,0,0,0,0,0,0,0,0,0,0,0,0,0,0,0,0,0,0,0,0,0,0,0,210,2026-02-07 01:51:32.914355
GGD,32.24,32.23,32.25,50000000.0,50000000.0,0,0,0,0,0,0,0,0,0,0,0,0,0,0,0,0,0,0,0,0,0,0,0,0,0,0,210,2026-02-07 01:51:32.914355
PNR,59.31,59.3,59.32,50000000.0,50000000.0,0,0,0,0,0,0,0,0,0,0,0,0,0,0,0,0,0,0,0,0,0,0,0,0,0,0,210,2026-02-07 01:51:32.914355
FSR,31.53,31.52,31.54,50000000.0,50000000.0,0,0,0,0,0,0,0,0,0,0,0,0,0,0,0,0,0,0,0,0,0,0,0,0,0,0,210,2026-02-07 01:51:32.914355
ATB,60.77,60.76,60.78,50000000.0,50000000.0,0,0,0,0,0,0,0,0,0,0,0,0,0,0,0,0,0,0,0,0,0,0,0,0,0,0,210,2026-02-07 01:51:32.914355
SPK,55.48,55.47,55.49,50000000.0,50000000.0,0,0,0,0,0,0,0,0,0,0,0,0,0,0,0,0,0,0,0,0,0,0,0,0,0,0,210,2026-02-07 01:51:32.914355
EEC,54.97,54.96,54.98,50000000.0,50000000.0,0,0,0,0,0,0,0,0,0,0,0,0,0,0,0,0,0,0,0,0,0,0,0,0,0,0,210,2026-02-07 01:51:32.914355
TGX,44.75,44.74,44.76,50000000.0,50000000.0,0,0,0,0,0,0,0,0,0,0,0,0,0,0,0,0,0,0,0,0,0,0,0,0,0,0,211,2026-02-07 01:51:33.979973
PHR,50.32,50.31,50.33,50000000.0,50000000.0,0,0,0,0,0,0,0,0,0,0,0,0,0,0,0,0,0,0,0,0,0,0,0,0,0,0,211,2026-02-07 01:51:33.979973
BYL,43.39,43.38,43.4,50000000.0,50000000.0,0,0,0,0,0,0,0,0,0,0,0,0,0,0,0,0,0,0,0,0,0,0,0,0,0,0,211,2026-02-07 01:51:33.979973
CLD,68.51,68.5,68.52,50000000.0,50000000.0,0,0,0,0,0,0,0,0,0,0,0,0,0,0,0,0,0,0,0,0,0,0,0,0,0,0,211,2026-02-07 01:51:33.979973
GGD,32.18,32.17,32.19,50000000.0,50000000.0,0,0,0,0,0,0,0,0,0,0,0,0,0,0,0,0,0,0,0,0,0,0,0,0,0,0,211,2026-02-07 01:51:33.979973
PNR,59.14,59.13,59.15,50000000.0,50000000.0,0,0,0,0,0,0,0,0,0,0,0,0,0,0,0,0,0,0,0,0,0,0,0,0,0,0,211,2026-02-07 01:51:33.979973
FSR,31.53,31.52,31.54,50000000.0,50000000.0,0,0,0,0,0,0,0,0,0,0,0,0,0,0,0,0,0,0,0,0,0,0,0,0,0,0,211,2026-02-07 01:51:33.979973
ATB,60.92,60.91,60.93,50000000.0,50000000.0,0,0,0,0,0,0,0,0,0,0,0,0,0,0,0,0,0,0,0,0,0,0,0,0,0,0,211,2026-02-07 01:51:33.979973
SPK,55.48,55.47,55.49,50000000.0,50000000.0,0,0,0,0,0,0,0,0,0,0,0,0,0,0,0,0,0,0,0,0,0,0,0,0,0,0,211,2026-02-07 01:51:33.979973
EEC,54.95,54.94,54.96,50000000.0,50000000.0,0,0,0,0,0,0,0,0,0,0,0,0,0,0,0,0,0,0,0,0,0,0,0,0,0,0,211,2026-02-07 01:51:33.979973
TGX,44.75,44.74,44.76,50000000.0,50000000.0,0,0,0,0,0,0,0,0,0,0,0,0,0,0,0,0,0,0,0,0,0,0,0,0,0,0,212,2026-02-07 01:51:35.065705
PHR,50.59,50.58,50.6,50000000.0,50000000.0,0,0,0,0,0,0,0,0,0,0,0,0,0,0,0,0,0,0,0,0,0,0,0,0,0,0,212,2026-02-07 01:51:35.065705
BYL,43.42,43.41,43.43,50000000.0,50000000.0,0,0,0,0,0,0,0,0,0,0,0,0,0,0,0,0,0,0,0,0,0,0,0,0,0,0,212,2026-02-07 01:51:35.065705
CLD,68.63,68.62,68.64,50000000.0,50000000.0,0,0,0,0,0,0,0,0,0,0,0,0,0,0,0,0,0,0,0,0,0,0,0,0,0,0,212,2026-02-07 01:51:35.065705
GGD,32.19,32.18,32.2,50000000.0,50000000.0,0,0,0,0,0,0,0,0,0,0,0,0,0,0,0,0,0,0,0,0,0,0,0,0,0,0,212,2026-02-07 01:51:35.065705
PNR,59.17,59.16,59.18,50000000.0,50000000.0,0,0,0,0,0,0,0,0,0,0,0,0,0,0,0,0,0,0,0,0,0,0,0,0,0,0,212,2026-02-07 01:51:35.065705
FSR,31.48,31.47,31.49,50000000.0,50000000.0,0,0,0,0,0,0,0,0,0,0,0,0,0,0,0,0,0,0,0,0,0,0,0,0,0,0,212,2026-02-07 01:51:35.065705
ATB,60.85,60.84,60.86,50000000.0,50000000.0,0,0,0,0,0,0,0,0,0,0,0,0,0,0,0,0,0,0,0,0,0,0,0,0,0,0,212,2026-02-07 01:51:35.065705
SPK,55.37,55.36,55.38,50000000.0,50000000.0,0,0,0,0,0,0,0,0,0,0,0,0,0,0,0,0,0,0,0,0,0,0,0,0,0,0,212,2026-02-07 01:51:35.065705
EEC,54.87,54.86,54.88,50000000.0,50000000.0,0,0,0,0,0,0,0,0,0,0,0,0,0,0,0,0,0,0,0,0,0,0,0,0,0,0,212,2026-02-07 01:51:35.065705
TGX,44.73,44.72,44.74,50000000.0,50000000.0,0,0,0,0,0,0,0,0,0,0,0,0,0,0,0,0,0,0,0,0,0,0,0,0,0,0,213,2026-02-07 01:51:36.142320
PHR,50.29,50.28,50.3,50000000.0,50000000.0,0,0,0,0,0,0,0,0,0,0,0,0,0,0,0,0,0,0,0,0,0,0,0,0,0,0,213,2026-02-07 01:51:36.142320
BYL,43.7,43.69,43.71,50000000.0,50000000.0,0,0,0,0,0,0,0,0,0,0,0,0,0,0,0,0,0,0,0,0,0,0,0,0,0,0,213,2026-02-07 01:51:36.142320
CLD,69.16,69.15,69.17,50000000.0,50000000.0,0,0,0,0,0,0,0,0,0,0,0,0,0,0,0,0,0,0,0,0,0,0,0,0,0,0,213,2026-02-07 01:51:36.142320
GGD,32.16,32.15,32.17,50000000.0,50000000.0,0,0,0,0,0,0,0,0,0,0,0,0,0,0,0,0,0,0,0,0,0,0,0,0,0,0,213,2026-02-07 01:51:36.142320
PNR,59.07,59.06,59.08,50000000.0,50000000.0,0,0,0,0,0,0,0,0,0,0,0,0,0,0,0,0,0,0,0,0,0,0,0,0,0,0,213,2026-02-07 01:51:36.142320
FSR,31.51,31.5,31.52,50000000.0,50000000.0,0,0,0,0,0,0,0,0,0,0,0,0,0,0,0,0,0,0,0,0,0,0,0,0,0,0,213,2026-02-07 01:51:36.142320
ATB,60.85,60.84,60.86,50000000.0,50000000.0,0,0,0,0,0,0,0,0,0,0,0,0,0,0,0,0,0,0,0,0,0,0,0,0,0,0,213,2026-02-07 01:51:36.142320
SPK,55.79,55.78,55.8,50000000.0,50000000.0,0,0,0,0,0,0,0,0,0,0,0,0,0,0,0,0,0,0,0,0,0,0,0,0,0,0,213,2026-02-07 01:51:36.142320
EEC,54.88,54.87,54.89,50000000.0,50000000.0,0,0,0,0,0,0,0,0,0,0,0,0,0,0,0,0,0,0,0,0,0,0,0,0,0,0,213,2026-02-07 01:51:36.142320
TGX,44.72,44.71,44.73,50000000.0,50000000.0,0,0,0,0,0,0,0,0,0,0,0,0,0,0,0,0,0,0,0,0,0,0,0,0,0,0,214,2026-02-07 01:51:37.223434
PHR,50.42,50.41,50.43,50000000.0,50000000.0,0,0,0,0,0,0,0,0,0,0,0,0,0,0,0,0,0,0,0,0,0,0,0,0,0,0,214,2026-02-07 01:51:37.223434
BYL,43.64,43.63,43.65,50000000.0,50000000.0,0,0,0,0,0,0,0,0,0,0,0,0,0,0,0,0,0,0,0,0,0,0,0,0,0,0,214,2026-02-07 01:51:37.223434
CLD,69.03,69.02,69.04,50000000.0,50000000.0,0,0,0,0,0,0,0,0,0,0,0,0,0,0,0,0,0,0,0,0,0,0,0,0,0,0,214,2026-02-07 01:51:37.223434
GGD,32.22,32.21,32.23,50000000.0,50000000.0,0,0,0,0,0,0,0,0,0,0,0,0,0,0,0,0,0,0,0,0,0,0,0,0,0,0,214,2026-02-07 01:51:37.223434
PNR,59.38,59.37,59.39,50000000.0,50000000.0,0,0,0,0,0,0,0,0,0,0,0,0,0,0,0,0,0,0,0,0,0,0,0,0,0,0,214,2026-02-07 01:51:37.223434
FSR,31.53,31.52,31.54,50000000.0,50000000.0,0,0,0,0,0,0,0,0,0,0,0,0,0,0,0,0,0,0,0,0,0,0,0,0,0,0,214,2026-02-07 01:51:37.223434
ATB,60.87,60.86,60.88,50000000.0,50000000.0,0,0,0,0,0,0,0,0,0,0,0,0,0,0,0,0,0,0,0,0,0,0,0,0,0,0,214,2026-02-07 01:51:37.223434
SPK,55.7,55.69,55.71,50000000.0,50000000.0,0,0,0,0,0,0,0,0,0,0,0,0,0,0,0,0,0,0,0,0,0,0,0,0,0,0,214,2026-02-07 01:51:37.223434
EEC,54.66,54.65,54.67,50000000.0,50000000.0,0,0,0,0,0,0,0,0,0,0,0,0,0,0,0,0,0,0,0,0,0,0,0,0,0,0,214,2026-02-07 01:51:37.223434
TGX,44.7,44.69,44.71,50000000.0,50000000.0,0,0,0,0,0,0,0,0,0,0,0,0,0,0,0,0,0,0,0,0,0,0,0,0,0,0,215,2026-02-07 01:51:38.278305
PHR,50.53,50.52,50.54,50000000.0,50000000.0,0,0,0,0,0,0,0,0,0,0,0,0,0,0,0,0,0,0,0,0,0,0,0,0,0,0,215,2026-02-07 01:51:38.278305
BYL,43.72,43.71,43.73,50000000.0,50000000.0,0,0,0,0,0,0,0,0,0,0,0,0,0,0,0,0,0,0,0,0,0,0,0,0,0,0,215,2026-02-07 01:51:38.278305
CLD,69.19,69.18,69.2,50000000.0,50000000.0,0,0,0,0,0,0,0,0,0,0,0,0,0,0,0,0,0,0,0,0,0,0,0,0,0,0,215,2026-02-07 01:51:38.278305
GGD,32.18,32.17,32.19,50000000.0,50000000.0,0,0,0,0,0,0,0,0,0,0,0,0,0,0,0,0,0,0,0,0,0,0,0,0,0,0,215,2026-02-07 01:51:38.278305
PNR,59.15,59.14,59.16,50000000.0,50000000.0,0,0,0,0,0,0,0,0,0,0,0,0,0,0,0,0,0,0,0,0,0,0,0,0,0,0,215,2026-02-07 01:51:38.278305
FSR,31.55,31.54,31.56,50000000.0,50000000.0,0,0,0,0,0,0,0,0,0,0,0,0,0,0,0,0,0,0,0,0,0,0,0,0,0,0,215,2026-02-07 01:51:38.278305
ATB,60.97,60.96,60.98,50000000.0,50000000.0,0,0,0,0,0,0,0,0,0,0,0,0,0,0,0,0,0,0,0,0,0,0,0,0,0,0,215,2026-02-07 01:51:38.278305
SPK,54.83,54.82,54.84,50000000.0,50000000.0,0,0,0,0,0,0,0,0,0,0,0,0,0,0,0,0,0,0,0,0,0,0,0,0,0,0,215,2026-02-07 01:51:38.278305
EEC,54.89,54.88,54.9,50000000.0,50000000.0,0,0,0,0,0,0,0,0,0,0,0,0,0,0,0,0,0,0,0,0,0,0,0,0,0,0,215,2026-02-07 01:51:38.278305
TGX,44.72,44.71,44.73,50000000.0,50000000.0,0,0,0,0,0,0,0,0,0,0,0,0,0,0,0,0,0,0,0,0,0,0,0,0,0,0,216,2026-02-07 01:51:39.325068
PHR,50.22,50.21,50.23,50000000.0,50000000.0,0,0,0,0,0,0,0,0,0,0,0,0,0,0,0,0,0,0,0,0,0,0,0,0,0,0,216,2026-02-07 01:51:39.325068
BYL,43.67,43.66,43.68,50000000.0,50000000.0,0,0,0,0,0,0,0,0,0,0,0,0,0,0,0,0,0,0,0,0,0,0,0,0,0,0,216,2026-02-07 01:51:39.325068
CLD,69.03,69.02,69.04,50000000.0,50000000.0,0,0,0,0,0,0,0,0,0,0,0,0,0,0,0,0,0,0,0,0,0,0,0,0,0,0,216,2026-02-07 01:51:39.325068
GGD,32.18,32.17,32.19,50000000.0,50000000.0,0,0,0,0,0,0,0,0,0,0,0,0,0,0,0,0,0,0,0,0,0,0,0,0,0,0,216,2026-02-07 01:51:39.325068
PNR,59.38,59.37,59.39,50000000.0,50000000.0,0,0,0,0,0,0,0,0,0,0,0,0,0,0,0,0,0,0,0,0,0,0,0,0,0,0,216,2026-02-07 01:51:39.325068
FSR,31.51,31.5,31.52,50000000.0,50000000.0,0,0,0,0,0,0,0,0,0,0,0,0,0,0,0,0,0,0,0,0,0,0,0,0,0,0,216,2026-02-07 01:51:39.325068
ATB,60.93,60.92,60.94,50000000.0,50000000.0,0,0,0,0,0,0,0,0,0,0,0,0,0,0,0,0,0,0,0,0,0,0,0,0,0,0,216,2026-02-07 01:51:39.325068
SPK,53.78,53.77,53.79,50000000.0,50000000.0,0,0,0,0,0,0,0,0,0,0,0,0,0,0,0,0,0,0,0,0,0,0,0,0,0,0,216,2026-02-07 01:51:39.325068
EEC,54.67,54.66,54.68,50000000.0,50000000.0,0,0,0,0,0,0,0,0,0,0,0,0,0,0,0,0,0,0,0,0,0,0,0,0,0,0,216,2026-02-07 01:51:39.325068
TGX,44.76,44.75,44.77,50000000.0,50000000.0,0,0,0,0,0,0,0,0,0,0,0,0,0,0,0,0,0,0,0,0,0,0,0,0,0,0,217,2026-02-07 01:51:39.882277
PHR,50.51,50.5,50.52,50000000.0,50000000.0,0,0,0,0,0,0,0,0,0,0,0,0,0,0,0,0,0,0,0,0,0,0,0,0,0,0,217,2026-02-07 01:51:39.882277
BYL,43.8,43.79,43.81,50000000.0,50000000.0,0,0,0,0,0,0,0,0,0,0,0,0,0,0,0,0,0,0,0,0,0,0,0,0,0,0,217,2026-02-07 01:51:39.882277
CLD,69.24,69.23,69.25,50000000.0,50000000.0,0,0,0,0,0,0,0,0,0,0,0,0,0,0,0,0,0,0,0,0,0,0,0,0,0,0,217,2026-02-07 01:51:39.882277
GGD,32.12,32.11,32.13,50000000.0,50000000.0,0,0,0,0,0,0,0,0,0,0,0,0,0,0,0,0,0,0,0,0,0,0,0,0,0,0,217,2026-02-07 01:51:39.882277
PNR,59.31,59.3,59.32,50000000.0,50000000.0,0,0,0,0,0,0,0,0,0,0,0,0,0,0,0,0,0,0,0,0,0,0,0,0,0,0,217,2026-02-07 01:51:39.882277
FSR,31.5,31.49,31.51,50000000.0,50000000.0,0,0,0,0,0,0,0,0,0,0,0,0,0,0,0,0,0,0,0,0,0,0,0,0,0,0,217,2026-02-07 01:51:39.882277
ATB,60.79,60.78,60.8,50000000.0,50000000.0,0,0,0,0,0,0,0,0,0,0,0,0,0,0,0,0,0,0,0,0,0,0,0,0,0,0,217,2026-02-07 01:51:39.882277
SPK,53.7,53.69,53.71,50000000.0,50000000.0,0,0,0,0,0,0,0,0,0,0,0,0,0,0,0,0,0,0,0,0,0,0,0,0,0,0,217,2026-02-07 01:51:39.882277
EEC,54.22,54.21,54.23,50000000.0,50000000.0,0,0,0,0,0,0,0,0,0,0,0,0,0,0,0,0,0,0,0,0,0,0,0,0,0,0,217,2026-02-07 01:51:39.882277
TGX,44.76,44.75,44.77,50000000.0,50000000.0,0,0,0,0,0,0,0,0,0,0,0,0,0,0,0,0,0,0,0,0,0,0,0,0,0,0,218,2026-02-07 01:51:40.930498
PHR,50.85,50.84,50.86,50000000.0,50000000.0,0,0,0,0,0,0,0,0,0,0,0,0,0,0,0,0,0,0,0,0,0,0,0,0,0,0,218,2026-02-07 01:51:40.930498
BYL,43.61,43.6,43.62,50000000.0,50000000.0,0,0,0,0,0,0,0,0,0,0,0,0,0,0,0,0,0,0,0,0,0,0,0,0,0,0,218,2026-02-07 01:51:40.930498
CLD,68.99,68.98,69.0,50000000.0,50000000.0,0,0,0,0,0,0,0,0,0,0,0,0,0,0,0,0,0,0,0,0,0,0,0,0,0,0,218,2026-02-07 01:51:40.930498
GGD,32.12,32.11,32.13,50000000.0,50000000.0,0,0,0,0,0,0,0,0,0,0,0,0,0,0,0,0,0,0,0,0,0,0,0,0,0,0,218,2026-02-07 01:51:40.930498
PNR,59.41,59.4,59.42,50000000.0,50000000.0,0,0,0,0,0,0,0,0,0,0,0,0,0,0,0,0,0,0,0,0,0,0,0,0,0,0,218,2026-02-07 01:51:40.930498
FSR,31.51,31.5,31.52,50000000.0,50000000.0,0,0,0,0,0,0,0,0,0,0,0,0,0,0,0,0,0,0,0,0,0,0,0,0,0,0,218,2026-02-07 01:51:40.930498
ATB,60.89,60.88,60.9,50000000.0,50000000.0,0,0,0,0,0,0,0,0,0,0,0,0,0,0,0,0,0,0,0,0,0,0,0,0,0,0,218,2026-02-07 01:51:40.930498
SPK,53.71,53.7,53.72,50000000.0,50000000.0,0,0,0,0,0,0,0,0,0,0,0,0,0,0,0,0,0,0,0,0,0,0,0,0,0,0,218,2026-02-07 01:51:40.930498
EEC,54.24,54.23,54.25,50000000.0,50000000.0,0,0,0,0,0,0,0,0,0,0,0,0,0,0,0,0,0,0,0,0,0,0,0,0,0,0,218,2026-02-07 01:51:40.930498
TGX,44.78,44.77,44.79,50000000.0,50000000.0,0,0,0,0,0,0,0,0,0,0,0,0,0,0,0,0,0,0,0,0,0,0,0,0,0,0,219,2026-02-07 01:51:41.986449
PHR,50.8,50.79,50.81,50000000.0,50000000.0,0,0,0,0,0,0,0,0,0,0,0,0,0,0,0,0,0,0,0,0,0,0,0,0,0,0,219,2026-02-07 01:51:41.986449
BYL,43.92,43.91,43.93,50000000.0,50000000.0,0,0,0,0,0,0,0,0,0,0,0,0,0,0,0,0,0,0,0,0,0,0,0,0,0,0,219,2026-02-07 01:51:41.986449
CLD,69.53,69.52,69.54,50000000.0,50000000.0,0,0,0,0,0,0,0,0,0,0,0,0,0,0,0,0,0,0,0,0,0,0,0,0,0,0,219,2026-02-07 01:51:41.986449
GGD,32.17,32.16,32.18,50000000.0,50000000.0,0,0,0,0,0,0,0,0,0,0,0,0,0,0,0,0,0,0,0,0,0,0,0,0,0,0,219,2026-02-07 01:51:41.986449
PNR,59.48,59.47,59.49,50000000.0,50000000.0,0,0,0,0,0,0,0,0,0,0,0,0,0,0,0,0,0,0,0,0,0,0,0,0,0,0,219,2026-02-07 01:51:41.986449
FSR,31.49,31.48,31.5,50000000.0,50000000.0,0,0,0,0,0,0,0,0,0,0,0,0,0,0,0,0,0,0,0,0,0,0,0,0,0,0,219,2026-02-07 01:51:41.986449
ATB,60.93,60.92,60.94,50000000.0,50000000.0,0,0,0,0,0,0,0,0,0,0,0,0,0,0,0,0,0,0,0,0,0,0,0,0,0,0,219,2026-02-07 01:51:41.986449
SPK,53.68,53.67,53.69,50000000.0,50000000.0,0,0,0,0,0,0,0,0,0,0,0,0,0,0,0,0,0,0,0,0,0,0,0,0,0,0,219,2026-02-07 01:51:41.986449
EEC,54.08,54.07,54.09,50000000.0,50000000.0,0,0,0,0,0,0,0,0,0,0,0,0,0,0,0,0,0,0,0,0,0,0,0,0,0,0,219,2026-02-07 01:51:41.986449
TGX,44.78,44.77,44.79,50000000.0,50000000.0,0,0,0,0,0,0,0,0,0,0,0,0,0,0,0,0,0,0,0,0,0,0,0,0,0,0,220,2026-02-07 01:51:43.038418
PHR,50.16,50.15,50.17,50000000.0,50000000.0,0,0,0,0,0,0,0,0,0,0,0,0,0,0,0,0,0,0,0,0,0,0,0,0,0,0,220,2026-02-07 01:51:43.038418
BYL,44.05,44.04,44.06,50000000.0,50000000.0,0,0,0,0,0,0,0,0,0,0,0,0,0,0,0,0,0,0,0,0,0,0,0,0,0,0,220,2026-02-07 01:51:43.038418
CLD,69.73,69.72,69.74,50000000.0,50000000.0,0,0,0,0,0,0,0,0,0,0,0,0,0,0,0,0,0,0,0,0,0,0,0,0,0,0,220,2026-02-07 01:51:43.038418
GGD,32.21,32.2,32.22,50000000.0,50000000.0,0,0,0,0,0,0,0,0,0,0,0,0,0,0,0,0,0,0,0,0,0,0,0,0,0,0,220,2026-02-07 01:51:43.038418
PNR,59.65,59.64,59.66,50000000.0,50000000.0,0,0,0,0,0,0,0,0,0,0,0,0,0,0,0,0,0,0,0,0,0,0,0,0,0,0,220,2026-02-07 01:51:43.038418
FSR,31.54,31.53,31.55,50000000.0,50000000.0,0,0,0,0,0,0,0,0,0,0,0,0,0,0,0,0,0,0,0,0,0,0,0,0,0,0,220,2026-02-07 01:51:43.038418
ATB,60.93,60.92,60.94,50000000.0,50000000.0,0,0,0,0,0,0,0,0,0,0,0,0,0,0,0,0,0,0,0,0,0,0,0,0,0,0,220,2026-02-07 01:51:43.038418
SPK,53.88,53.87,53.89,50000000.0,50000000.0,0,0,0,0,0,0,0,0,0,0,0,0,0,0,0,0,0,0,0,0,0,0,0,0,0,0,220,2026-02-07 01:51:43.038418
EEC,54.63,54.62,54.64,50000000.0,50000000.0,0,0,0,0,0,0,0,0,0,0,0,0,0,0,0,0,0,0,0,0,0,0,0,0,0,0,220,2026-02-07 01:51:43.038418
TGX,44.8,44.79,44.81,50000000.0,50000000.0,0,0,0,0,0,0,0,0,0,0,0,0,0,0,0,0,0,0,0,0,0,0,0,0,0,0,221,2026-02-07 01:51:44.091052
PHR,49.8,49.79,49.81,50000000.0,50000000.0,0,0,0,0,0,0,0,0,0,0,0,0,0,0,0,0,0,0,0,0,0,0,0,0,0,0,221,2026-02-07 01:51:44.091052
BYL,44.02,44.01,44.03,50000000.0,50000000.0,0,0,0,0,0,0,0,0,0,0,0,0,0,0,0,0,0,0,0,0,0,0,0,0,0,0,221,2026-02-07 01:51:44.091052
CLD,69.66,69.65,69.67,50000000.0,50000000.0,0,0,0,0,0,0,0,0,0,0,0,0,0,0,0,0,0,0,0,0,0,0,0,0,0,0,221,2026-02-07 01:51:44.091052
GGD,32.15,32.14,32.16,50000000.0,50000000.0,0,0,0,0,0,0,0,0,0,0,0,0,0,0,0,0,0,0,0,0,0,0,0,0,0,0,221,2026-02-07 01:51:44.091052
PNR,59.81,59.8,59.82,50000000.0,50000000.0,0,0,0,0,0,0,0,0,0,0,0,0,0,0,0,0,0,0,0,0,0,0,0,0,0,0,221,2026-02-07 01:51:44.091052
FSR,31.55,31.54,31.56,50000000.0,50000000.0,0,0,0,0,0,0,0,0,0,0,0,0,0,0,0,0,0,0,0,0,0,0,0,0,0,0,221,2026-02-07 01:51:44.091052
ATB,60.92,60.91,60.93,50000000.0,50000000.0,0,0,0,0,0,0,0,0,0,0,0,0,0,0,0,0,0,0,0,0,0,0,0,0,0,0,221,2026-02-07 01:51:44.091052
SPK,53.9,53.89,53.91,50000000.0,50000000.0,0,0,0,0,0,0,0,0,0,0,0,0,0,0,0,0,0,0,0,0,0,0,0,0,0,0,221,2026-02-07 01:51:44.091052
EEC,54.66,54.65,54.67,50000000.0,50000000.0,0,0,0,0,0,0,0,0,0,0,0,0,0,0,0,0,0,0,0,0,0,0,0,0,0,0,221,2026-02-07 01:51:44.091052
TGX,44.76,44.75,44.77,50000000.0,50000000.0,0,0,0,0,0,0,0,0,0,0,0,0,0,0,0,0,0,0,0,0,0,0,0,0,0,0,222,2026-02-07 01:51:45.137300
PHR,49.98,49.97,49.99,50000000.0,50000000.0,0,0,0,0,0,0,0,0,0,0,0,0,0,0,0,0,0,0,0,0,0,0,0,0,0,0,222,2026-02-07 01:51:45.137300
BYL,44.04,44.03,44.05,50000000.0,50000000.0,0,0,0,0,0,0,0,0,0,0,0,0,0,0,0,0,0,0,0,0,0,0,0,0,0,0,222,2026-02-07 01:51:45.137300
CLD,69.76,69.75,69.77,50000000.0,50000000.0,0,0,0,0,0,0,0,0,0,0,0,0,0,0,0,0,0,0,0,0,0,0,0,0,0,0,222,2026-02-07 01:51:45.137300
GGD,32.18,32.17,32.19,50000000.0,50000000.0,0,0,0,0,0,0,0,0,0,0,0,0,0,0,0,0,0,0,0,0,0,0,0,0,0,0,222,2026-02-07 01:51:45.137300
PNR,59.86,59.85,59.87,50000000.0,50000000.0,0,0,0,0,0,0,0,0,0,0,0,0,0,0,0,0,0,0,0,0,0,0,0,0,0,0,222,2026-02-07 01:51:45.137300
FSR,31.54,31.53,31.55,50000000.0,50000000.0,0,0,0,0,0,0,0,0,0,0,0,0,0,0,0,0,0,0,0,0,0,0,0,0,0,0,222,2026-02-07 01:51:45.137300
ATB,60.84,60.83,60.85,50000000.0,50000000.0,0,0,0,0,0,0,0,0,0,0,0,0,0,0,0,0,0,0,0,0,0,0,0,0,0,0,222,2026-02-07 01:51:45.137300
SPK,54.0,53.99,54.01,50000000.0,50000000.0,0,0,0,0,0,0,0,0,0,0,0,0,0,0,0,0,0,0,0,0,0,0,0,0,0,0,222,2026-02-07 01:51:45.137300
EEC,54.99,54.98,55.0,50000000.0,50000000.0,0,0,0,0,0,0,0,0,0,0,0,0,0,0,0,0,0,0,0,0,0,0,0,0,0,0,222,2026-02-07 01:51:45.137300
TGX,44.76,44.75,44.77,50000000.0,50000000.0,0,0,0,0,0,0,0,0,0,0,0,0,0,0,0,0,0,0,0,0,0,0,0,0,0,0,223,2026-02-07 01:51:46.200380
PHR,50.23,50.22,50.24,50000000.0,50000000.0,0,0,0,0,0,0,0,0,0,0,0,0,0,0,0,0,0,0,0,0,0,0,0,0,0,0,223,2026-02-07 01:51:46.200380
BYL,43.97,43.96,43.98,50000000.0,50000000.0,0,0,0,0,0,0,0,0,0,0,0,0,0,0,0,0,0,0,0,0,0,0,0,0,0,0,223,2026-02-07 01:51:46.200380
CLD,69.63,69.62,69.64,50000000.0,50000000.0,0,0,0,0,0,0,0,0,0,0,0,0,0,0,0,0,0,0,0,0,0,0,0,0,0,0,223,2026-02-07 01:51:46.200380
GGD,32.21,32.2,32.22,50000000.0,50000000.0,0,0,0,0,0,0,0,0,0,0,0,0,0,0,0,0,0,0,0,0,0,0,0,0,0,0,223,2026-02-07 01:51:46.200380
PNR,59.87,59.86,59.88,50000000.0,50000000.0,0,0,0,0,0,0,0,0,0,0,0,0,0,0,0,0,0,0,0,0,0,0,0,0,0,0,223,2026-02-07 01:51:46.200380
FSR,31.53,31.52,31.54,50000000.0,50000000.0,0,0,0,0,0,0,0,0,0,0,0,0,0,0,0,0,0,0,0,0,0,0,0,0,0,0,223,2026-02-07 01:51:46.200380
ATB,60.95,60.94,60.96,50000000.0,50000000.0,0,0,0,0,0,0,0,0,0,0,0,0,0,0,0,0,0,0,0,0,0,0,0,0,0,0,223,2026-02-07 01:51:46.200380
SPK,54.07,54.06,54.08,50000000.0,50000000.0,0,0,0,0,0,0,0,0,0,0,0,0,0,0,0,0,0,0,0,0,0,0,0,0,0,0,223,2026-02-07 01:51:46.200380
EEC,55.17,55.16,55.18,50000000.0,50000000.0,0,0,0,0,0,0,0,0,0,0,0,0,0,0,0,0,0,0,0,0,0,0,0,0,0,0,223,2026-02-07 01:51:46.200380
TGX,44.71,44.7,44.72,50000000.0,50000000.0,0,0,0,0,0,0,0,0,0,0,0,0,0,0,0,0,0,0,0,0,0,0,0,0,0,0,224,2026-02-07 01:51:47.241652
PHR,50.18,50.17,50.19,50000000.0,50000000.0,0,0,0,0,0,0,0,0,0,0,0,0,0,0,0,0,0,0,0,0,0,0,0,0,0,0,224,2026-02-07 01:51:47.241652
BYL,44.01,44.0,44.02,50000000.0,50000000.0,0,0,0,0,0,0,0,0,0,0,0,0,0,0,0,0,0,0,0,0,0,0,0,0,0,0,224,2026-02-07 01:51:47.241652
CLD,69.72,69.71,69.73,50000000.0,50000000.0,0,0,0,0,0,0,0,0,0,0,0,0,0,0,0,0,0,0,0,0,0,0,0,0,0,0,224,2026-02-07 01:51:47.241652
GGD,32.17,32.16,32.18,50000000.0,50000000.0,0,0,0,0,0,0,0,0,0,0,0,0,0,0,0,0,0,0,0,0,0,0,0,0,0,0,224,2026-02-07 01:51:47.241652
PNR,59.6,59.59,59.61,50000000.0,50000000.0,0,0,0,0,0,0,0,0,0,0,0,0,0,0,0,0,0,0,0,0,0,0,0,0,0,0,224,2026-02-07 01:51:47.241652
FSR,31.6,31.59,31.61,50000000.0,50000000.0,0,0,0,0,0,0,0,0,0,0,0,0,0,0,0,0,0,0,0,0,0,0,0,0,0,0,224,2026-02-07 01:51:47.241652
ATB,61.08,61.07,61.09,50000000.0,50000000.0,0,0,0,0,0,0,0,0,0,0,0,0,0,0,0,0,0,0,0,0,0,0,0,0,0,0,224,2026-02-07 01:51:47.241652
SPK,54.05,54.04,54.06,50000000.0,50000000.0,0,0,0,0,0,0,0,0,0,0,0,0,0,0,0,0,0,0,0,0,0,0,0,0,0,0,224,2026-02-07 01:51:47.241652
EEC,55.2,55.19,55.21,50000000.0,50000000.0,0,0,0,0,0,0,0,0,0,0,0,0,0,0,0,0,0,0,0,0,0,0,0,0,0,0,224,2026-02-07 01:51:47.241652
TGX,44.7,44.69,44.71,50000000.0,50000000.0,0,0,0,0,0,0,0,0,0,0,0,0,0,0,0,0,0,0,0,0,0,0,0,0,0,0,225,2026-02-07 01:51:48.293285
PHR,49.7,49.69,49.71,50000000.0,50000000.0,0,0,0,0,0,0,0,0,0,0,0,0,0,0,0,0,0,0,0,0,0,0,0,0,0,0,225,2026-02-07 01:51:48.293285
BYL,44.0,43.99,44.01,50000000.0,50000000.0,0,0,0,0,0,0,0,0,0,0,0,0,0,0,0,0,0,0,0,0,0,0,0,0,0,0,225,2026-02-07 01:51:48.293285
CLD,69.7,69.69,69.71,50000000.0,50000000.0,0,0,0,0,0,0,0,0,0,0,0,0,0,0,0,0,0,0,0,0,0,0,0,0,0,0,225,2026-02-07 01:51:48.293285
GGD,32.07,32.06,32.08,50000000.0,50000000.0,0,0,0,0,0,0,0,0,0,0,0,0,0,0,0,0,0,0,0,0,0,0,0,0,0,0,225,2026-02-07 01:51:48.293285
PNR,59.2,59.19,59.21,50000000.0,50000000.0,0,0,0,0,0,0,0,0,0,0,0,0,0,0,0,0,0,0,0,0,0,0,0,0,0,0,225,2026-02-07 01:51:48.293285
FSR,31.61,31.6,31.62,50000000.0,50000000.0,0,0,0,0,0,0,0,0,0,0,0,0,0,0,0,0,0,0,0,0,0,0,0,0,0,0,225,2026-02-07 01:51:48.293285
ATB,61.05,61.04,61.06,50000000.0,50000000.0,0,0,0,0,0,0,0,0,0,0,0,0,0,0,0,0,0,0,0,0,0,0,0,0,0,0,225,2026-02-07 01:51:48.293285
SPK,53.97,53.96,53.98,50000000.0,50000000.0,0,0,0,0,0,0,0,0,0,0,0,0,0,0,0,0,0,0,0,0,0,0,0,0,0,0,225,2026-02-07 01:51:48.293285
EEC,54.93,54.92,54.94,50000000.0,50000000.0,0,0,0,0,0,0,0,0,0,0,0,0,0,0,0,0,0,0,0,0,0,0,0,0,0,0,225,2026-02-07 01:51:48.293285
TGX,44.71,44.7,44.72,50000000.0,50000000.0,0,0,0,0,0,0,0,0,0,0,0,0,0,0,0,0,0,0,0,0,0,0,0,0,0,0,226,2026-02-07 01:51:49.343071
PHR,49.59,49.58,49.6,50000000.0,50000000.0,0,0,0,0,0,0,0,0,0,0,0,0,0,0,0,0,0,0,0,0,0,0,0,0,0,0,226,2026-02-07 01:51:49.343071
BYL,43.87,43.86,43.88,50000000.0,50000000.0,0,0,0,0,0,0,0,0,0,0,0,0,0,0,0,0,0,0,0,0,0,0,0,0,0,0,226,2026-02-07 01:51:49.343071
CLD,69.41,69.4,69.42,50000000.0,50000000.0,0,0,0,0,0,0,0,0,0,0,0,0,0,0,0,0,0,0,0,0,0,0,0,0,0,0,226,2026-02-07 01:51:49.343071
GGD,32.11,32.1,32.12,50000000.0,50000000.0,0,0,0,0,0,0,0,0,0,0,0,0,0,0,0,0,0,0,0,0,0,0,0,0,0,0,226,2026-02-07 01:51:49.343071
PNR,59.34,59.33,59.35,50000000.0,50000000.0,0,0,0,0,0,0,0,0,0,0,0,0,0,0,0,0,0,0,0,0,0,0,0,0,0,0,226,2026-02-07 01:51:49.343071
FSR,31.6,31.59,31.61,50000000.0,50000000.0,0,0,0,0,0,0,0,0,0,0,0,0,0,0,0,0,0,0,0,0,0,0,0,0,0,0,226,2026-02-07 01:51:49.343071
ATB,60.92,60.91,60.93,50000000.0,50000000.0,0,0,0,0,0,0,0,0,0,0,0,0,0,0,0,0,0,0,0,0,0,0,0,0,0,0,226,2026-02-07 01:51:49.343071
SPK,54.06,54.05,54.07,50000000.0,50000000.0,0,0,0,0,0,0,0,0,0,0,0,0,0,0,0,0,0,0,0,0,0,0,0,0,0,0,226,2026-02-07 01:51:49.343071
EEC,55.05,55.04,55.06,50000000.0,50000000.0,0,0,0,0,0,0,0,0,0,0,0,0,0,0,0,0,0,0,0,0,0,0,0,0,0,0,226,2026-02-07 01:51:49.343071
TGX,44.72,44.71,44.73,50000000.0,50000000.0,0,0,0,0,0,0,0,0,0,0,0,0,0,0,0,0,0,0,0,0,0,0,0,0,0,0,227,2026-02-07 01:51:49.904878
PHR,49.42,49.41,49.43,50000000.0,50000000.0,0,0,0,0,0,0,0,0,0,0,0,0,0,0,0,0,0,0,0,0,0,0,0,0,0,0,227,2026-02-07 01:51:49.904878
BYL,43.58,43.57,43.59,50000000.0,50000000.0,0,0,0,0,0,0,0,0,0,0,0,0,0,0,0,0,0,0,0,0,0,0,0,0,0,0,227,2026-02-07 01:51:49.904878
CLD,68.85,68.84,68.86,50000000.0,50000000.0,0,0,0,0,0,0,0,0,0,0,0,0,0,0,0,0,0,0,0,0,0,0,0,0,0,0,227,2026-02-07 01:51:49.904878
GGD,32.05,32.04,32.06,50000000.0,50000000.0,0,0,0,0,0,0,0,0,0,0,0,0,0,0,0,0,0,0,0,0,0,0,0,0,0,0,227,2026-02-07 01:51:49.904878
PNR,59.24,59.23,59.25,50000000.0,50000000.0,0,0,0,0,0,0,0,0,0,0,0,0,0,0,0,0,0,0,0,0,0,0,0,0,0,0,227,2026-02-07 01:51:49.904878
FSR,31.56,31.55,31.57,50000000.0,50000000.0,0,0,0,0,0,0,0,0,0,0,0,0,0,0,0,0,0,0,0,0,0,0,0,0,0,0,227,2026-02-07 01:51:49.904878
ATB,61.03,61.02,61.04,50000000.0,50000000.0,0,0,0,0,0,0,0,0,0,0,0,0,0,0,0,0,0,0,0,0,0,0,0,0,0,0,227,2026-02-07 01:51:49.904878
SPK,53.98,53.97,53.99,50000000.0,50000000.0,0,0,0,0,0,0,0,0,0,0,0,0,0,0,0,0,0,0,0,0,0,0,0,0,0,0,227,2026-02-07 01:51:49.904878
EEC,54.91,54.9,54.92,50000000.0,50000000.0,0,0,0,0,0,0,0,0,0,0,0,0,0,0,0,0,0,0,0,0,0,0,0,0,0,0,227,2026-02-07 01:51:49.904878
TGX,44.7,44.69,44.71,50000000.0,50000000.0,0,0,0,0,0,0,0,0,0,0,0,0,0,0,0,0,0,0,0,0,0,0,0,0,0,0,228,2026-02-07 01:51:50.966344
PHR,49.49,49.48,49.5,50000000.0,50000000.0,0,0,0,0,0,0,0,0,0,0,0,0,0,0,0,0,0,0,0,0,0,0,0,0,0,0,228,2026-02-07 01:51:50.966344
BYL,43.77,43.76,43.78,50000000.0,50000000.0,0,0,0,0,0,0,0,0,0,0,0,0,0,0,0,0,0,0,0,0,0,0,0,0,0,0,228,2026-02-07 01:51:50.966344
CLD,69.25,69.24,69.26,50000000.0,50000000.0,0,0,0,0,0,0,0,0,0,0,0,0,0,0,0,0,0,0,0,0,0,0,0,0,0,0,228,2026-02-07 01:51:50.966344
GGD,32.07,32.06,32.08,50000000.0,50000000.0,0,0,0,0,0,0,0,0,0,0,0,0,0,0,0,0,0,0,0,0,0,0,0,0,0,0,228,2026-02-07 01:51:50.966344
PNR,58.87,58.86,58.88,50000000.0,50000000.0,0,0,0,0,0,0,0,0,0,0,0,0,0,0,0,0,0,0,0,0,0,0,0,0,0,0,228,2026-02-07 01:51:50.966344
FSR,31.55,31.54,31.56,50000000.0,50000000.0,0,0,0,0,0,0,0,0,0,0,0,0,0,0,0,0,0,0,0,0,0,0,0,0,0,0,228,2026-02-07 01:51:50.966344
ATB,60.97,60.96,60.98,50000000.0,50000000.0,0,0,0,0,0,0,0,0,0,0,0,0,0,0,0,0,0,0,0,0,0,0,0,0,0,0,228,2026-02-07 01:51:50.966344
SPK,53.89,53.88,53.9,50000000.0,50000000.0,0,0,0,0,0,0,0,0,0,0,0,0,0,0,0,0,0,0,0,0,0,0,0,0,0,0,228,2026-02-07 01:51:50.966344
EEC,54.58,54.57,54.59,50000000.0,50000000.0,0,0,0,0,0,0,0,0,0,0,0,0,0,0,0,0,0,0,0,0,0,0,0,0,0,0,228,2026-02-07 01:51:50.966344
TGX,44.7,44.69,44.71,50000000.0,50000000.0,0,0,0,0,0,0,0,0,0,0,0,0,0,0,0,0,0,0,0,0,0,0,0,0,0,0,229,2026-02-07 01:51:52.035348
PHR,50.18,50.17,50.19,50000000.0,50000000.0,0,0,0,0,0,0,0,0,0,0,0,0,0,0,0,0,0,0,0,0,0,0,0,0,0,0,229,2026-02-07 01:51:52.035348
BYL,43.83,43.82,43.84,50000000.0,50000000.0,0,0,0,0,0,0,0,0,0,0,0,0,0,0,0,0,0,0,0,0,0,0,0,0,0,0,229,2026-02-07 01:51:52.035348
CLD,69.4,69.39,69.41,50000000.0,50000000.0,0,0,0,0,0,0,0,0,0,0,0,0,0,0,0,0,0,0,0,0,0,0,0,0,0,0,229,2026-02-07 01:51:52.035348
GGD,32.08,32.07,32.09,50000000.0,50000000.0,0,0,0,0,0,0,0,0,0,0,0,0,0,0,0,0,0,0,0,0,0,0,0,0,0,0,229,2026-02-07 01:51:52.035348
PNR,59.07,59.06,59.08,50000000.0,50000000.0,0,0,0,0,0,0,0,0,0,0,0,0,0,0,0,0,0,0,0,0,0,0,0,0,0,0,229,2026-02-07 01:51:52.035348
FSR,31.54,31.53,31.55,50000000.0,50000000.0,0,0,0,0,0,0,0,0,0,0,0,0,0,0,0,0,0,0,0,0,0,0,0,0,0,0,229,2026-02-07 01:51:52.035348
ATB,60.86,60.85,60.87,50000000.0,50000000.0,0,0,0,0,0,0,0,0,0,0,0,0,0,0,0,0,0,0,0,0,0,0,0,0,0,0,229,2026-02-07 01:51:52.035348
SPK,53.84,53.83,53.85,50000000.0,50000000.0,0,0,0,0,0,0,0,0,0,0,0,0,0,0,0,0,0,0,0,0,0,0,0,0,0,0,229,2026-02-07 01:51:52.035348
EEC,54.37,54.36,54.38,50000000.0,50000000.0,0,0,0,0,0,0,0,0,0,0,0,0,0,0,0,0,0,0,0,0,0,0,0,0,0,0,229,2026-02-07 01:51:52.035348
TGX,44.69,44.68,44.7,50000000.0,50000000.0,0,0,0,0,0,0,0,0,0,0,0,0,0,0,0,0,0,0,0,0,0,0,0,0,0,0,230,2026-02-07 01:51:53.093601
PHR,50.6,50.59,50.61,50000000.0,50000000.0,0,0,0,0,0,0,0,0,0,0,0,0,0,0,0,0,0,0,0,0,0,0,0,0,0,0,230,2026-02-07 01:51:53.093601
BYL,43.57,43.56,43.58,50000000.0,50000000.0,0,0,0,0,0,0,0,0,0,0,0,0,0,0,0,0,0,0,0,0,0,0,0,0,0,0,230,2026-02-07 01:51:53.093601
CLD,68.97,68.96,68.98,50000000.0,50000000.0,0,0,0,0,0,0,0,0,0,0,0,0,0,0,0,0,0,0,0,0,0,0,0,0,0,0,230,2026-02-07 01:51:53.093601
GGD,32.1,32.09,32.11,50000000.0,50000000.0,0,0,0,0,0,0,0,0,0,0,0,0,0,0,0,0,0,0,0,0,0,0,0,0,0,0,230,2026-02-07 01:51:53.093601
PNR,58.91,58.9,58.92,50000000.0,50000000.0,0,0,0,0,0,0,0,0,0,0,0,0,0,0,0,0,0,0,0,0,0,0,0,0,0,0,230,2026-02-07 01:51:53.093601
FSR,31.5,31.49,31.51,50000000.0,50000000.0,0,0,0,0,0,0,0,0,0,0,0,0,0,0,0,0,0,0,0,0,0,0,0,0,0,0,230,2026-02-07 01:51:53.093601
ATB,60.9,60.89,60.91,50000000.0,50000000.0,0,0,0,0,0,0,0,0,0,0,0,0,0,0,0,0,0,0,0,0,0,0,0,0,0,0,230,2026-02-07 01:51:53.093601
SPK,53.85,53.84,53.86,50000000.0,50000000.0,0,0,0,0,0,0,0,0,0,0,0,0,0,0,0,0,0,0,0,0,0,0,0,0,0,0,230,2026-02-07 01:51:53.093601
EEC,54.32,54.31,54.33,50000000.0,50000000.0,0,0,0,0,0,0,0,0,0,0,0,0,0,0,0,0,0,0,0,0,0,0,0,0,0,0,230,2026-02-07 01:51:53.093601
TGX,44.73,44.72,44.74,50000000.0,50000000.0,0,0,0,0,0,0,0,0,0,0,0,0,0,0,0,0,0,0,0,0,0,0,0,0,0,0,231,2026-02-07 01:51:54.143325
PHR,50.82,50.81,50.83,50000000.0,50000000.0,0,0,0,0,0,0,0,0,0,0,0,0,0,0,0,0,0,0,0,0,0,0,0,0,0,0,231,2026-02-07 01:51:54.143325
BYL,43.65,43.64,43.66,50000000.0,50000000.0,0,0,0,0,0,0,0,0,0,0,0,0,0,0,0,0,0,0,0,0,0,0,0,0,0,0,231,2026-02-07 01:51:54.143325
CLD,69.01,69.0,69.02,50000000.0,50000000.0,0,0,0,0,0,0,0,0,0,0,0,0,0,0,0,0,0,0,0,0,0,0,0,0,0,0,231,2026-02-07 01:51:54.143325
GGD,32.13,32.12,32.14,50000000.0,50000000.0,0,0,0,0,0,0,0,0,0,0,0,0,0,0,0,0,0,0,0,0,0,0,0,0,0,0,231,2026-02-07 01:51:54.143325
PNR,58.95,58.94,58.96,50000000.0,50000000.0,0,0,0,0,0,0,0,0,0,0,0,0,0,0,0,0,0,0,0,0,0,0,0,0,0,0,231,2026-02-07 01:51:54.143325
FSR,31.48,31.47,31.49,50000000.0,50000000.0,0,0,0,0,0,0,0,0,0,0,0,0,0,0,0,0,0,0,0,0,0,0,0,0,0,0,231,2026-02-07 01:51:54.143325
ATB,60.89,60.88,60.9,50000000.0,50000000.0,0,0,0,0,0,0,0,0,0,0,0,0,0,0,0,0,0,0,0,0,0,0,0,0,0,0,231,2026-02-07 01:51:54.143325
SPK,53.87,53.86,53.88,50000000.0,50000000.0,0,0,0,0,0,0,0,0,0,0,0,0,0,0,0,0,0,0,0,0,0,0,0,0,0,0,231,2026-02-07 01:51:54.143325
EEC,54.41,54.4,54.42,50000000.0,50000000.0,0,0,0,0,0,0,0,0,0,0,0,0,0,0,0,0,0,0,0,0,0,0,0,0,0,0,231,2026-02-07 01:51:54.143325
TGX,44.77,44.76,44.78,50000000.0,50000000.0,0,0,0,0,0,0,0,0,0,0,0,0,0,0,0,0,0,0,0,0,0,0,0,0,0,0,232,2026-02-07 01:51:55.186418
PHR,50.87,50.86,50.88,50000000.0,50000000.0,0,0,0,0,0,0,0,0,0,0,0,0,0,0,0,0,0,0,0,0,0,0,0,0,0,0,232,2026-02-07 01:51:55.186418
BYL,43.8,43.79,43.81,50000000.0,50000000.0,0,0,0,0,0,0,0,0,0,0,0,0,0,0,0,0,0,0,0,0,0,0,0,0,0,0,232,2026-02-07 01:51:55.186418
CLD,69.26,69.25,69.27,50000000.0,50000000.0,0,0,0,0,0,0,0,0,0,0,0,0,0,0,0,0,0,0,0,0,0,0,0,0,0,0,232,2026-02-07 01:51:55.186418
GGD,32.13,32.12,32.14,50000000.0,50000000.0,0,0,0,0,0,0,0,0,0,0,0,0,0,0,0,0,0,0,0,0,0,0,0,0,0,0,232,2026-02-07 01:51:55.186418
PNR,59.0,58.99,59.01,50000000.0,50000000.0,0,0,0,0,0,0,0,0,0,0,0,0,0,0,0,0,0,0,0,0,0,0,0,0,0,0,232,2026-02-07 01:51:55.186418
FSR,31.43,31.42,31.44,50000000.0,50000000.0,0,0,0,0,0,0,0,0,0,0,0,0,0,0,0,0,0,0,0,0,0,0,0,0,0,0,232,2026-02-07 01:51:55.186418
ATB,60.81,60.8,60.82,50000000.0,50000000.0,0,0,0,0,0,0,0,0,0,0,0,0,0,0,0,0,0,0,0,0,0,0,0,0,0,0,232,2026-02-07 01:51:55.186418
SPK,53.91,53.9,53.92,50000000.0,50000000.0,0,0,0,0,0,0,0,0,0,0,0,0,0,0,0,0,0,0,0,0,0,0,0,0,0,0,232,2026-02-07 01:51:55.186418
EEC,54.56,54.55,54.57,50000000.0,50000000.0,0,0,0,0,0,0,0,0,0,0,0,0,0,0,0,0,0,0,0,0,0,0,0,0,0,0,232,2026-02-07 01:51:55.186418
TGX,44.74,44.73,44.75,50000000.0,50000000.0,0,0,0,0,0,0,0,0,0,0,0,0,0,0,0,0,0,0,0,0,0,0,0,0,0,0,233,2026-02-07 01:51:56.228343
PHR,50.8,50.79,50.81,50000000.0,50000000.0,0,0,0,0,0,0,0,0,0,0,0,0,0,0,0,0,0,0,0,0,0,0,0,0,0,0,233,2026-02-07 01:51:56.228343
BYL,44.05,44.04,44.06,50000000.0,50000000.0,0,0,0,0,0,0,0,0,0,0,0,0,0,0,0,0,0,0,0,0,0,0,0,0,0,0,233,2026-02-07 01:51:56.228343
CLD,69.73,69.72,69.74,50000000.0,50000000.0,0,0,0,0,0,0,0,0,0,0,0,0,0,0,0,0,0,0,0,0,0,0,0,0,0,0,233,2026-02-07 01:51:56.228343
GGD,32.19,32.18,32.2,50000000.0,50000000.0,0,0,0,0,0,0,0,0,0,0,0,0,0,0,0,0,0,0,0,0,0,0,0,0,0,0,233,2026-02-07 01:51:56.228343
PNR,59.04,59.03,59.05,50000000.0,50000000.0,0,0,0,0,0,0,0,0,0,0,0,0,0,0,0,0,0,0,0,0,0,0,0,0,0,0,233,2026-02-07 01:51:56.228343
FSR,31.4,31.39,31.41,50000000.0,50000000.0,0,0,0,0,0,0,0,0,0,0,0,0,0,0,0,0,0,0,0,0,0,0,0,0,0,0,233,2026-02-07 01:51:56.228343
ATB,60.76,60.75,60.77,50000000.0,50000000.0,0,0,0,0,0,0,0,0,0,0,0,0,0,0,0,0,0,0,0,0,0,0,0,0,0,0,233,2026-02-07 01:51:56.228343
SPK,53.93,53.92,53.94,50000000.0,50000000.0,0,0,0,0,0,0,0,0,0,0,0,0,0,0,0,0,0,0,0,0,0,0,0,0,0,0,233,2026-02-07 01:51:56.228343
EEC,54.6,54.59,54.61,50000000.0,50000000.0,0,0,0,0,0,0,0,0,0,0,0,0,0,0,0,0,0,0,0,0,0,0,0,0,0,0,233,2026-02-07 01:51:56.228343
TGX,44.81,44.8,44.82,50000000.0,50000000.0,0,0,0,0,0,0,0,0,0,0,0,0,0,0,0,0,0,0,0,0,0,0,0,0,0,0,234,2026-02-07 01:51:57.289844
PHR,50.68,50.67,50.69,50000000.0,50000000.0,0,0,0,0,0,0,0,0,0,0,0,0,0,0,0,0,0,0,0,0,0,0,0,0,0,0,234,2026-02-07 01:51:57.289844
BYL,43.96,43.95,43.97,50000000.0,50000000.0,0,0,0,0,0,0,0,0,0,0,0,0,0,0,0,0,0,0,0,0,0,0,0,0,0,0,234,2026-02-07 01:51:57.289844
CLD,69.52,69.51,69.53,50000000.0,50000000.0,0,0,0,0,0,0,0,0,0,0,0,0,0,0,0,0,0,0,0,0,0,0,0,0,0,0,234,2026-02-07 01:51:57.289844
GGD,32.15,32.14,32.16,50000000.0,50000000.0,0,0,0,0,0,0,0,0,0,0,0,0,0,0,0,0,0,0,0,0,0,0,0,0,0,0,234,2026-02-07 01:51:57.289844
PNR,58.95,58.94,58.96,50000000.0,50000000.0,0,0,0,0,0,0,0,0,0,0,0,0,0,0,0,0,0,0,0,0,0,0,0,0,0,0,234,2026-02-07 01:51:57.289844
FSR,31.4,31.39,31.41,50000000.0,50000000.0,0,0,0,0,0,0,0,0,0,0,0,0,0,0,0,0,0,0,0,0,0,0,0,0,0,0,234,2026-02-07 01:51:57.289844
ATB,60.71,60.7,60.72,50000000.0,50000000.0,0,0,0,0,0,0,0,0,0,0,0,0,0,0,0,0,0,0,0,0,0,0,0,0,0,0,234,2026-02-07 01:51:57.289844
SPK,54.05,54.04,54.06,50000000.0,50000000.0,0,0,0,0,0,0,0,0,0,0,0,0,0,0,0,0,0,0,0,0,0,0,0,0,0,0,234,2026-02-07 01:51:57.289844
EEC,54.97,54.96,54.98,50000000.0,50000000.0,0,0,0,0,0,0,0,0,0,0,0,0,0,0,0,0,0,0,0,0,0,0,0,0,0,0,234,2026-02-07 01:51:57.289844
TGX,44.77,44.76,44.78,50000000.0,50000000.0,0,0,0,0,0,0,0,0,0,0,0,0,0,0,0,0,0,0,0,0,0,0,0,0,0,0,235,2026-02-07 01:51:58.377962
PHR,50.42,50.41,50.43,50000000.0,50000000.0,0,0,0,0,0,0,0,0,0,0,0,0,0,0,0,0,0,0,0,0,0,0,0,0,0,0,235,2026-02-07 01:51:58.377962
BYL,43.93,43.92,43.94,50000000.0,50000000.0,0,0,0,0,0,0,0,0,0,0,0,0,0,0,0,0,0,0,0,0,0,0,0,0,0,0,235,2026-02-07 01:51:58.377962
CLD,69.49,69.48,69.5,50000000.0,50000000.0,0,0,0,0,0,0,0,0,0,0,0,0,0,0,0,0,0,0,0,0,0,0,0,0,0,0,235,2026-02-07 01:51:58.377962
GGD,32.1,32.09,32.11,50000000.0,50000000.0,0,0,0,0,0,0,0,0,0,0,0,0,0,0,0,0,0,0,0,0,0,0,0,0,0,0,235,2026-02-07 01:51:58.377962
PNR,58.92,58.91,58.93,50000000.0,50000000.0,0,0,0,0,0,0,0,0,0,0,0,0,0,0,0,0,0,0,0,0,0,0,0,0,0,0,235,2026-02-07 01:51:58.377962
FSR,31.37,31.36,31.38,50000000.0,50000000.0,0,0,0,0,0,0,0,0,0,0,0,0,0,0,0,0,0,0,0,0,0,0,0,0,0,0,235,2026-02-07 01:51:58.377962
ATB,60.45,60.44,60.46,50000000.0,50000000.0,0,0,0,0,0,0,0,0,0,0,0,0,0,0,0,0,0,0,0,0,0,0,0,0,0,0,235,2026-02-07 01:51:58.377962
SPK,54.02,54.01,54.03,50000000.0,50000000.0,0,0,0,0,0,0,0,0,0,0,0,0,0,0,0,0,0,0,0,0,0,0,0,0,0,0,235,2026-02-07 01:51:58.377962
EEC,54.89,54.88,54.9,50000000.0,50000000.0,0,0,0,0,0,0,0,0,0,0,0,0,0,0,0,0,0,0,0,0,0,0,0,0,0,0,235,2026-02-07 01:51:58.377962
TGX,44.8,44.79,44.81,50000000.0,50000000.0,0,0,0,0,0,0,0,0,0,0,0,0,0,0,0,0,0,0,0,0,0,0,0,0,0,0,236,2026-02-07 01:51:59.433465
PHR,50.33,50.32,50.34,50000000.0,50000000.0,0,0,0,0,0,0,0,0,0,0,0,0,0,0,0,0,0,0,0,0,0,0,0,0,0,0,236,2026-02-07 01:51:59.433465
BYL,43.54,43.53,43.55,50000000.0,50000000.0,0,0,0,0,0,0,0,0,0,0,0,0,0,0,0,0,0,0,0,0,0,0,0,0,0,0,236,2026-02-07 01:51:59.433465
CLD,68.82,68.81,68.83,50000000.0,50000000.0,0,0,0,0,0,0,0,0,0,0,0,0,0,0,0,0,0,0,0,0,0,0,0,0,0,0,236,2026-02-07 01:51:59.433465
GGD,32.1,32.09,32.11,50000000.0,50000000.0,0,0,0,0,0,0,0,0,0,0,0,0,0,0,0,0,0,0,0,0,0,0,0,0,0,0,236,2026-02-07 01:51:59.433465
PNR,58.66,58.65,58.67,50000000.0,50000000.0,0,0,0,0,0,0,0,0,0,0,0,0,0,0,0,0,0,0,0,0,0,0,0,0,0,0,236,2026-02-07 01:51:59.433465
FSR,31.32,31.31,31.33,50000000.0,50000000.0,0,0,0,0,0,0,0,0,0,0,0,0,0,0,0,0,0,0,0,0,0,0,0,0,0,0,236,2026-02-07 01:51:59.433465
ATB,60.5,60.49,60.51,50000000.0,50000000.0,0,0,0,0,0,0,0,0,0,0,0,0,0,0,0,0,0,0,0,0,0,0,0,0,0,0,236,2026-02-07 01:51:59.433465
SPK,54.1,54.09,54.11,50000000.0,50000000.0,0,0,0,0,0,0,0,0,0,0,0,0,0,0,0,0,0,0,0,0,0,0,0,0,0,0,236,2026-02-07 01:51:59.433465
EEC,54.96,54.95,54.97,50000000.0,50000000.0,0,0,0,0,0,0,0,0,0,0,0,0,0,0,0,0,0,0,0,0,0,0,0,0,0,0,236,2026-02-07 01:51:59.433465
TGX,44.75,44.74,44.76,50000000.0,50000000.0,0,0,0,0,0,0,0,0,0,0,0,0,0,0,0,0,0,0,0,0,0,0,0,0,0,0,237,2026-02-07 01:52:00.020531
PHR,50.44,50.43,50.45,50000000.0,50000000.0,0,0,0,0,0,0,0,0,0,0,0,0,0,0,0,0,0,0,0,0,0,0,0,0,0,0,237,2026-02-07 01:52:00.020531
BYL,43.48,43.47,43.49,50000000.0,50000000.0,0,0,0,0,0,0,0,0,0,0,0,0,0,0,0,0,0,0,0,0,0,0,0,0,0,0,237,2026-02-07 01:52:00.020531
CLD,68.67,68.66,68.68,50000000.0,50000000.0,0,0,0,0,0,0,0,0,0,0,0,0,0,0,0,0,0,0,0,0,0,0,0,0,0,0,237,2026-02-07 01:52:00.020531
GGD,32.12,32.11,32.13,50000000.0,50000000.0,0,0,0,0,0,0,0,0,0,0,0,0,0,0,0,0,0,0,0,0,0,0,0,0,0,0,237,2026-02-07 01:52:00.020531
PNR,58.91,58.9,58.92,50000000.0,50000000.0,0,0,0,0,0,0,0,0,0,0,0,0,0,0,0,0,0,0,0,0,0,0,0,0,0,0,237,2026-02-07 01:52:00.020531
FSR,31.34,31.33,31.35,50000000.0,50000000.0,0,0,0,0,0,0,0,0,0,0,0,0,0,0,0,0,0,0,0,0,0,0,0,0,0,0,237,2026-02-07 01:52:00.020531
ATB,60.59,60.58,60.6,50000000.0,50000000.0,0,0,0,0,0,0,0,0,0,0,0,0,0,0,0,0,0,0,0,0,0,0,0,0,0,0,237,2026-02-07 01:52:00.020531
SPK,54.08,54.07,54.09,50000000.0,50000000.0,0,0,0,0,0,0,0,0,0,0,0,0,0,0,0,0,0,0,0,0,0,0,0,0,0,0,237,2026-02-07 01:52:00.020531
EEC,54.94,54.93,54.95,50000000.0,50000000.0,0,0,0,0,0,0,0,0,0,0,0,0,0,0,0,0,0,0,0,0,0,0,0,0,0,0,237,2026-02-07 01:52:00.020531
TGX,44.74,44.73,44.75,50000000.0,50000000.0,0,0,0,0,0,0,0,0,0,0,0,0,0,0,0,0,0,0,0,0,0,0,0,0,0,0,238,2026-02-07 01:52:01.323969
PHR,50.36,50.35,50.37,50000000.0,50000000.0,0,0,0,0,0,0,0,0,0,0,0,0,0,0,0,0,0,0,0,0,0,0,0,0,0,0,238,2026-02-07 01:52:01.323969
BYL,43.41,43.4,43.42,50000000.0,50000000.0,0,0,0,0,0,0,0,0,0,0,0,0,0,0,0,0,0,0,0,0,0,0,0,0,0,0,238,2026-02-07 01:52:01.323969
CLD,68.61,68.6,68.62,50000000.0,50000000.0,0,0,0,0,0,0,0,0,0,0,0,0,0,0,0,0,0,0,0,0,0,0,0,0,0,0,238,2026-02-07 01:52:01.323969
GGD,32.14,32.13,32.15,50000000.0,50000000.0,0,0,0,0,0,0,0,0,0,0,0,0,0,0,0,0,0,0,0,0,0,0,0,0,0,0,238,2026-02-07 01:52:01.323969
PNR,59.0,58.99,59.01,50000000.0,50000000.0,0,0,0,0,0,0,0,0,0,0,0,0,0,0,0,0,0,0,0,0,0,0,0,0,0,0,238,2026-02-07 01:52:01.323969
FSR,31.28,31.27,31.29,50000000.0,50000000.0,0,0,0,0,0,0,0,0,0,0,0,0,0,0,0,0,0,0,0,0,0,0,0,0,0,0,238,2026-02-07 01:52:01.323969
ATB,60.62,60.61,60.63,50000000.0,50000000.0,0,0,0,0,0,0,0,0,0,0,0,0,0,0,0,0,0,0,0,0,0,0,0,0,0,0,238,2026-02-07 01:52:01.323969
SPK,54.05,54.04,54.06,50000000.0,50000000.0,0,0,0,0,0,0,0,0,0,0,0,0,0,0,0,0,0,0,0,0,0,0,0,0,0,0,238,2026-02-07 01:52:01.323969
EEC,54.89,54.88,54.9,50000000.0,50000000.0,0,0,0,0,0,0,0,0,0,0,0,0,0,0,0,0,0,0,0,0,0,0,0,0,0,0,238,2026-02-07 01:52:01.323969
TGX,44.76,44.75,44.77,50000000.0,50000000.0,0,0,0,0,0,0,0,0,0,0,0,0,0,0,0,0,0,0,0,0,0,0,0,0,0,0,239,2026-02-07 01:52:02.380515
PHR,50.33,50.32,50.34,50000000.0,50000000.0,0,0,0,0,0,0,0,0,0,0,0,0,0,0,0,0,0,0,0,0,0,0,0,0,0,0,239,2026-02-07 01:52:02.380515
BYL,43.59,43.58,43.6,50000000.0,50000000.0,0,0,0,0,0,0,0,0,0,0,0,0,0,0,0,0,0,0,0,0,0,0,0,0,0,0,239,2026-02-07 01:52:02.380515
CLD,68.95,68.94,68.96,50000000.0,50000000.0,0,0,0,0,0,0,0,0,0,0,0,0,0,0,0,0,0,0,0,0,0,0,0,0,0,0,239,2026-02-07 01:52:02.380515
GGD,32.15,32.14,32.16,50000000.0,50000000.0,0,0,0,0,0,0,0,0,0,0,0,0,0,0,0,0,0,0,0,0,0,0,0,0,0,0,239,2026-02-07 01:52:02.380515
PNR,58.94,58.93,58.95,50000000.0,50000000.0,0,0,0,0,0,0,0,0,0,0,0,0,0,0,0,0,0,0,0,0,0,0,0,0,0,0,239,2026-02-07 01:52:02.380515
FSR,31.28,31.27,31.29,50000000.0,50000000.0,0,0,0,0,0,0,0,0,0,0,0,0,0,0,0,0,0,0,0,0,0,0,0,0,0,0,239,2026-02-07 01:52:02.380515
ATB,60.79,60.78,60.8,50000000.0,50000000.0,0,0,0,0,0,0,0,0,0,0,0,0,0,0,0,0,0,0,0,0,0,0,0,0,0,0,239,2026-02-07 01:52:02.380515
SPK,54.07,54.06,54.08,50000000.0,50000000.0,0,0,0,0,0,0,0,0,0,0,0,0,0,0,0,0,0,0,0,0,0,0,0,0,0,0,239,2026-02-07 01:52:02.380515
EEC,55.05,55.04,55.06,50000000.0,50000000.0,0,0,0,0,0,0,0,0,0,0,0,0,0,0,0,0,0,0,0,0,0,0,0,0,0,0,239,2026-02-07 01:52:02.380515
TGX,44.76,44.75,44.77,50000000.0,50000000.0,0,0,0,0,0,0,0,0,0,0,0,0,0,0,0,0,0,0,0,0,0,0,0,0,0,0,240,2026-02-07 01:52:03.434917
PHR,49.92,49.91,49.93,50000000.0,50000000.0,0,0,0,0,0,0,0,0,0,0,0,0,0,0,0,0,0,0,0,0,0,0,0,0,0,0,240,2026-02-07 01:52:03.434917
BYL,43.62,43.61,43.63,50000000.0,50000000.0,0,0,0,0,0,0,0,0,0,0,0,0,0,0,0,0,0,0,0,0,0,0,0,0,0,0,240,2026-02-07 01:52:03.434917
CLD,69.07,69.06,69.08,50000000.0,50000000.0,0,0,0,0,0,0,0,0,0,0,0,0,0,0,0,0,0,0,0,0,0,0,0,0,0,0,240,2026-02-07 01:52:03.434917
GGD,32.15,32.14,32.16,50000000.0,50000000.0,0,0,0,0,0,0,0,0,0,0,0,0,0,0,0,0,0,0,0,0,0,0,0,0,0,0,240,2026-02-07 01:52:03.434917
PNR,58.9,58.89,58.91,50000000.0,50000000.0,0,0,0,0,0,0,0,0,0,0,0,0,0,0,0,0,0,0,0,0,0,0,0,0,0,0,240,2026-02-07 01:52:03.434917
FSR,31.27,31.26,31.28,50000000.0,50000000.0,0,0,0,0,0,0,0,0,0,0,0,0,0,0,0,0,0,0,0,0,0,0,0,0,0,0,240,2026-02-07 01:52:03.434917
ATB,60.86,60.85,60.87,50000000.0,50000000.0,0,0,0,0,0,0,0,0,0,0,0,0,0,0,0,0,0,0,0,0,0,0,0,0,0,0,240,2026-02-07 01:52:03.434917
SPK,54.16,54.15,54.17,50000000.0,50000000.0,0,0,0,0,0,0,0,0,0,0,0,0,0,0,0,0,0,0,0,0,0,0,0,0,0,0,240,2026-02-07 01:52:03.434917
EEC,55.17,55.16,55.18,50000000.0,50000000.0,0,0,0,0,0,0,0,0,0,0,0,0,0,0,0,0,0,0,0,0,0,0,0,0,0,0,240,2026-02-07 01:52:03.434917
TGX,44.82,44.81,44.83,50000000.0,50000000.0,0,0,0,0,0,0,0,0,0,0,0,0,0,0,0,0,0,0,0,0,0,0,0,0,0,0,241,2026-02-07 01:52:03.998881
PHR,50.19,50.18,50.2,50000000.0,50000000.0,0,0,0,0,0,0,0,0,0,0,0,0,0,0,0,0,0,0,0,0,0,0,0,0,0,0,241,2026-02-07 01:52:03.998881
BYL,43.82,43.81,43.83,50000000.0,50000000.0,0,0,0,0,0,0,0,0,0,0,0,0,0,0,0,0,0,0,0,0,0,0,0,0,0,0,241,2026-02-07 01:52:03.998881
CLD,69.46,69.45,69.47,50000000.0,50000000.0,0,0,0,0,0,0,0,0,0,0,0,0,0,0,0,0,0,0,0,0,0,0,0,0,0,0,241,2026-02-07 01:52:03.998881
GGD,32.12,32.11,32.13,50000000.0,50000000.0,0,0,0,0,0,0,0,0,0,0,0,0,0,0,0,0,0,0,0,0,0,0,0,0,0,0,241,2026-02-07 01:52:03.998881
PNR,58.79,58.78,58.8,50000000.0,50000000.0,0,0,0,0,0,0,0,0,0,0,0,0,0,0,0,0,0,0,0,0,0,0,0,0,0,0,241,2026-02-07 01:52:03.998881
FSR,31.32,31.31,31.33,50000000.0,50000000.0,0,0,0,0,0,0,0,0,0,0,0,0,0,0,0,0,0,0,0,0,0,0,0,0,0,0,241,2026-02-07 01:52:03.998881
ATB,60.9,60.89,60.91,50000000.0,50000000.0,0,0,0,0,0,0,0,0,0,0,0,0,0,0,0,0,0,0,0,0,0,0,0,0,0,0,241,2026-02-07 01:52:03.998881
SPK,54.3,54.29,54.31,50000000.0,50000000.0,0,0,0,0,0,0,0,0,0,0,0,0,0,0,0,0,0,0,0,0,0,0,0,0,0,0,241,2026-02-07 01:52:03.998881
EEC,55.44,55.43,55.45,50000000.0,50000000.0,0,0,0,0,0,0,0,0,0,0,0,0,0,0,0,0,0,0,0,0,0,0,0,0,0,0,241,2026-02-07 01:52:03.998881
TGX,44.78,44.77,44.79,50000000.0,50000000.0,0,0,0,0,0,0,0,0,0,0,0,0,0,0,0,0,0,0,0,0,0,0,0,0,0,0,242,2026-02-07 01:52:05.087967,18.0,1.0,241.0,D1-TGX/PHR,Financing Condition Satisfied,"Pharmaco formally announces that all financing conditions precedent have been satisfied, removing financing risk from the transaction."
PHR,50.38,50.37,50.39,50000000.0,50000000.0,0,0,0,0,0,0,0,0,0,0,0,0,0,0,0,0,0,0,0,0,0,0,0,0,0,0,242,2026-02-07 01:52:05.087967,,,,,,
BYL,43.88,43.87,43.89,50000000.0,50000000.0,0,0,0,0,0,0,0,0,0,0,0,0,0,0,0,0,0,0,0,0,0,0,0,0,0,0,242,2026-02-07 01:52:05.087967,,,,,,
CLD,69.61,69.6,69.62,50000000.0,50000000.0,0,0,0,0,0,0,0,0,0,0,0,0,0,0,0,0,0,0,0,0,0,0,0,0,0,0,242,2026-02-07 01:52:05.087967,,,,,,
GGD,32.05,32.04,32.06,50000000.0,50000000.0,0,0,0,0,0,0,0,0,0,0,0,0,0,0,0,0,0,0,0,0,0,0,0,0,0,0,242,2026-02-07 01:52:05.087967,,,,,,
PNR,58.65,58.64,58.66,50000000.0,50000000.0,0,0,0,0,0,0,0,0,0,0,0,0,0,0,0,0,0,0,0,0,0,0,0,0,0,0,242,2026-02-07 01:52:05.087967,,,,,,
FSR,31.28,31.27,31.29,50000000.0,50000000.0,0,0,0,0,0,0,0,0,0,0,0,0,0,0,0,0,0,0,0,0,0,0,0,0,0,0,242,2026-02-07 01:52:05.087967,,,,,,
ATB,60.66,60.65,60.67,50000000.0,50000000.0,0,0,0,0,0,0,0,0,0,0,0,0,0,0,0,0,0,0,0,0,0,0,0,0,0,0,242,2026-02-07 01:52:05.087967,,,,,,
SPK,54.26,54.25,54.27,50000000.0,50000000.0,0,0,0,0,0,0,0,0,0,0,0,0,0,0,0,0,0,0,0,0,0,0,0,0,0,0,242,2026-02-07 01:52:05.087967,,,,,,
EEC,55.39,55.38,55.4,50000000.0,50000000.0,0,0,0,0,0,0,0,0,0,0,0,0,0,0,0,0,0,0,0,0,0,0,0,0,0,0,242,2026-02-07 01:52:05.087967,,,,,,
TGX,44.75,44.74,44.76,50000000.0,50000000.0,0,0,0,0,0,0,0,0,0,0,0,0,0,0,0,0,0,0,0,0,0,0,0,0,0,0,243,2026-02-07 01:52:06.475453,19.0,1.0,242.0,D1-TGX/PHR,FTC Requests Additional Information,"The Federal Trade Commission has issued a Second Request for information regarding the proposed acquisition, extending the HSR review period by an additional 30 days. This is standard procedure for larger transactions but signals regulatory scrutiny."
PHR,50.61,50.6,50.62,50000000.0,50000000.0,0,0,0,0,0,0,0,0,0,0,0,0,0,0,0,0,0,0,0,0,0,0,0,0,0,0,243,2026-02-07 01:52:06.475453,,,,,,
BYL,43.69,43.68,43.7,50000000.0,50000000.0,0,0,0,0,0,0,0,0,0,0,0,0,0,0,0,0,0,0,0,0,0,0,0,0,0,0,243,2026-02-07 01:52:06.475453,,,,,,
CLD,69.28,69.27,69.29,50000000.0,50000000.0,0,0,0,0,0,0,0,0,0,0,0,0,0,0,0,0,0,0,0,0,0,0,0,0,0,0,243,2026-02-07 01:52:06.475453,,,,,,
GGD,32.04,32.03,32.05,50000000.0,50000000.0,0,0,0,0,0,0,0,0,0,0,0,0,0,0,0,0,0,0,0,0,0,0,0,0,0,0,243,2026-02-07 01:52:06.475453,,,,,,
PNR,58.54,58.53,58.55,50000000.0,50000000.0,0,0,0,0,0,0,0,0,0,0,0,0,0,0,0,0,0,0,0,0,0,0,0,0,0,0,243,2026-02-07 01:52:06.475453,,,,,,
FSR,31.25,31.24,31.26,50000000.0,50000000.0,0,0,0,0,0,0,0,0,0,0,0,0,0,0,0,0,0,0,0,0,0,0,0,0,0,0,243,2026-02-07 01:52:06.475453,,,,,,
ATB,60.81,60.8,60.82,50000000.0,50000000.0,0,0,0,0,0,0,0,0,0,0,0,0,0,0,0,0,0,0,0,0,0,0,0,0,0,0,243,2026-02-07 01:52:06.475453,,,,,,
SPK,54.39,54.38,54.4,50000000.0,50000000.0,0,0,0,0,0,0,0,0,0,0,0,0,0,0,0,0,0,0,0,0,0,0,0,0,0,0,243,2026-02-07 01:52:06.475453,,,,,,
EEC,55.51,55.5,55.52,50000000.0,50000000.0,0,0,0,0,0,0,0,0,0,0,0,0,0,0,0,0,0,0,0,0,0,0,0,0,0,0,243,2026-02-07 01:52:06.475453,,,,,,
TGX,44.77,44.76,44.78,50000000.0,50000000.0,0,0,0,0,0,0,0,0,0,0,0,0,0,0,0,0,0,0,0,0,0,0,0,0,0,0,244,2026-02-07 01:52:07.030096
PHR,50.35,50.34,50.36,50000000.0,50000000.0,0,0,0,0,0,0,0,0,0,0,0,0,0,0,0,0,0,0,0,0,0,0,0,0,0,0,244,2026-02-07 01:52:07.030096
BYL,43.77,43.76,43.78,50000000.0,50000000.0,0,0,0,0,0,0,0,0,0,0,0,0,0,0,0,0,0,0,0,0,0,0,0,0,0,0,244,2026-02-07 01:52:07.030096
CLD,69.42,69.41,69.43,50000000.0,50000000.0,0,0,0,0,0,0,0,0,0,0,0,0,0,0,0,0,0,0,0,0,0,0,0,0,0,0,244,2026-02-07 01:52:07.030096
GGD,31.95,31.94,31.96,50000000.0,50000000.0,0,0,0,0,0,0,0,0,0,0,0,0,0,0,0,0,0,0,0,0,0,0,0,0,0,0,244,2026-02-07 01:52:07.030096
PNR,58.24,58.23,58.25,50000000.0,50000000.0,0,0,0,0,0,0,0,0,0,0,0,0,0,0,0,0,0,0,0,0,0,0,0,0,0,0,244,2026-02-07 01:52:07.030096
FSR,31.27,31.26,31.28,50000000.0,50000000.0,0,0,0,0,0,0,0,0,0,0,0,0,0,0,0,0,0,0,0,0,0,0,0,0,0,0,244,2026-02-07 01:52:07.030096
ATB,60.69,60.68,60.7,50000000.0,50000000.0,0,0,0,0,0,0,0,0,0,0,0,0,0,0,0,0,0,0,0,0,0,0,0,0,0,0,244,2026-02-07 01:52:07.030096
SPK,54.45,54.44,54.46,50000000.0,50000000.0,0,0,0,0,0,0,0,0,0,0,0,0,0,0,0,0,0,0,0,0,0,0,0,0,0,0,244,2026-02-07 01:52:07.030096
EEC,55.71,55.7,55.72,50000000.0,50000000.0,0,0,0,0,0,0,0,0,0,0,0,0,0,0,0,0,0,0,0,0,0,0,0,0,0,0,244,2026-02-07 01:52:07.030096
TGX,44.79,44.78,44.8,50000000.0,50000000.0,0,0,0,0,0,0,0,0,0,0,0,0,0,0,0,0,0,0,0,0,0,0,0,0,0,0,245,2026-02-07 01:52:08.104737
PHR,50.28,50.27,50.29,50000000.0,50000000.0,0,0,0,0,0,0,0,0,0,0,0,0,0,0,0,0,0,0,0,0,0,0,0,0,0,0,245,2026-02-07 01:52:08.104737
BYL,43.93,43.92,43.94,50000000.0,50000000.0,0,0,0,0,0,0,0,0,0,0,0,0,0,0,0,0,0,0,0,0,0,0,0,0,0,0,245,2026-02-07 01:52:08.104737
CLD,69.73,69.72,69.74,50000000.0,50000000.0,0,0,0,0,0,0,0,0,0,0,0,0,0,0,0,0,0,0,0,0,0,0,0,0,0,0,245,2026-02-07 01:52:08.104737
GGD,31.91,31.9,31.92,50000000.0,50000000.0,0,0,0,0,0,0,0,0,0,0,0,0,0,0,0,0,0,0,0,0,0,0,0,0,0,0,245,2026-02-07 01:52:08.104737
PNR,58.22,58.21,58.23,50000000.0,50000000.0,0,0,0,0,0,0,0,0,0,0,0,0,0,0,0,0,0,0,0,0,0,0,0,0,0,0,245,2026-02-07 01:52:08.104737
FSR,31.26,31.25,31.27,50000000.0,50000000.0,0,0,0,0,0,0,0,0,0,0,0,0,0,0,0,0,0,0,0,0,0,0,0,0,0,0,245,2026-02-07 01:52:08.104737
ATB,60.63,60.62,60.64,50000000.0,50000000.0,0,0,0,0,0,0,0,0,0,0,0,0,0,0,0,0,0,0,0,0,0,0,0,0,0,0,245,2026-02-07 01:52:08.104737
SPK,54.2,54.19,54.21,50000000.0,50000000.0,0,0,0,0,0,0,0,0,0,0,0,0,0,0,0,0,0,0,0,0,0,0,0,0,0,0,245,2026-02-07 01:52:08.104737
EEC,55.25,55.24,55.26,50000000.0,50000000.0,0,0,0,0,0,0,0,0,0,0,0,0,0,0,0,0,0,0,0,0,0,0,0,0,0,0,245,2026-02-07 01:52:08.104737
TGX,44.8,44.79,44.81,50000000.0,50000000.0,0,0,0,0,0,0,0,0,0,0,0,0,0,0,0,0,0,0,0,0,0,0,0,0,0,0,246,2026-02-07 01:52:09.176764,20.0,1.0,245.0,D4-FSR/ATB,Branch Manager Retention Program,Retention packages offered to 150 key branch managers and relationship bankers.
PHR,50.31,50.3,50.32,50000000.0,50000000.0,0,0,0,0,0,0,0,0,0,0,0,0,0,0,0,0,0,0,0,0,0,0,0,0,0,0,246,2026-02-07 01:52:09.176764,,,,,,
BYL,44.13,44.12,44.14,50000000.0,50000000.0,0,0,0,0,0,0,0,0,0,0,0,0,0,0,0,0,0,0,0,0,0,0,0,0,0,0,246,2026-02-07 01:52:09.176764,,,,,,
CLD,70.12,70.11,70.13,50000000.0,50000000.0,0,0,0,0,0,0,0,0,0,0,0,0,0,0,0,0,0,0,0,0,0,0,0,0,0,0,246,2026-02-07 01:52:09.176764,,,,,,
GGD,31.91,31.9,31.92,50000000.0,50000000.0,0,0,0,0,0,0,0,0,0,0,0,0,0,0,0,0,0,0,0,0,0,0,0,0,0,0,246,2026-02-07 01:52:09.176764,,,,,,
PNR,58.3,58.29,58.31,50000000.0,50000000.0,0,0,0,0,0,0,0,0,0,0,0,0,0,0,0,0,0,0,0,0,0,0,0,0,0,0,246,2026-02-07 01:52:09.176764,,,,,,
FSR,31.27,31.26,31.28,50000000.0,50000000.0,0,0,0,0,0,0,0,0,0,0,0,0,0,0,0,0,0,0,0,0,0,0,0,0,0,0,246,2026-02-07 01:52:09.176764,,,,,,
ATB,60.5,60.49,60.51,50000000.0,50000000.0,0,0,0,0,0,0,0,0,0,0,0,0,0,0,0,0,0,0,0,0,0,0,0,0,0,0,246,2026-02-07 01:52:09.176764,,,,,,
SPK,54.21,54.2,54.22,50000000.0,50000000.0,0,0,0,0,0,0,0,0,0,0,0,0,0,0,0,0,0,0,0,0,0,0,0,0,0,0,246,2026-02-07 01:52:09.176764,,,,,,
EEC,55.41,55.4,55.42,50000000.0,50000000.0,0,0,0,0,0,0,0,0,0,0,0,0,0,0,0,0,0,0,0,0,0,0,0,0,0,0,246,2026-02-07 01:52:09.176764,,,,,,
TGX,44.81,44.8,44.82,50000000.0,50000000.0,0,0,0,0,0,0,0,0,0,0,0,0,0,0,0,0,0,0,0,0,0,0,0,0,0,0,247,2026-02-07 01:52:10.361688,22.0,1.0,246.0,D4-FSR/ATB,FinSure Sets Meeting for Shareholder Vote,Special meeting scheduled 50 days forward for shareholders to approve merger agreement.
PHR,50.18,50.17,50.19,50000000.0,50000000.0,0,0,0,0,0,0,0,0,0,0,0,0,0,0,0,0,0,0,0,0,0,0,0,0,0,0,247,2026-02-07 01:52:10.361688,21.0,1.0,246.0,D1-TGX/PHR,Industry Conference Generates Transaction Speculation,"Attendees at a major pharmaceutical conference report heightened corridor discussion regarding the Targenix/Pharmaco transaction, with mixed signals from industry executives and advisors. Some sources describe renewed interest from potential strategic parties, while others characterize the speculation as routine conference chatter without substantive backing. No formal approaches have been confirmed through regulatory filings."
BYL,44.0,43.99,44.01,50000000.0,50000000.0,0,0,0,0,0,0,0,0,0,0,0,0,0,0,0,0,0,0,0,0,0,0,0,0,0,0,247,2026-02-07 01:52:10.361688,,,,,,
CLD,69.88,69.87,69.89,50000000.0,50000000.0,0,0,0,0,0,0,0,0,0,0,0,0,0,0,0,0,0,0,0,0,0,0,0,0,0,0,247,2026-02-07 01:52:10.361688,,,,,,
GGD,31.92,31.91,31.93,50000000.0,50000000.0,0,0,0,0,0,0,0,0,0,0,0,0,0,0,0,0,0,0,0,0,0,0,0,0,0,0,247,2026-02-07 01:52:10.361688,,,,,,
PNR,58.26,58.25,58.27,50000000.0,50000000.0,0,0,0,0,0,0,0,0,0,0,0,0,0,0,0,0,0,0,0,0,0,0,0,0,0,0,247,2026-02-07 01:52:10.361688,,,,,,
FSR,31.33,31.32,31.34,50000000.0,50000000.0,0,0,0,0,0,0,0,0,0,0,0,0,0,0,0,0,0,0,0,0,0,0,0,0,0,0,247,2026-02-07 01:52:10.361688,,,,,,
ATB,60.15,60.14,60.16,50000000.0,50000000.0,0,0,0,0,0,0,0,0,0,0,0,0,0,0,0,0,0,0,0,0,0,0,0,0,0,0,247,2026-02-07 01:52:10.361688,,,,,,
SPK,54.08,54.07,54.09,50000000.0,50000000.0,0,0,0,0,0,0,0,0,0,0,0,0,0,0,0,0,0,0,0,0,0,0,0,0,0,0,247,2026-02-07 01:52:10.361688,,,,,,
EEC,55.14,55.13,55.15,50000000.0,50000000.0,0,0,0,0,0,0,0,0,0,0,0,0,0,0,0,0,0,0,0,0,0,0,0,0,0,0,247,2026-02-07 01:52:10.361688,,,,,,
TGX,44.86,44.85,44.87,50000000.0,50000000.0,0,0,0,0,0,0,0,0,0,0,0,0,0,0,0,0,0,0,0,0,0,0,0,0,0,0,248,2026-02-07 01:52:11.434841
PHR,50.38,50.37,50.39,50000000.0,50000000.0,0,0,0,0,0,0,0,0,0,0,0,0,0,0,0,0,0,0,0,0,0,0,0,0,0,0,248,2026-02-07 01:52:11.434841
BYL,43.98,43.97,43.99,50000000.0,50000000.0,0,0,0,0,0,0,0,0,0,0,0,0,0,0,0,0,0,0,0,0,0,0,0,0,0,0,248,2026-02-07 01:52:11.434841
CLD,69.79,69.78,69.8,50000000.0,50000000.0,0,0,0,0,0,0,0,0,0,0,0,0,0,0,0,0,0,0,0,0,0,0,0,0,0,0,248,2026-02-07 01:52:11.434841
GGD,31.92,31.91,31.93,50000000.0,50000000.0,0,0,0,0,0,0,0,0,0,0,0,0,0,0,0,0,0,0,0,0,0,0,0,0,0,0,248,2026-02-07 01:52:11.434841
PNR,58.45,58.44,58.46,50000000.0,50000000.0,0,0,0,0,0,0,0,0,0,0,0,0,0,0,0,0,0,0,0,0,0,0,0,0,0,0,248,2026-02-07 01:52:11.434841
FSR,31.37,31.36,31.38,50000000.0,50000000.0,0,0,0,0,0,0,0,0,0,0,0,0,0,0,0,0,0,0,0,0,0,0,0,0,0,0,248,2026-02-07 01:52:11.434841
ATB,60.0,59.99,60.01,50000000.0,50000000.0,0,0,0,0,0,0,0,0,0,0,0,0,0,0,0,0,0,0,0,0,0,0,0,0,0,0,248,2026-02-07 01:52:11.434841
SPK,54.12,54.11,54.13,50000000.0,50000000.0,0,0,0,0,0,0,0,0,0,0,0,0,0,0,0,0,0,0,0,0,0,0,0,0,0,0,248,2026-02-07 01:52:11.434841
EEC,55.3,55.29,55.31,50000000.0,50000000.0,0,0,0,0,0,0,0,0,0,0,0,0,0,0,0,0,0,0,0,0,0,0,0,0,0,0,248,2026-02-07 01:52:11.434841
TGX,44.82,44.81,44.83,50000000.0,50000000.0,0,0,0,0,0,0,0,0,0,0,0,0,0,0,0,0,0,0,0,0,0,0,0,0,0,0,249,2026-02-07 01:52:12.518476
PHR,50.44,50.43,50.45,50000000.0,50000000.0,0,0,0,0,0,0,0,0,0,0,0,0,0,0,0,0,0,0,0,0,0,0,0,0,0,0,249,2026-02-07 01:52:12.518476
BYL,44.32,44.31,44.33,50000000.0,50000000.0,0,0,0,0,0,0,0,0,0,0,0,0,0,0,0,0,0,0,0,0,0,0,0,0,0,0,249,2026-02-07 01:52:12.518476
CLD,70.43,70.42,70.44,50000000.0,50000000.0,0,0,0,0,0,0,0,0,0,0,0,0,0,0,0,0,0,0,0,0,0,0,0,0,0,0,249,2026-02-07 01:52:12.518476
GGD,31.88,31.87,31.89,50000000.0,50000000.0,0,0,0,0,0,0,0,0,0,0,0,0,0,0,0,0,0,0,0,0,0,0,0,0,0,0,249,2026-02-07 01:52:12.518476
PNR,58.66,58.65,58.67,50000000.0,50000000.0,0,0,0,0,0,0,0,0,0,0,0,0,0,0,0,0,0,0,0,0,0,0,0,0,0,0,249,2026-02-07 01:52:12.518476
FSR,31.34,31.33,31.35,50000000.0,50000000.0,0,0,0,0,0,0,0,0,0,0,0,0,0,0,0,0,0,0,0,0,0,0,0,0,0,0,249,2026-02-07 01:52:12.518476
ATB,59.93,59.92,59.94,50000000.0,50000000.0,0,0,0,0,0,0,0,0,0,0,0,0,0,0,0,0,0,0,0,0,0,0,0,0,0,0,249,2026-02-07 01:52:12.518476
SPK,54.09,54.08,54.1,50000000.0,50000000.0,0,0,0,0,0,0,0,0,0,0,0,0,0,0,0,0,0,0,0,0,0,0,0,0,0,0,249,2026-02-07 01:52:12.518476
EEC,55.1,55.09,55.11,50000000.0,50000000.0,0,0,0,0,0,0,0,0,0,0,0,0,0,0,0,0,0,0,0,0,0,0,0,0,0,0,249,2026-02-07 01:52:12.518476
TGX,44.8,44.79,44.81,50000000.0,50000000.0,0,0,0,0,0,0,0,0,0,0,0,0,0,0,0,0,0,0,0,0,0,0,0,0,0,0,250,2026-02-07 01:52:13.091878,23.0,1.0,249.0,D5-SPK/EEC,Outside Date Extended to Year-End,Parties extend outside date to December 31 allowing additional time for state approvals.
PHR,50.51,50.5,50.52,50000000.0,50000000.0,0,0,0,0,0,0,0,0,0,0,0,0,0,0,0,0,0,0,0,0,0,0,0,0,0,0,250,2026-02-07 01:52:13.091878,,,,,,
BYL,44.27,44.26,44.28,50000000.0,50000000.0,0,0,0,0,0,0,0,0,0,0,0,0,0,0,0,0,0,0,0,0,0,0,0,0,0,0,250,2026-02-07 01:52:13.091878,,,,,,
CLD,70.44,70.43,70.45,50000000.0,50000000.0,0,0,0,0,0,0,0,0,0,0,0,0,0,0,0,0,0,0,0,0,0,0,0,0,0,0,250,2026-02-07 01:52:13.091878,,,,,,
GGD,31.92,31.91,31.93,50000000.0,50000000.0,0,0,0,0,0,0,0,0,0,0,0,0,0,0,0,0,0,0,0,0,0,0,0,0,0,0,250,2026-02-07 01:52:13.091878,,,,,,
PNR,58.64,58.63,58.65,50000000.0,50000000.0,0,0,0,0,0,0,0,0,0,0,0,0,0,0,0,0,0,0,0,0,0,0,0,0,0,0,250,2026-02-07 01:52:13.091878,,,,,,
FSR,31.37,31.36,31.38,50000000.0,50000000.0,0,0,0,0,0,0,0,0,0,0,0,0,0,0,0,0,0,0,0,0,0,0,0,0,0,0,250,2026-02-07 01:52:13.091878,,,,,,
ATB,59.89,59.88,59.9,50000000.0,50000000.0,0,0,0,0,0,0,0,0,0,0,0,0,0,0,0,0,0,0,0,0,0,0,0,0,0,0,250,2026-02-07 01:52:13.091878,,,,,,
SPK,54.14,54.13,54.15,50000000.0,50000000.0,0,0,0,0,0,0,0,0,0,0,0,0,0,0,0,0,0,0,0,0,0,0,0,0,0,0,250,2026-02-07 01:52:13.091878,,,,,,
EEC,55.24,55.23,55.25,50000000.0,50000000.0,0,0,0,0,0,0,0,0,0,0,0,0,0,0,0,0,0,0,0,0,0,0,0,0,0,0,250,2026-02-07 01:52:13.091878,,,,,,
TGX,44.77,44.76,44.78,50000000.0,50000000.0,0,0,0,0,0,0,0,0,0,0,0,0,0,0,0,0,0,0,0,0,0,0,0,0,0,0,251,2026-02-07 01:52:14.172465
PHR,50.47,50.46,50.48,50000000.0,50000000.0,0,0,0,0,0,0,0,0,0,0,0,0,0,0,0,0,0,0,0,0,0,0,0,0,0,0,251,2026-02-07 01:52:14.172465
BYL,44.19,44.18,44.2,50000000.0,50000000.0,0,0,0,0,0,0,0,0,0,0,0,0,0,0,0,0,0,0,0,0,0,0,0,0,0,0,251,2026-02-07 01:52:14.172465
CLD,70.35,70.34,70.36,50000000.0,50000000.0,0,0,0,0,0,0,0,0,0,0,0,0,0,0,0,0,0,0,0,0,0,0,0,0,0,0,251,2026-02-07 01:52:14.172465
GGD,31.94,31.93,31.95,50000000.0,50000000.0,0,0,0,0,0,0,0,0,0,0,0,0,0,0,0,0,0,0,0,0,0,0,0,0,0,0,251,2026-02-07 01:52:14.172465
PNR,58.67,58.66,58.68,50000000.0,50000000.0,0,0,0,0,0,0,0,0,0,0,0,0,0,0,0,0,0,0,0,0,0,0,0,0,0,0,251,2026-02-07 01:52:14.172465
FSR,31.38,31.37,31.39,50000000.0,50000000.0,0,0,0,0,0,0,0,0,0,0,0,0,0,0,0,0,0,0,0,0,0,0,0,0,0,0,251,2026-02-07 01:52:14.172465
ATB,59.87,59.86,59.88,50000000.0,50000000.0,0,0,0,0,0,0,0,0,0,0,0,0,0,0,0,0,0,0,0,0,0,0,0,0,0,0,251,2026-02-07 01:52:14.172465
SPK,54.1,54.09,54.11,50000000.0,50000000.0,0,0,0,0,0,0,0,0,0,0,0,0,0,0,0,0,0,0,0,0,0,0,0,0,0,0,251,2026-02-07 01:52:14.172465
EEC,55.01,55.0,55.02,50000000.0,50000000.0,0,0,0,0,0,0,0,0,0,0,0,0,0,0,0,0,0,0,0,0,0,0,0,0,0,0,251,2026-02-07 01:52:14.172465
TGX,44.75,44.74,44.76,50000000.0,50000000.0,0,0,0,0,0,0,0,0,0,0,0,0,0,0,0,0,0,0,0,0,0,0,0,0,0,0,252,2026-02-07 01:52:15.250491
PHR,50.45,50.44,50.46,50000000.0,50000000.0,0,0,0,0,0,0,0,0,0,0,0,0,0,0,0,0,0,0,0,0,0,0,0,0,0,0,252,2026-02-07 01:52:15.250491
BYL,44.17,44.16,44.18,50000000.0,50000000.0,0,0,0,0,0,0,0,0,0,0,0,0,0,0,0,0,0,0,0,0,0,0,0,0,0,0,252,2026-02-07 01:52:15.250491
CLD,70.27,70.26,70.28,50000000.0,50000000.0,0,0,0,0,0,0,0,0,0,0,0,0,0,0,0,0,0,0,0,0,0,0,0,0,0,0,252,2026-02-07 01:52:15.250491
GGD,32.01,32.0,32.02,50000000.0,50000000.0,0,0,0,0,0,0,0,0,0,0,0,0,0,0,0,0,0,0,0,0,0,0,0,0,0,0,252,2026-02-07 01:52:15.250491
PNR,58.84,58.83,58.85,50000000.0,50000000.0,0,0,0,0,0,0,0,0,0,0,0,0,0,0,0,0,0,0,0,0,0,0,0,0,0,0,252,2026-02-07 01:52:15.250491
FSR,31.35,31.34,31.36,50000000.0,50000000.0,0,0,0,0,0,0,0,0,0,0,0,0,0,0,0,0,0,0,0,0,0,0,0,0,0,0,252,2026-02-07 01:52:15.250491
ATB,59.83,59.82,59.84,50000000.0,50000000.0,0,0,0,0,0,0,0,0,0,0,0,0,0,0,0,0,0,0,0,0,0,0,0,0,0,0,252,2026-02-07 01:52:15.250491
SPK,54.16,54.15,54.17,50000000.0,50000000.0,0,0,0,0,0,0,0,0,0,0,0,0,0,0,0,0,0,0,0,0,0,0,0,0,0,0,252,2026-02-07 01:52:15.250491
EEC,55.09,55.08,55.1,50000000.0,50000000.0,0,0,0,0,0,0,0,0,0,0,0,0,0,0,0,0,0,0,0,0,0,0,0,0,0,0,252,2026-02-07 01:52:15.250491
TGX,44.8,44.79,44.81,50000000.0,50000000.0,0,0,0,0,0,0,0,0,0,0,0,0,0,0,0,0,0,0,0,0,0,0,0,0,0,0,253,2026-02-07 01:52:16.296614,24.0,1.0,252.0,D1-TGX/PHR,Pharmaco Management Provides Updated Market Outlook,"Pharmaco management has updated its forward guidance in a routine investor communication, revising certain operating assumptions while maintaining its overall strategic outlook. The revised projections reflect mixed conditions in the pharmaceutical sector, with some metrics trending above prior expectations and others showing softness. Market participants are debating whether the update strengthens or weakens the economic rationale for the proposed combination with Targenix."
PHR,50.42,50.41,50.43,50000000.0,50000000.0,0,0,0,0,0,0,0,0,0,0,0,0,0,0,0,0,0,0,0,0,0,0,0,0,0,0,253,2026-02-07 01:52:16.296614,,,,,,
BYL,44.45,44.44,44.46,50000000.0,50000000.0,0,0,0,0,0,0,0,0,0,0,0,0,0,0,0,0,0,0,0,0,0,0,0,0,0,0,253,2026-02-07 01:52:16.296614,,,,,,
CLD,70.83,70.82,70.84,50000000.0,50000000.0,0,0,0,0,0,0,0,0,0,0,0,0,0,0,0,0,0,0,0,0,0,0,0,0,0,0,253,2026-02-07 01:52:16.296614,,,,,,
GGD,32.08,32.07,32.09,50000000.0,50000000.0,0,0,0,0,0,0,0,0,0,0,0,0,0,0,0,0,0,0,0,0,0,0,0,0,0,0,253,2026-02-07 01:52:16.296614,,,,,,
PNR,58.85,58.84,58.86,50000000.0,50000000.0,0,0,0,0,0,0,0,0,0,0,0,0,0,0,0,0,0,0,0,0,0,0,0,0,0,0,253,2026-02-07 01:52:16.296614,,,,,,
FSR,31.35,31.34,31.36,50000000.0,50000000.0,0,0,0,0,0,0,0,0,0,0,0,0,0,0,0,0,0,0,0,0,0,0,0,0,0,0,253,2026-02-07 01:52:16.296614,,,,,,
ATB,59.81,59.8,59.82,50000000.0,50000000.0,0,0,0,0,0,0,0,0,0,0,0,0,0,0,0,0,0,0,0,0,0,0,0,0,0,0,253,2026-02-07 01:52:16.296614,,,,,,
SPK,54.1,54.09,54.11,50000000.0,50000000.0,0,0,0,0,0,0,0,0,0,0,0,0,0,0,0,0,0,0,0,0,0,0,0,0,0,0,253,2026-02-07 01:52:16.296614,,,,,,
EEC,54.92,54.91,54.93,50000000.0,50000000.0,0,0,0,0,0,0,0,0,0,0,0,0,0,0,0,0,0,0,0,0,0,0,0,0,0,0,253,2026-02-07 01:52:16.296614,,,,,,
TGX,44.8,44.79,44.81,50000000.0,50000000.0,0,0,0,0,0,0,0,0,0,0,0,0,0,0,0,0,0,0,0,0,0,0,0,0,0,0,254,2026-02-07 01:52:17.343192,25.0,1.0,253.0,D4-FSR/ATB,Debt Financing Fully Committed,Atlas Bank secures $6.5B in committed bank facilities to fund all-cash acquisition consideration.
PHR,50.54,50.53,50.55,50000000.0,50000000.0,0,0,0,0,0,0,0,0,0,0,0,0,0,0,0,0,0,0,0,0,0,0,0,0,0,0,254,2026-02-07 01:52:17.343192,,,,,,
BYL,44.67,44.66,44.68,50000000.0,50000000.0,0,0,0,0,0,0,0,0,0,0,0,0,0,0,0,0,0,0,0,0,0,0,0,0,0,0,254,2026-02-07 01:52:17.343192,,,,,,
CLD,71.14,71.13,71.15,50000000.0,50000000.0,0,0,0,0,0,0,0,0,0,0,0,0,0,0,0,0,0,0,0,0,0,0,0,0,0,0,254,2026-02-07 01:52:17.343192,,,,,,
GGD,32.11,32.1,32.12,50000000.0,50000000.0,0,0,0,0,0,0,0,0,0,0,0,0,0,0,0,0,0,0,0,0,0,0,0,0,0,0,254,2026-02-07 01:52:17.343192,,,,,,
PNR,58.8,58.79,58.81,50000000.0,50000000.0,0,0,0,0,0,0,0,0,0,0,0,0,0,0,0,0,0,0,0,0,0,0,0,0,0,0,254,2026-02-07 01:52:17.343192,,,,,,
FSR,31.38,31.37,31.39,50000000.0,50000000.0,0,0,0,0,0,0,0,0,0,0,0,0,0,0,0,0,0,0,0,0,0,0,0,0,0,0,254,2026-02-07 01:52:17.343192,,,,,,
ATB,59.96,59.95,59.97,50000000.0,50000000.0,0,0,0,0,0,0,0,0,0,0,0,0,0,0,0,0,0,0,0,0,0,0,0,0,0,0,254,2026-02-07 01:52:17.343192,,,,,,
SPK,54.17,54.16,54.18,50000000.0,50000000.0,0,0,0,0,0,0,0,0,0,0,0,0,0,0,0,0,0,0,0,0,0,0,0,0,0,0,254,2026-02-07 01:52:17.343192,,,,,,
EEC,55.08,55.07,55.09,50000000.0,50000000.0,0,0,0,0,0,0,0,0,0,0,0,0,0,0,0,0,0,0,0,0,0,0,0,0,0,0,254,2026-02-07 01:52:17.343192,,,,,,
TGX,44.78,44.77,44.79,50000000.0,50000000.0,0,0,0,0,0,0,0,0,0,0,0,0,0,0,0,0,0,0,0,0,0,0,0,0,0,0,255,2026-02-07 01:52:18.399887
PHR,50.73,50.72,50.74,50000000.0,50000000.0,0,0,0,0,0,0,0,0,0,0,0,0,0,0,0,0,0,0,0,0,0,0,0,0,0,0,255,2026-02-07 01:52:18.399887
BYL,44.6,44.59,44.61,50000000.0,50000000.0,0,0,0,0,0,0,0,0,0,0,0,0,0,0,0,0,0,0,0,0,0,0,0,0,0,0,255,2026-02-07 01:52:18.399887
CLD,71.13,71.12,71.14,50000000.0,50000000.0,0,0,0,0,0,0,0,0,0,0,0,0,0,0,0,0,0,0,0,0,0,0,0,0,0,0,255,2026-02-07 01:52:18.399887
GGD,32.06,32.05,32.07,50000000.0,50000000.0,0,0,0,0,0,0,0,0,0,0,0,0,0,0,0,0,0,0,0,0,0,0,0,0,0,0,255,2026-02-07 01:52:18.399887
PNR,58.62,58.61,58.63,50000000.0,50000000.0,0,0,0,0,0,0,0,0,0,0,0,0,0,0,0,0,0,0,0,0,0,0,0,0,0,0,255,2026-02-07 01:52:18.399887
FSR,31.39,31.38,31.4,50000000.0,50000000.0,0,0,0,0,0,0,0,0,0,0,0,0,0,0,0,0,0,0,0,0,0,0,0,0,0,0,255,2026-02-07 01:52:18.399887
ATB,59.95,59.94,59.96,50000000.0,50000000.0,0,0,0,0,0,0,0,0,0,0,0,0,0,0,0,0,0,0,0,0,0,0,0,0,0,0,255,2026-02-07 01:52:18.399887
SPK,54.07,54.06,54.08,50000000.0,50000000.0,0,0,0,0,0,0,0,0,0,0,0,0,0,0,0,0,0,0,0,0,0,0,0,0,0,0,255,2026-02-07 01:52:18.399887
EEC,54.9,54.89,54.91,50000000.0,50000000.0,0,0,0,0,0,0,0,0,0,0,0,0,0,0,0,0,0,0,0,0,0,0,0,0,0,0,255,2026-02-07 01:52:18.399887
TGX,44.75,44.74,44.76,50000000.0,50000000.0,0,0,0,0,0,0,0,0,0,0,0,0,0,0,0,0,0,0,0,0,0,0,0,0,0,0,256,2026-02-07 01:52:19.489203
PHR,50.49,50.48,50.5,50000000.0,50000000.0,0,0,0,0,0,0,0,0,0,0,0,0,0,0,0,0,0,0,0,0,0,0,0,0,0,0,256,2026-02-07 01:52:19.489203
BYL,44.92,44.91,44.93,50000000.0,50000000.0,0,0,0,0,0,0,0,0,0,0,0,0,0,0,0,0,0,0,0,0,0,0,0,0,0,0,256,2026-02-07 01:52:19.489203
CLD,71.72,71.71,71.73,50000000.0,50000000.0,0,0,0,0,0,0,0,0,0,0,0,0,0,0,0,0,0,0,0,0,0,0,0,0,0,0,256,2026-02-07 01:52:19.489203
GGD,32.07,32.06,32.08,50000000.0,50000000.0,0,0,0,0,0,0,0,0,0,0,0,0,0,0,0,0,0,0,0,0,0,0,0,0,0,0,256,2026-02-07 01:52:19.489203
PNR,58.87,58.86,58.88,50000000.0,50000000.0,0,0,0,0,0,0,0,0,0,0,0,0,0,0,0,0,0,0,0,0,0,0,0,0,0,0,256,2026-02-07 01:52:19.489203
FSR,31.44,31.43,31.45,50000000.0,50000000.0,0,0,0,0,0,0,0,0,0,0,0,0,0,0,0,0,0,0,0,0,0,0,0,0,0,0,256,2026-02-07 01:52:19.489203
ATB,59.65,59.64,59.66,50000000.0,50000000.0,0,0,0,0,0,0,0,0,0,0,0,0,0,0,0,0,0,0,0,0,0,0,0,0,0,0,256,2026-02-07 01:52:19.489203
SPK,54.12,54.11,54.13,50000000.0,50000000.0,0,0,0,0,0,0,0,0,0,0,0,0,0,0,0,0,0,0,0,0,0,0,0,0,0,0,256,2026-02-07 01:52:19.489203
EEC,54.98,54.97,54.99,50000000.0,50000000.0,0,0,0,0,0,0,0,0,0,0,0,0,0,0,0,0,0,0,0,0,0,0,0,0,0,0,256,2026-02-07 01:52:19.489203
TGX,44.76,44.75,44.77,50000000.0,50000000.0,0,0,0,0,0,0,0,0,0,0,0,0,0,0,0,0,0,0,0,0,0,0,0,0,0,0,257,2026-02-07 01:52:20.574196
PHR,50.16,50.15,50.17,50000000.0,50000000.0,0,0,0,0,0,0,0,0,0,0,0,0,0,0,0,0,0,0,0,0,0,0,0,0,0,0,257,2026-02-07 01:52:20.574196
BYL,45.11,45.1,45.12,50000000.0,50000000.0,0,0,0,0,0,0,0,0,0,0,0,0,0,0,0,0,0,0,0,0,0,0,0,0,0,0,257,2026-02-07 01:52:20.574196
CLD,72.02,72.01,72.03,50000000.0,50000000.0,0,0,0,0,0,0,0,0,0,0,0,0,0,0,0,0,0,0,0,0,0,0,0,0,0,0,257,2026-02-07 01:52:20.574196
GGD,32.09,32.08,32.1,50000000.0,50000000.0,0,0,0,0,0,0,0,0,0,0,0,0,0,0,0,0,0,0,0,0,0,0,0,0,0,0,257,2026-02-07 01:52:20.574196
PNR,58.99,58.98,59.0,50000000.0,50000000.0,0,0,0,0,0,0,0,0,0,0,0,0,0,0,0,0,0,0,0,0,0,0,0,0,0,0,257,2026-02-07 01:52:20.574196
FSR,31.48,31.47,31.49,50000000.0,50000000.0,0,0,0,0,0,0,0,0,0,0,0,0,0,0,0,0,0,0,0,0,0,0,0,0,0,0,257,2026-02-07 01:52:20.574196
ATB,59.63,59.62,59.64,50000000.0,50000000.0,0,0,0,0,0,0,0,0,0,0,0,0,0,0,0,0,0,0,0,0,0,0,0,0,0,0,257,2026-02-07 01:52:20.574196
SPK,53.88,53.87,53.89,50000000.0,50000000.0,0,0,0,0,0,0,0,0,0,0,0,0,0,0,0,0,0,0,0,0,0,0,0,0,0,0,257,2026-02-07 01:52:20.574196
EEC,54.38,54.37,54.39,50000000.0,50000000.0,0,0,0,0,0,0,0,0,0,0,0,0,0,0,0,0,0,0,0,0,0,0,0,0,0,0,257,2026-02-07 01:52:20.574196
TGX,44.82,44.81,44.83,50000000.0,50000000.0,0,0,0,0,0,0,0,0,0,0,0,0,0,0,0,0,0,0,0,0,0,0,0,0,0,0,258,2026-02-07 01:52:21.110398
PHR,50.67,50.66,50.68,50000000.0,50000000.0,0,0,0,0,0,0,0,0,0,0,0,0,0,0,0,0,0,0,0,0,0,0,0,0,0,0,258,2026-02-07 01:52:21.110398
BYL,45.22,45.21,45.23,50000000.0,50000000.0,0,0,0,0,0,0,0,0,0,0,0,0,0,0,0,0,0,0,0,0,0,0,0,0,0,0,258,2026-02-07 01:52:21.110398
CLD,72.21,72.2,72.22,50000000.0,50000000.0,0,0,0,0,0,0,0,0,0,0,0,0,0,0,0,0,0,0,0,0,0,0,0,0,0,0,258,2026-02-07 01:52:21.110398
GGD,32.12,32.11,32.13,50000000.0,50000000.0,0,0,0,0,0,0,0,0,0,0,0,0,0,0,0,0,0,0,0,0,0,0,0,0,0,0,258,2026-02-07 01:52:21.110398
PNR,59.08,59.07,59.09,50000000.0,50000000.0,0,0,0,0,0,0,0,0,0,0,0,0,0,0,0,0,0,0,0,0,0,0,0,0,0,0,258,2026-02-07 01:52:21.110398
FSR,31.45,31.44,31.46,50000000.0,50000000.0,0,0,0,0,0,0,0,0,0,0,0,0,0,0,0,0,0,0,0,0,0,0,0,0,0,0,258,2026-02-07 01:52:21.110398
ATB,59.92,59.91,59.93,50000000.0,50000000.0,0,0,0,0,0,0,0,0,0,0,0,0,0,0,0,0,0,0,0,0,0,0,0,0,0,0,258,2026-02-07 01:52:21.110398
SPK,53.95,53.94,53.96,50000000.0,50000000.0,0,0,0,0,0,0,0,0,0,0,0,0,0,0,0,0,0,0,0,0,0,0,0,0,0,0,258,2026-02-07 01:52:21.110398
EEC,54.51,54.5,54.52,50000000.0,50000000.0,0,0,0,0,0,0,0,0,0,0,0,0,0,0,0,0,0,0,0,0,0,0,0,0,0,0,258,2026-02-07 01:52:21.110398
TGX,44.79,44.78,44.8,50000000.0,50000000.0,0,0,0,0,0,0,0,0,0,0,0,0,0,0,0,0,0,0,0,0,0,0,0,0,0,0,259,2026-02-07 01:52:22.190547
PHR,50.83,50.82,50.84,50000000.0,50000000.0,0,0,0,0,0,0,0,0,0,0,0,0,0,0,0,0,0,0,0,0,0,0,0,0,0,0,259,2026-02-07 01:52:22.190547
BYL,45.37,45.36,45.38,50000000.0,50000000.0,0,0,0,0,0,0,0,0,0,0,0,0,0,0,0,0,0,0,0,0,0,0,0,0,0,0,259,2026-02-07 01:52:22.190547
CLD,72.56,72.55,72.57,50000000.0,50000000.0,0,0,0,0,0,0,0,0,0,0,0,0,0,0,0,0,0,0,0,0,0,0,0,0,0,0,259,2026-02-07 01:52:22.190547
GGD,32.1,32.09,32.11,50000000.0,50000000.0,0,0,0,0,0,0,0,0,0,0,0,0,0,0,0,0,0,0,0,0,0,0,0,0,0,0,259,2026-02-07 01:52:22.190547
PNR,59.19,59.18,59.2,50000000.0,50000000.0,0,0,0,0,0,0,0,0,0,0,0,0,0,0,0,0,0,0,0,0,0,0,0,0,0,0,259,2026-02-07 01:52:22.190547
FSR,31.44,31.43,31.45,50000000.0,50000000.0,0,0,0,0,0,0,0,0,0,0,0,0,0,0,0,0,0,0,0,0,0,0,0,0,0,0,259,2026-02-07 01:52:22.190547
ATB,59.92,59.91,59.93,50000000.0,50000000.0,0,0,0,0,0,0,0,0,0,0,0,0,0,0,0,0,0,0,0,0,0,0,0,0,0,0,259,2026-02-07 01:52:22.190547
SPK,54.1,54.09,54.11,50000000.0,50000000.0,0,0,0,0,0,0,0,0,0,0,0,0,0,0,0,0,0,0,0,0,0,0,0,0,0,0,259,2026-02-07 01:52:22.190547
EEC,54.82,54.81,54.83,50000000.0,50000000.0,0,0,0,0,0,0,0,0,0,0,0,0,0,0,0,0,0,0,0,0,0,0,0,0,0,0,259,2026-02-07 01:52:22.190547
TGX,43.77,43.76,43.78,50000000.0,50000000.0,0,0,0,0,0,0,0,0,0,0,0,0,0,0,0,0,0,0,0,0,0,0,0,0,0,0,260,2026-02-07 01:52:23.349865
PHR,51.04,51.03,51.05,50000000.0,50000000.0,0,0,0,0,0,0,0,0,0,0,0,0,0,0,0,0,0,0,0,0,0,0,0,0,0,0,260,2026-02-07 01:52:23.349865
BYL,45.49,45.48,45.5,50000000.0,50000000.0,0,0,0,0,0,0,0,0,0,0,0,0,0,0,0,0,0,0,0,0,0,0,0,0,0,0,260,2026-02-07 01:52:23.349865
CLD,72.67,72.66,72.68,50000000.0,50000000.0,0,0,0,0,0,0,0,0,0,0,0,0,0,0,0,0,0,0,0,0,0,0,0,0,0,0,260,2026-02-07 01:52:23.349865
GGD,32.02,32.01,32.03,50000000.0,50000000.0,0,0,0,0,0,0,0,0,0,0,0,0,0,0,0,0,0,0,0,0,0,0,0,0,0,0,260,2026-02-07 01:52:23.349865
PNR,58.92,58.91,58.93,50000000.0,50000000.0,0,0,0,0,0,0,0,0,0,0,0,0,0,0,0,0,0,0,0,0,0,0,0,0,0,0,260,2026-02-07 01:52:23.349865
FSR,31.44,31.43,31.45,50000000.0,50000000.0,0,0,0,0,0,0,0,0,0,0,0,0,0,0,0,0,0,0,0,0,0,0,0,0,0,0,260,2026-02-07 01:52:23.349865
ATB,59.96,59.95,59.97,50000000.0,50000000.0,0,0,0,0,0,0,0,0,0,0,0,0,0,0,0,0,0,0,0,0,0,0,0,0,0,0,260,2026-02-07 01:52:23.349865
SPK,54.21,54.2,54.22,50000000.0,50000000.0,0,0,0,0,0,0,0,0,0,0,0,0,0,0,0,0,0,0,0,0,0,0,0,0,0,0,260,2026-02-07 01:52:23.349865
EEC,55.11,55.1,55.12,50000000.0,50000000.0,0,0,0,0,0,0,0,0,0,0,0,0,0,0,0,0,0,0,0,0,0,0,0,0,0,0,260,2026-02-07 01:52:23.349865
TGX,43.75,43.74,43.76,50000000.0,50000000.0,0,0,0,0,0,0,0,0,0,0,0,0,0,0,0,0,0,0,0,0,0,0,0,0,0,0,261,2026-02-07 01:52:24.447384
PHR,50.5,50.49,50.51,50000000.0,50000000.0,0,0,0,0,0,0,0,0,0,0,0,0,0,0,0,0,0,0,0,0,0,0,0,0,0,0,261,2026-02-07 01:52:24.447384
BYL,45.44,45.43,45.45,50000000.0,50000000.0,0,0,0,0,0,0,0,0,0,0,0,0,0,0,0,0,0,0,0,0,0,0,0,0,0,0,261,2026-02-07 01:52:24.447384
CLD,72.61,72.6,72.62,50000000.0,50000000.0,0,0,0,0,0,0,0,0,0,0,0,0,0,0,0,0,0,0,0,0,0,0,0,0,0,0,261,2026-02-07 01:52:24.447384
GGD,32.01,32.0,32.02,50000000.0,50000000.0,0,0,0,0,0,0,0,0,0,0,0,0,0,0,0,0,0,0,0,0,0,0,0,0,0,0,261,2026-02-07 01:52:24.447384
PNR,59.01,59.0,59.02,50000000.0,50000000.0,0,0,0,0,0,0,0,0,0,0,0,0,0,0,0,0,0,0,0,0,0,0,0,0,0,0,261,2026-02-07 01:52:24.447384
FSR,31.46,31.45,31.47,50000000.0,50000000.0,0,0,0,0,0,0,0,0,0,0,0,0,0,0,0,0,0,0,0,0,0,0,0,0,0,0,261,2026-02-07 01:52:24.447384
ATB,60.04,60.03,60.05,50000000.0,50000000.0,0,0,0,0,0,0,0,0,0,0,0,0,0,0,0,0,0,0,0,0,0,0,0,0,0,0,261,2026-02-07 01:52:24.447384
SPK,54.11,54.1,54.12,50000000.0,50000000.0,0,0,0,0,0,0,0,0,0,0,0,0,0,0,0,0,0,0,0,0,0,0,0,0,0,0,261,2026-02-07 01:52:24.447384
EEC,54.89,54.88,54.9,50000000.0,50000000.0,0,0,0,0,0,0,0,0,0,0,0,0,0,0,0,0,0,0,0,0,0,0,0,0,0,0,261,2026-02-07 01:52:24.447384
TGX,43.77,43.76,43.78,50000000.0,50000000.0,0,0,0,0,0,0,0,0,0,0,0,0,0,0,0,0,0,0,0,0,0,0,0,0,0,0,262,2026-02-07 01:52:25.506784
PHR,50.81,50.8,50.82,50000000.0,50000000.0,0,0,0,0,0,0,0,0,0,0,0,0,0,0,0,0,0,0,0,0,0,0,0,0,0,0,262,2026-02-07 01:52:25.506784
BYL,45.74,45.73,45.75,50000000.0,50000000.0,0,0,0,0,0,0,0,0,0,0,0,0,0,0,0,0,0,0,0,0,0,0,0,0,0,0,262,2026-02-07 01:52:25.506784
CLD,73.17,73.16,73.18,50000000.0,50000000.0,0,0,0,0,0,0,0,0,0,0,0,0,0,0,0,0,0,0,0,0,0,0,0,0,0,0,262,2026-02-07 01:52:25.506784
GGD,32.04,32.03,32.05,50000000.0,50000000.0,0,0,0,0,0,0,0,0,0,0,0,0,0,0,0,0,0,0,0,0,0,0,0,0,0,0,262,2026-02-07 01:52:25.506784
PNR,58.92,58.91,58.93,50000000.0,50000000.0,0,0,0,0,0,0,0,0,0,0,0,0,0,0,0,0,0,0,0,0,0,0,0,0,0,0,262,2026-02-07 01:52:25.506784
FSR,31.44,31.43,31.45,50000000.0,50000000.0,0,0,0,0,0,0,0,0,0,0,0,0,0,0,0,0,0,0,0,0,0,0,0,0,0,0,262,2026-02-07 01:52:25.506784
ATB,59.97,59.96,59.98,50000000.0,50000000.0,0,0,0,0,0,0,0,0,0,0,0,0,0,0,0,0,0,0,0,0,0,0,0,0,0,0,262,2026-02-07 01:52:25.506784
SPK,54.12,54.11,54.13,50000000.0,50000000.0,0,0,0,0,0,0,0,0,0,0,0,0,0,0,0,0,0,0,0,0,0,0,0,0,0,0,262,2026-02-07 01:52:25.506784
EEC,54.97,54.96,54.98,50000000.0,50000000.0,0,0,0,0,0,0,0,0,0,0,0,0,0,0,0,0,0,0,0,0,0,0,0,0,0,0,262,2026-02-07 01:52:25.506784
TGX,43.78,43.77,43.79,50000000.0,50000000.0,0,0,0,0,0,0,0,0,0,0,0,0,0,0,0,0,0,0,0,0,0,0,0,0,0,0,263,2026-02-07 01:52:26.549311,26.0,1.0,262.0,ALL,Mixed Economic Data Creates Cross-Currents for Deal Markets,"A batch of economic releases has produced conflicting signals about the trajectory of the business cycle, with employment figures exceeding expectations while manufacturing and consumer sentiment data disappointed. The mixed picture complicates the outlook for deal financing, regulatory posture, and strategic rationale across pending transactions. Equity market reaction has been muted as investors weigh competing implications, and deal spread movements have been modest and directionless. Economists note that the data supports multiple competing narratives about the economic outlook."
PHR,50.6,50.59,50.61,50000000.0,50000000.0,0,0,0,0,0,0,0,0,0,0,0,0,0,0,0,0,0,0,0,0,0,0,0,0,0,0,263,2026-02-07 01:52:26.549311,,,,,,
BYL,45.89,45.88,45.9,50000000.0,50000000.0,0,0,0,0,0,0,0,0,0,0,0,0,0,0,0,0,0,0,0,0,0,0,0,0,0,0,263,2026-02-07 01:52:26.549311,,,,,,
CLD,73.45,73.44,73.46,50000000.0,50000000.0,0,0,0,0,0,0,0,0,0,0,0,0,0,0,0,0,0,0,0,0,0,0,0,0,0,0,263,2026-02-07 01:52:26.549311,,,,,,
GGD,32.02,32.01,32.03,50000000.0,50000000.0,0,0,0,0,0,0,0,0,0,0,0,0,0,0,0,0,0,0,0,0,0,0,0,0,0,0,263,2026-02-07 01:52:26.549311,,,,,,
PNR,58.86,58.85,58.87,50000000.0,50000000.0,0,0,0,0,0,0,0,0,0,0,0,0,0,0,0,0,0,0,0,0,0,0,0,0,0,0,263,2026-02-07 01:52:26.549311,,,,,,
FSR,31.45,31.44,31.46,50000000.0,50000000.0,0,0,0,0,0,0,0,0,0,0,0,0,0,0,0,0,0,0,0,0,0,0,0,0,0,0,263,2026-02-07 01:52:26.549311,,,,,,
ATB,60.1,60.09,60.11,50000000.0,50000000.0,0,0,0,0,0,0,0,0,0,0,0,0,0,0,0,0,0,0,0,0,0,0,0,0,0,0,263,2026-02-07 01:52:26.549311,,,,,,
SPK,54.22,54.21,54.23,50000000.0,50000000.0,0,0,0,0,0,0,0,0,0,0,0,0,0,0,0,0,0,0,0,0,0,0,0,0,0,0,263,2026-02-07 01:52:26.549311,,,,,,
EEC,55.29,55.28,55.3,50000000.0,50000000.0,0,0,0,0,0,0,0,0,0,0,0,0,0,0,0,0,0,0,0,0,0,0,0,0,0,0,263,2026-02-07 01:52:26.549311,,,,,,
TGX,43.77,43.76,43.78,50000000.0,50000000.0,0,0,0,0,0,0,0,0,0,0,0,0,0,0,0,0,0,0,0,0,0,0,0,0,0,0,264,2026-02-07 01:52:27.127171
PHR,50.41,50.4,50.42,50000000.0,50000000.0,0,0,0,0,0,0,0,0,0,0,0,0,0,0,0,0,0,0,0,0,0,0,0,0,0,0,264,2026-02-07 01:52:27.127171
BYL,45.62,45.61,45.63,50000000.0,50000000.0,0,0,0,0,0,0,0,0,0,0,0,0,0,0,0,0,0,0,0,0,0,0,0,0,0,0,264,2026-02-07 01:52:27.127171
CLD,72.93,72.92,72.94,50000000.0,50000000.0,0,0,0,0,0,0,0,0,0,0,0,0,0,0,0,0,0,0,0,0,0,0,0,0,0,0,264,2026-02-07 01:52:27.127171
GGD,32.08,32.07,32.09,50000000.0,50000000.0,0,0,0,0,0,0,0,0,0,0,0,0,0,0,0,0,0,0,0,0,0,0,0,0,0,0,264,2026-02-07 01:52:27.127171
PNR,59.05,59.04,59.06,50000000.0,50000000.0,0,0,0,0,0,0,0,0,0,0,0,0,0,0,0,0,0,0,0,0,0,0,0,0,0,0,264,2026-02-07 01:52:27.127171
FSR,31.43,31.42,31.44,50000000.0,50000000.0,0,0,0,0,0,0,0,0,0,0,0,0,0,0,0,0,0,0,0,0,0,0,0,0,0,0,264,2026-02-07 01:52:27.127171
ATB,60.17,60.16,60.18,50000000.0,50000000.0,0,0,0,0,0,0,0,0,0,0,0,0,0,0,0,0,0,0,0,0,0,0,0,0,0,0,264,2026-02-07 01:52:27.127171
SPK,54.27,54.26,54.28,50000000.0,50000000.0,0,0,0,0,0,0,0,0,0,0,0,0,0,0,0,0,0,0,0,0,0,0,0,0,0,0,264,2026-02-07 01:52:27.127171
EEC,55.33,55.32,55.34,50000000.0,50000000.0,0,0,0,0,0,0,0,0,0,0,0,0,0,0,0,0,0,0,0,0,0,0,0,0,0,0,264,2026-02-07 01:52:27.127171
TGX,43.8,43.79,43.81,50000000.0,50000000.0,0,0,0,0,0,0,0,0,0,0,0,0,0,0,0,0,0,0,0,0,0,0,0,0,0,0,265,2026-02-07 01:52:28.222466
PHR,50.21,50.2,50.22,50000000.0,50000000.0,0,0,0,0,0,0,0,0,0,0,0,0,0,0,0,0,0,0,0,0,0,0,0,0,0,0,265,2026-02-07 01:52:28.222466
BYL,45.82,45.81,45.83,50000000.0,50000000.0,0,0,0,0,0,0,0,0,0,0,0,0,0,0,0,0,0,0,0,0,0,0,0,0,0,0,265,2026-02-07 01:52:28.222466
CLD,73.22,73.21,73.23,50000000.0,50000000.0,0,0,0,0,0,0,0,0,0,0,0,0,0,0,0,0,0,0,0,0,0,0,0,0,0,0,265,2026-02-07 01:52:28.222466
GGD,32.11,32.1,32.12,50000000.0,50000000.0,0,0,0,0,0,0,0,0,0,0,0,0,0,0,0,0,0,0,0,0,0,0,0,0,0,0,265,2026-02-07 01:52:28.222466
PNR,59.34,59.33,59.35,50000000.0,50000000.0,0,0,0,0,0,0,0,0,0,0,0,0,0,0,0,0,0,0,0,0,0,0,0,0,0,0,265,2026-02-07 01:52:28.222466
FSR,31.43,31.42,31.44,50000000.0,50000000.0,0,0,0,0,0,0,0,0,0,0,0,0,0,0,0,0,0,0,0,0,0,0,0,0,0,0,265,2026-02-07 01:52:28.222466
ATB,60.15,60.14,60.16,50000000.0,50000000.0,0,0,0,0,0,0,0,0,0,0,0,0,0,0,0,0,0,0,0,0,0,0,0,0,0,0,265,2026-02-07 01:52:28.222466
SPK,54.25,54.24,54.26,50000000.0,50000000.0,0,0,0,0,0,0,0,0,0,0,0,0,0,0,0,0,0,0,0,0,0,0,0,0,0,0,265,2026-02-07 01:52:28.222466
EEC,55.3,55.29,55.31,50000000.0,50000000.0,0,0,0,0,0,0,0,0,0,0,0,0,0,0,0,0,0,0,0,0,0,0,0,0,0,0,265,2026-02-07 01:52:28.222466
TGX,43.81,43.8,43.82,50000000.0,50000000.0,0,0,0,0,0,0,0,0,0,0,0,0,0,0,0,0,0,0,0,0,0,0,0,0,0,0,266,2026-02-07 01:52:29.272291
PHR,50.16,50.15,50.17,50000000.0,50000000.0,0,0,0,0,0,0,0,0,0,0,0,0,0,0,0,0,0,0,0,0,0,0,0,0,0,0,266,2026-02-07 01:52:29.272291
BYL,45.76,45.75,45.77,50000000.0,50000000.0,0,0,0,0,0,0,0,0,0,0,0,0,0,0,0,0,0,0,0,0,0,0,0,0,0,0,266,2026-02-07 01:52:29.272291
CLD,73.16,73.15,73.17,50000000.0,50000000.0,0,0,0,0,0,0,0,0,0,0,0,0,0,0,0,0,0,0,0,0,0,0,0,0,0,0,266,2026-02-07 01:52:29.272291
GGD,32.13,32.12,32.14,50000000.0,50000000.0,0,0,0,0,0,0,0,0,0,0,0,0,0,0,0,0,0,0,0,0,0,0,0,0,0,0,266,2026-02-07 01:52:29.272291
PNR,59.24,59.23,59.25,50000000.0,50000000.0,0,0,0,0,0,0,0,0,0,0,0,0,0,0,0,0,0,0,0,0,0,0,0,0,0,0,266,2026-02-07 01:52:29.272291
FSR,31.4,31.39,31.41,50000000.0,50000000.0,0,0,0,0,0,0,0,0,0,0,0,0,0,0,0,0,0,0,0,0,0,0,0,0,0,0,266,2026-02-07 01:52:29.272291
ATB,60.1,60.09,60.11,50000000.0,50000000.0,0,0,0,0,0,0,0,0,0,0,0,0,0,0,0,0,0,0,0,0,0,0,0,0,0,0,266,2026-02-07 01:52:29.272291
SPK,54.22,54.21,54.23,50000000.0,50000000.0,0,0,0,0,0,0,0,0,0,0,0,0,0,0,0,0,0,0,0,0,0,0,0,0,0,0,266,2026-02-07 01:52:29.272291
EEC,55.28,55.27,55.29,50000000.0,50000000.0,0,0,0,0,0,0,0,0,0,0,0,0,0,0,0,0,0,0,0,0,0,0,0,0,0,0,266,2026-02-07 01:52:29.272291
TGX,43.79,43.78,43.8,50000000.0,50000000.0,0,0,0,0,0,0,0,0,0,0,0,0,0,0,0,0,0,0,0,0,0,0,0,0,0,0,267,2026-02-07 01:52:30.347316
PHR,50.14,50.13,50.15,50000000.0,50000000.0,0,0,0,0,0,0,0,0,0,0,0,0,0,0,0,0,0,0,0,0,0,0,0,0,0,0,267,2026-02-07 01:52:30.347316
BYL,45.85,45.84,45.86,50000000.0,50000000.0,0,0,0,0,0,0,0,0,0,0,0,0,0,0,0,0,0,0,0,0,0,0,0,0,0,0,267,2026-02-07 01:52:30.347316
CLD,73.31,73.3,73.32,50000000.0,50000000.0,0,0,0,0,0,0,0,0,0,0,0,0,0,0,0,0,0,0,0,0,0,0,0,0,0,0,267,2026-02-07 01:52:30.347316
GGD,32.13,32.12,32.14,50000000.0,50000000.0,0,0,0,0,0,0,0,0,0,0,0,0,0,0,0,0,0,0,0,0,0,0,0,0,0,0,267,2026-02-07 01:52:30.347316
PNR,59.22,59.21,59.23,50000000.0,50000000.0,0,0,0,0,0,0,0,0,0,0,0,0,0,0,0,0,0,0,0,0,0,0,0,0,0,0,267,2026-02-07 01:52:30.347316
FSR,31.9,31.89,31.91,50000000.0,50000000.0,0,0,0,0,0,0,0,0,0,0,0,0,0,0,0,0,0,0,0,0,0,0,0,0,0,0,267,2026-02-07 01:52:30.347316
ATB,60.17,60.16,60.18,50000000.0,50000000.0,0,0,0,0,0,0,0,0,0,0,0,0,0,0,0,0,0,0,0,0,0,0,0,0,0,0,267,2026-02-07 01:52:30.347316
SPK,54.29,54.28,54.3,50000000.0,50000000.0,0,0,0,0,0,0,0,0,0,0,0,0,0,0,0,0,0,0,0,0,0,0,0,0,0,0,267,2026-02-07 01:52:30.347316
EEC,55.69,55.68,55.7,50000000.0,50000000.0,0,0,0,0,0,0,0,0,0,0,0,0,0,0,0,0,0,0,0,0,0,0,0,0,0,0,267,2026-02-07 01:52:30.347316
TGX,43.2,43.19,43.21,50000000.0,50000000.0,0,0,0,0,0,0,0,0,0,0,0,0,0,0,0,0,0,0,0,0,0,0,0,0,0,0,268,2026-02-07 01:52:31.415198
PHR,50.14,50.13,50.15,50000000.0,50000000.0,0,0,0,0,0,0,0,0,0,0,0,0,0,0,0,0,0,0,0,0,0,0,0,0,0,0,268,2026-02-07 01:52:31.415198
BYL,45.51,45.5,45.52,50000000.0,50000000.0,0,0,0,0,0,0,0,0,0,0,0,0,0,0,0,0,0,0,0,0,0,0,0,0,0,0,268,2026-02-07 01:52:31.415198
CLD,72.67,72.66,72.68,50000000.0,50000000.0,0,0,0,0,0,0,0,0,0,0,0,0,0,0,0,0,0,0,0,0,0,0,0,0,0,0,268,2026-02-07 01:52:31.415198
GGD,32.13,32.12,32.14,50000000.0,50000000.0,0,0,0,0,0,0,0,0,0,0,0,0,0,0,0,0,0,0,0,0,0,0,0,0,0,0,268,2026-02-07 01:52:31.415198
PNR,59.01,59.0,59.02,50000000.0,50000000.0,0,0,0,0,0,0,0,0,0,0,0,0,0,0,0,0,0,0,0,0,0,0,0,0,0,0,268,2026-02-07 01:52:31.415198
FSR,31.89,31.88,31.9,50000000.0,50000000.0,0,0,0,0,0,0,0,0,0,0,0,0,0,0,0,0,0,0,0,0,0,0,0,0,0,0,268,2026-02-07 01:52:31.415198
ATB,60.02,60.01,60.03,50000000.0,50000000.0,0,0,0,0,0,0,0,0,0,0,0,0,0,0,0,0,0,0,0,0,0,0,0,0,0,0,268,2026-02-07 01:52:31.415198
SPK,54.35,54.34,54.36,50000000.0,50000000.0,0,0,0,0,0,0,0,0,0,0,0,0,0,0,0,0,0,0,0,0,0,0,0,0,0,0,268,2026-02-07 01:52:31.415198
EEC,55.93,55.92,55.94,50000000.0,50000000.0,0,0,0,0,0,0,0,0,0,0,0,0,0,0,0,0,0,0,0,0,0,0,0,0,0,0,268,2026-02-07 01:52:31.415198
TGX,43.24,43.23,43.25,50000000.0,50000000.0,0,0,0,0,0,0,0,0,0,0,0,0,0,0,0,0,0,0,0,0,0,0,0,0,0,0,269,2026-02-07 01:52:32.478430
PHR,50.21,50.2,50.22,50000000.0,50000000.0,0,0,0,0,0,0,0,0,0,0,0,0,0,0,0,0,0,0,0,0,0,0,0,0,0,0,269,2026-02-07 01:52:32.478430
BYL,45.37,45.36,45.38,50000000.0,50000000.0,0,0,0,0,0,0,0,0,0,0,0,0,0,0,0,0,0,0,0,0,0,0,0,0,0,0,269,2026-02-07 01:52:32.478430
CLD,72.36,72.35,72.37,50000000.0,50000000.0,0,0,0,0,0,0,0,0,0,0,0,0,0,0,0,0,0,0,0,0,0,0,0,0,0,0,269,2026-02-07 01:52:32.478430
GGD,32.15,32.14,32.16,50000000.0,50000000.0,0,0,0,0,0,0,0,0,0,0,0,0,0,0,0,0,0,0,0,0,0,0,0,0,0,0,269,2026-02-07 01:52:32.478430
PNR,59.01,59.0,59.02,50000000.0,50000000.0,0,0,0,0,0,0,0,0,0,0,0,0,0,0,0,0,0,0,0,0,0,0,0,0,0,0,269,2026-02-07 01:52:32.478430
FSR,31.89,31.88,31.9,50000000.0,50000000.0,0,0,0,0,0,0,0,0,0,0,0,0,0,0,0,0,0,0,0,0,0,0,0,0,0,0,269,2026-02-07 01:52:32.478430
ATB,60.24,60.23,60.25,50000000.0,50000000.0,0,0,0,0,0,0,0,0,0,0,0,0,0,0,0,0,0,0,0,0,0,0,0,0,0,0,269,2026-02-07 01:52:32.478430
SPK,54.47,54.46,54.48,50000000.0,50000000.0,0,0,0,0,0,0,0,0,0,0,0,0,0,0,0,0,0,0,0,0,0,0,0,0,0,0,269,2026-02-07 01:52:32.478430
EEC,56.18,56.17,56.19,50000000.0,50000000.0,0,0,0,0,0,0,0,0,0,0,0,0,0,0,0,0,0,0,0,0,0,0,0,0,0,0,269,2026-02-07 01:52:32.478430
TGX,43.24,43.23,43.25,50000000.0,50000000.0,0,0,0,0,0,0,0,0,0,0,0,0,0,0,0,0,0,0,0,0,0,0,0,0,0,0,270,2026-02-07 01:52:33.538410
PHR,49.99,49.98,50.0,50000000.0,50000000.0,0,0,0,0,0,0,0,0,0,0,0,0,0,0,0,0,0,0,0,0,0,0,0,0,0,0,270,2026-02-07 01:52:33.538410
BYL,45.4,45.39,45.41,50000000.0,50000000.0,0,0,0,0,0,0,0,0,0,0,0,0,0,0,0,0,0,0,0,0,0,0,0,0,0,0,270,2026-02-07 01:52:33.538410
CLD,72.48,72.47,72.49,50000000.0,50000000.0,0,0,0,0,0,0,0,0,0,0,0,0,0,0,0,0,0,0,0,0,0,0,0,0,0,0,270,2026-02-07 01:52:33.538410
GGD,32.07,32.06,32.08,50000000.0,50000000.0,0,0,0,0,0,0,0,0,0,0,0,0,0,0,0,0,0,0,0,0,0,0,0,0,0,0,270,2026-02-07 01:52:33.538410
PNR,58.8,58.79,58.81,50000000.0,50000000.0,0,0,0,0,0,0,0,0,0,0,0,0,0,0,0,0,0,0,0,0,0,0,0,0,0,0,270,2026-02-07 01:52:33.538410
FSR,32.34,32.33,32.35,50000000.0,50000000.0,0,0,0,0,0,0,0,0,0,0,0,0,0,0,0,0,0,0,0,0,0,0,0,0,0,0,270,2026-02-07 01:52:33.538410
ATB,60.41,60.4,60.42,50000000.0,50000000.0,0,0,0,0,0,0,0,0,0,0,0,0,0,0,0,0,0,0,0,0,0,0,0,0,0,0,270,2026-02-07 01:52:33.538410
SPK,54.39,54.38,54.4,50000000.0,50000000.0,0,0,0,0,0,0,0,0,0,0,0,0,0,0,0,0,0,0,0,0,0,0,0,0,0,0,270,2026-02-07 01:52:33.538410
EEC,56.12,56.11,56.13,50000000.0,50000000.0,0,0,0,0,0,0,0,0,0,0,0,0,0,0,0,0,0,0,0,0,0,0,0,0,0,0,270,2026-02-07 01:52:33.538410
TGX,43.24,43.23,43.25,50000000.0,50000000.0,0,0,0,0,0,0,0,0,0,0,0,0,0,0,0,0,0,0,0,0,0,0,0,0,0,0,271,2026-02-07 01:52:34.592126
PHR,50.15,50.14,50.16,50000000.0,50000000.0,0,0,0,0,0,0,0,0,0,0,0,0,0,0,0,0,0,0,0,0,0,0,0,0,0,0,271,2026-02-07 01:52:34.592126
BYL,45.47,45.46,45.48,50000000.0,50000000.0,0,0,0,0,0,0,0,0,0,0,0,0,0,0,0,0,0,0,0,0,0,0,0,0,0,0,271,2026-02-07 01:52:34.592126
CLD,72.55,72.54,72.56,50000000.0,50000000.0,0,0,0,0,0,0,0,0,0,0,0,0,0,0,0,0,0,0,0,0,0,0,0,0,0,0,271,2026-02-07 01:52:34.592126
GGD,32.12,32.11,32.13,50000000.0,50000000.0,0,0,0,0,0,0,0,0,0,0,0,0,0,0,0,0,0,0,0,0,0,0,0,0,0,0,271,2026-02-07 01:52:34.592126
PNR,58.96,58.95,58.97,50000000.0,50000000.0,0,0,0,0,0,0,0,0,0,0,0,0,0,0,0,0,0,0,0,0,0,0,0,0,0,0,271,2026-02-07 01:52:34.592126
FSR,32.37,32.36,32.38,50000000.0,50000000.0,0,0,0,0,0,0,0,0,0,0,0,0,0,0,0,0,0,0,0,0,0,0,0,0,0,0,271,2026-02-07 01:52:34.592126
ATB,60.12,60.11,60.13,50000000.0,50000000.0,0,0,0,0,0,0,0,0,0,0,0,0,0,0,0,0,0,0,0,0,0,0,0,0,0,0,271,2026-02-07 01:52:34.592126
SPK,54.45,54.44,54.46,50000000.0,50000000.0,0,0,0,0,0,0,0,0,0,0,0,0,0,0,0,0,0,0,0,0,0,0,0,0,0,0,271,2026-02-07 01:52:34.592126
EEC,56.24,56.23,56.25,50000000.0,50000000.0,0,0,0,0,0,0,0,0,0,0,0,0,0,0,0,0,0,0,0,0,0,0,0,0,0,0,271,2026-02-07 01:52:34.592126
TGX,43.24,43.23,43.25,50000000.0,50000000.0,0,0,0,0,0,0,0,0,0,0,0,0,0,0,0,0,0,0,0,0,0,0,0,0,0,0,272,2026-02-07 01:52:35.158544
PHR,49.67,49.66,49.68,50000000.0,50000000.0,0,0,0,0,0,0,0,0,0,0,0,0,0,0,0,0,0,0,0,0,0,0,0,0,0,0,272,2026-02-07 01:52:35.158544
BYL,45.72,45.71,45.73,50000000.0,50000000.0,0,0,0,0,0,0,0,0,0,0,0,0,0,0,0,0,0,0,0,0,0,0,0,0,0,0,272,2026-02-07 01:52:35.158544
CLD,73.01,73.0,73.02,50000000.0,50000000.0,0,0,0,0,0,0,0,0,0,0,0,0,0,0,0,0,0,0,0,0,0,0,0,0,0,0,272,2026-02-07 01:52:35.158544
GGD,32.09,32.08,32.1,50000000.0,50000000.0,0,0,0,0,0,0,0,0,0,0,0,0,0,0,0,0,0,0,0,0,0,0,0,0,0,0,272,2026-02-07 01:52:35.158544
PNR,58.71,58.7,58.72,50000000.0,50000000.0,0,0,0,0,0,0,0,0,0,0,0,0,0,0,0,0,0,0,0,0,0,0,0,0,0,0,272,2026-02-07 01:52:35.158544
FSR,32.38,32.37,32.39,50000000.0,50000000.0,0,0,0,0,0,0,0,0,0,0,0,0,0,0,0,0,0,0,0,0,0,0,0,0,0,0,272,2026-02-07 01:52:35.158544
ATB,60.22,60.21,60.23,50000000.0,50000000.0,0,0,0,0,0,0,0,0,0,0,0,0,0,0,0,0,0,0,0,0,0,0,0,0,0,0,272,2026-02-07 01:52:35.158544
SPK,54.77,54.76,54.78,50000000.0,50000000.0,0,0,0,0,0,0,0,0,0,0,0,0,0,0,0,0,0,0,0,0,0,0,0,0,0,0,272,2026-02-07 01:52:35.158544
EEC,56.05,56.04,56.06,50000000.0,50000000.0,0,0,0,0,0,0,0,0,0,0,0,0,0,0,0,0,0,0,0,0,0,0,0,0,0,0,272,2026-02-07 01:52:35.158544
TGX,43.26,43.25,43.27,50000000.0,50000000.0,0,0,0,0,0,0,0,0,0,0,0,0,0,0,0,0,0,0,0,0,0,0,0,0,0,0,273,2026-02-07 01:52:36.260798
PHR,49.57,49.56,49.58,50000000.0,50000000.0,0,0,0,0,0,0,0,0,0,0,0,0,0,0,0,0,0,0,0,0,0,0,0,0,0,0,273,2026-02-07 01:52:36.260798
BYL,45.89,45.88,45.9,50000000.0,50000000.0,0,0,0,0,0,0,0,0,0,0,0,0,0,0,0,0,0,0,0,0,0,0,0,0,0,0,273,2026-02-07 01:52:36.260798
CLD,73.23,73.22,73.24,50000000.0,50000000.0,0,0,0,0,0,0,0,0,0,0,0,0,0,0,0,0,0,0,0,0,0,0,0,0,0,0,273,2026-02-07 01:52:36.260798
GGD,32.11,32.1,32.12,50000000.0,50000000.0,0,0,0,0,0,0,0,0,0,0,0,0,0,0,0,0,0,0,0,0,0,0,0,0,0,0,273,2026-02-07 01:52:36.260798
PNR,58.68,58.67,58.69,50000000.0,50000000.0,0,0,0,0,0,0,0,0,0,0,0,0,0,0,0,0,0,0,0,0,0,0,0,0,0,0,273,2026-02-07 01:52:36.260798
FSR,32.37,32.36,32.38,50000000.0,50000000.0,0,0,0,0,0,0,0,0,0,0,0,0,0,0,0,0,0,0,0,0,0,0,0,0,0,0,273,2026-02-07 01:52:36.260798
ATB,60.27,60.26,60.28,50000000.0,50000000.0,0,0,0,0,0,0,0,0,0,0,0,0,0,0,0,0,0,0,0,0,0,0,0,0,0,0,273,2026-02-07 01:52:36.260798
SPK,54.73,54.72,54.74,50000000.0,50000000.0,0,0,0,0,0,0,0,0,0,0,0,0,0,0,0,0,0,0,0,0,0,0,0,0,0,0,273,2026-02-07 01:52:36.260798
EEC,56.0,55.99,56.01,50000000.0,50000000.0,0,0,0,0,0,0,0,0,0,0,0,0,0,0,0,0,0,0,0,0,0,0,0,0,0,0,273,2026-02-07 01:52:36.260798
TGX,43.26,43.25,43.27,50000000.0,50000000.0,0,0,0,0,0,0,0,0,0,0,0,0,0,0,0,0,0,0,0,0,0,0,0,0,0,0,274,2026-02-07 01:52:37.333796
PHR,49.59,49.58,49.6,50000000.0,50000000.0,0,0,0,0,0,0,0,0,0,0,0,0,0,0,0,0,0,0,0,0,0,0,0,0,0,0,274,2026-02-07 01:52:37.333796
BYL,45.94,45.93,45.95,50000000.0,50000000.0,0,0,0,0,0,0,0,0,0,0,0,0,0,0,0,0,0,0,0,0,0,0,0,0,0,0,274,2026-02-07 01:52:37.333796
CLD,73.26,73.25,73.27,50000000.0,50000000.0,0,0,0,0,0,0,0,0,0,0,0,0,0,0,0,0,0,0,0,0,0,0,0,0,0,0,274,2026-02-07 01:52:37.333796
GGD,32.11,32.1,32.12,50000000.0,50000000.0,0,0,0,0,0,0,0,0,0,0,0,0,0,0,0,0,0,0,0,0,0,0,0,0,0,0,274,2026-02-07 01:52:37.333796
PNR,58.54,58.53,58.55,50000000.0,50000000.0,0,0,0,0,0,0,0,0,0,0,0,0,0,0,0,0,0,0,0,0,0,0,0,0,0,0,274,2026-02-07 01:52:37.333796
FSR,32.33,32.32,32.34,50000000.0,50000000.0,0,0,0,0,0,0,0,0,0,0,0,0,0,0,0,0,0,0,0,0,0,0,0,0,0,0,274,2026-02-07 01:52:37.333796
ATB,60.33,60.32,60.34,50000000.0,50000000.0,0,0,0,0,0,0,0,0,0,0,0,0,0,0,0,0,0,0,0,0,0,0,0,0,0,0,274,2026-02-07 01:52:37.333796
SPK,55.13,55.12,55.14,50000000.0,50000000.0,0,0,0,0,0,0,0,0,0,0,0,0,0,0,0,0,0,0,0,0,0,0,0,0,0,0,274,2026-02-07 01:52:37.333796
EEC,55.91,55.9,55.92,50000000.0,50000000.0,0,0,0,0,0,0,0,0,0,0,0,0,0,0,0,0,0,0,0,0,0,0,0,0,0,0,274,2026-02-07 01:52:37.333796
TGX,43.29,43.28,43.3,50000000.0,50000000.0,0,0,0,0,0,0,0,0,0,0,0,0,0,0,0,0,0,0,0,0,0,0,0,0,0,0,275,2026-02-07 01:52:38.437031
PHR,49.74,49.73,49.75,50000000.0,50000000.0,0,0,0,0,0,0,0,0,0,0,0,0,0,0,0,0,0,0,0,0,0,0,0,0,0,0,275,2026-02-07 01:52:38.437031
BYL,46.22,46.21,46.23,50000000.0,50000000.0,0,0,0,0,0,0,0,0,0,0,0,0,0,0,0,0,0,0,0,0,0,0,0,0,0,0,275,2026-02-07 01:52:38.437031
CLD,73.75,73.74,73.76,50000000.0,50000000.0,0,0,0,0,0,0,0,0,0,0,0,0,0,0,0,0,0,0,0,0,0,0,0,0,0,0,275,2026-02-07 01:52:38.437031
GGD,32.2,32.19,32.21,50000000.0,50000000.0,0,0,0,0,0,0,0,0,0,0,0,0,0,0,0,0,0,0,0,0,0,0,0,0,0,0,275,2026-02-07 01:52:38.437031
PNR,58.61,58.6,58.62,50000000.0,50000000.0,0,0,0,0,0,0,0,0,0,0,0,0,0,0,0,0,0,0,0,0,0,0,0,0,0,0,275,2026-02-07 01:52:38.437031
FSR,32.35,32.34,32.36,50000000.0,50000000.0,0,0,0,0,0,0,0,0,0,0,0,0,0,0,0,0,0,0,0,0,0,0,0,0,0,0,275,2026-02-07 01:52:38.437031
ATB,60.18,60.17,60.19,50000000.0,50000000.0,0,0,0,0,0,0,0,0,0,0,0,0,0,0,0,0,0,0,0,0,0,0,0,0,0,0,275,2026-02-07 01:52:38.437031
SPK,55.12,55.11,55.13,50000000.0,50000000.0,0,0,0,0,0,0,0,0,0,0,0,0,0,0,0,0,0,0,0,0,0,0,0,0,0,0,275,2026-02-07 01:52:38.437031
EEC,55.85,55.84,55.86,50000000.0,50000000.0,0,0,0,0,0,0,0,0,0,0,0,0,0,0,0,0,0,0,0,0,0,0,0,0,0,0,275,2026-02-07 01:52:38.437031
TGX,43.32,43.31,43.33,50000000.0,50000000.0,0,0,0,0,0,0,0,0,0,0,0,0,0,0,0,0,0,0,0,0,0,0,0,0,0,0,276,2026-02-07 01:52:39.525447
PHR,49.79,49.78,49.8,50000000.0,50000000.0,0,0,0,0,0,0,0,0,0,0,0,0,0,0,0,0,0,0,0,0,0,0,0,0,0,0,276,2026-02-07 01:52:39.525447
BYL,46.12,46.11,46.13,50000000.0,50000000.0,0,0,0,0,0,0,0,0,0,0,0,0,0,0,0,0,0,0,0,0,0,0,0,0,0,0,276,2026-02-07 01:52:39.525447
CLD,73.6,73.59,73.61,50000000.0,50000000.0,0,0,0,0,0,0,0,0,0,0,0,0,0,0,0,0,0,0,0,0,0,0,0,0,0,0,276,2026-02-07 01:52:39.525447
GGD,32.22,32.21,32.23,50000000.0,50000000.0,0,0,0,0,0,0,0,0,0,0,0,0,0,0,0,0,0,0,0,0,0,0,0,0,0,0,276,2026-02-07 01:52:39.525447
PNR,58.85,58.84,58.86,50000000.0,50000000.0,0,0,0,0,0,0,0,0,0,0,0,0,0,0,0,0,0,0,0,0,0,0,0,0,0,0,276,2026-02-07 01:52:39.525447
FSR,32.35,32.34,32.36,50000000.0,50000000.0,0,0,0,0,0,0,0,0,0,0,0,0,0,0,0,0,0,0,0,0,0,0,0,0,0,0,276,2026-02-07 01:52:39.525447
ATB,60.04,60.03,60.05,50000000.0,50000000.0,0,0,0,0,0,0,0,0,0,0,0,0,0,0,0,0,0,0,0,0,0,0,0,0,0,0,276,2026-02-07 01:52:39.525447
SPK,55.19,55.18,55.2,50000000.0,50000000.0,0,0,0,0,0,0,0,0,0,0,0,0,0,0,0,0,0,0,0,0,0,0,0,0,0,0,276,2026-02-07 01:52:39.525447
EEC,56.14,56.13,56.15,50000000.0,50000000.0,0,0,0,0,0,0,0,0,0,0,0,0,0,0,0,0,0,0,0,0,0,0,0,0,0,0,276,2026-02-07 01:52:39.525447
TGX,43.33,43.32,43.34,50000000.0,50000000.0,0,0,0,0,0,0,0,0,0,0,0,0,0,0,0,0,0,0,0,0,0,0,0,0,0,0,277,2026-02-07 01:52:40.582072
PHR,49.57,49.56,49.58,50000000.0,50000000.0,0,0,0,0,0,0,0,0,0,0,0,0,0,0,0,0,0,0,0,0,0,0,0,0,0,0,277,2026-02-07 01:52:40.582072
BYL,46.29,46.28,46.3,50000000.0,50000000.0,0,0,0,0,0,0,0,0,0,0,0,0,0,0,0,0,0,0,0,0,0,0,0,0,0,0,277,2026-02-07 01:52:40.582072
CLD,73.85,73.84,73.86,50000000.0,50000000.0,0,0,0,0,0,0,0,0,0,0,0,0,0,0,0,0,0,0,0,0,0,0,0,0,0,0,277,2026-02-07 01:52:40.582072
GGD,32.19,32.18,32.2,50000000.0,50000000.0,0,0,0,0,0,0,0,0,0,0,0,0,0,0,0,0,0,0,0,0,0,0,0,0,0,0,277,2026-02-07 01:52:40.582072
PNR,58.54,58.53,58.55,50000000.0,50000000.0,0,0,0,0,0,0,0,0,0,0,0,0,0,0,0,0,0,0,0,0,0,0,0,0,0,0,277,2026-02-07 01:52:40.582072
FSR,32.97,32.96,32.98,50000000.0,50000000.0,0,0,0,0,0,0,0,0,0,0,0,0,0,0,0,0,0,0,0,0,0,0,0,0,0,0,277,2026-02-07 01:52:40.582072
ATB,59.85,59.84,59.86,50000000.0,50000000.0,0,0,0,0,0,0,0,0,0,0,0,0,0,0,0,0,0,0,0,0,0,0,0,0,0,0,277,2026-02-07 01:52:40.582072
SPK,55.16,55.15,55.17,50000000.0,50000000.0,0,0,0,0,0,0,0,0,0,0,0,0,0,0,0,0,0,0,0,0,0,0,0,0,0,0,277,2026-02-07 01:52:40.582072
EEC,56.03,56.02,56.04,50000000.0,50000000.0,0,0,0,0,0,0,0,0,0,0,0,0,0,0,0,0,0,0,0,0,0,0,0,0,0,0,277,2026-02-07 01:52:40.582072
TGX,43.35,43.34,43.36,50000000.0,50000000.0,0,0,0,0,0,0,0,0,0,0,0,0,0,0,0,0,0,0,0,0,0,0,0,0,0,0,278,2026-02-07 01:52:41.630588
PHR,49.62,49.61,49.63,50000000.0,50000000.0,0,0,0,0,0,0,0,0,0,0,0,0,0,0,0,0,0,0,0,0,0,0,0,0,0,0,278,2026-02-07 01:52:41.630588
BYL,46.16,46.15,46.17,50000000.0,50000000.0,0,0,0,0,0,0,0,0,0,0,0,0,0,0,0,0,0,0,0,0,0,0,0,0,0,0,278,2026-02-07 01:52:41.630588
CLD,73.67,73.66,73.68,50000000.0,50000000.0,0,0,0,0,0,0,0,0,0,0,0,0,0,0,0,0,0,0,0,0,0,0,0,0,0,0,278,2026-02-07 01:52:41.630588
GGD,32.09,32.08,32.1,50000000.0,50000000.0,0,0,0,0,0,0,0,0,0,0,0,0,0,0,0,0,0,0,0,0,0,0,0,0,0,0,278,2026-02-07 01:52:41.630588
PNR,58.68,58.67,58.69,50000000.0,50000000.0,0,0,0,0,0,0,0,0,0,0,0,0,0,0,0,0,0,0,0,0,0,0,0,0,0,0,278,2026-02-07 01:52:41.630588
FSR,32.98,32.97,32.99,50000000.0,50000000.0,0,0,0,0,0,0,0,0,0,0,0,0,0,0,0,0,0,0,0,0,0,0,0,0,0,0,278,2026-02-07 01:52:41.630588
ATB,59.64,59.63,59.65,50000000.0,50000000.0,0,0,0,0,0,0,0,0,0,0,0,0,0,0,0,0,0,0,0,0,0,0,0,0,0,0,278,2026-02-07 01:52:41.630588
SPK,55.13,55.12,55.14,50000000.0,50000000.0,0,0,0,0,0,0,0,0,0,0,0,0,0,0,0,0,0,0,0,0,0,0,0,0,0,0,278,2026-02-07 01:52:41.630588
EEC,55.93,55.92,55.94,50000000.0,50000000.0,0,0,0,0,0,0,0,0,0,0,0,0,0,0,0,0,0,0,0,0,0,0,0,0,0,0,278,2026-02-07 01:52:41.630588
TGX,43.33,43.32,43.34,50000000.0,50000000.0,0,0,0,0,0,0,0,0,0,0,0,0,0,0,0,0,0,0,0,0,0,0,0,0,0,0,279,2026-02-07 01:52:42.212284
PHR,49.52,49.51,49.53,50000000.0,50000000.0,0,0,0,0,0,0,0,0,0,0,0,0,0,0,0,0,0,0,0,0,0,0,0,0,0,0,279,2026-02-07 01:52:42.212284
BYL,46.05,46.04,46.06,50000000.0,50000000.0,0,0,0,0,0,0,0,0,0,0,0,0,0,0,0,0,0,0,0,0,0,0,0,0,0,0,279,2026-02-07 01:52:42.212284
CLD,73.47,73.46,73.48,50000000.0,50000000.0,0,0,0,0,0,0,0,0,0,0,0,0,0,0,0,0,0,0,0,0,0,0,0,0,0,0,279,2026-02-07 01:52:42.212284
GGD,32.1,32.09,32.11,50000000.0,50000000.0,0,0,0,0,0,0,0,0,0,0,0,0,0,0,0,0,0,0,0,0,0,0,0,0,0,0,279,2026-02-07 01:52:42.212284
PNR,58.79,58.78,58.8,50000000.0,50000000.0,0,0,0,0,0,0,0,0,0,0,0,0,0,0,0,0,0,0,0,0,0,0,0,0,0,0,279,2026-02-07 01:52:42.212284
FSR,32.19,32.18,32.2,50000000.0,50000000.0,0,0,0,0,0,0,0,0,0,0,0,0,0,0,0,0,0,0,0,0,0,0,0,0,0,0,279,2026-02-07 01:52:42.212284
ATB,59.46,59.45,59.47,50000000.0,50000000.0,0,0,0,0,0,0,0,0,0,0,0,0,0,0,0,0,0,0,0,0,0,0,0,0,0,0,279,2026-02-07 01:52:42.212284
SPK,55.34,55.33,55.35,50000000.0,50000000.0,0,0,0,0,0,0,0,0,0,0,0,0,0,0,0,0,0,0,0,0,0,0,0,0,0,0,279,2026-02-07 01:52:42.212284
EEC,56.35,56.34,56.36,50000000.0,50000000.0,0,0,0,0,0,0,0,0,0,0,0,0,0,0,0,0,0,0,0,0,0,0,0,0,0,0,279,2026-02-07 01:52:42.212284
TGX,43.34,43.33,43.35,50000000.0,50000000.0,0,0,0,0,0,0,0,0,0,0,0,0,0,0,0,0,0,0,0,0,0,0,0,0,0,0,280,2026-02-07 01:52:43.285503
PHR,49.67,49.66,49.68,50000000.0,50000000.0,0,0,0,0,0,0,0,0,0,0,0,0,0,0,0,0,0,0,0,0,0,0,0,0,0,0,280,2026-02-07 01:52:43.285503
BYL,45.95,45.94,45.96,50000000.0,50000000.0,0,0,0,0,0,0,0,0,0,0,0,0,0,0,0,0,0,0,0,0,0,0,0,0,0,0,280,2026-02-07 01:52:43.285503
CLD,73.25,73.24,73.26,50000000.0,50000000.0,0,0,0,0,0,0,0,0,0,0,0,0,0,0,0,0,0,0,0,0,0,0,0,0,0,0,280,2026-02-07 01:52:43.285503
GGD,31.6,31.59,31.61,50000000.0,50000000.0,0,0,0,0,0,0,0,0,0,0,0,0,0,0,0,0,0,0,0,0,0,0,0,0,0,0,280,2026-02-07 01:52:43.285503
PNR,58.85,58.84,58.86,50000000.0,50000000.0,0,0,0,0,0,0,0,0,0,0,0,0,0,0,0,0,0,0,0,0,0,0,0,0,0,0,280,2026-02-07 01:52:43.285503
FSR,31.4,31.39,31.41,50000000.0,50000000.0,0,0,0,0,0,0,0,0,0,0,0,0,0,0,0,0,0,0,0,0,0,0,0,0,0,0,280,2026-02-07 01:52:43.285503
ATB,59.37,59.36,59.38,50000000.0,50000000.0,0,0,0,0,0,0,0,0,0,0,0,0,0,0,0,0,0,0,0,0,0,0,0,0,0,0,280,2026-02-07 01:52:43.285503
SPK,55.2,55.19,55.21,50000000.0,50000000.0,0,0,0,0,0,0,0,0,0,0,0,0,0,0,0,0,0,0,0,0,0,0,0,0,0,0,280,2026-02-07 01:52:43.285503
EEC,56.19,56.18,56.2,50000000.0,50000000.0,0,0,0,0,0,0,0,0,0,0,0,0,0,0,0,0,0,0,0,0,0,0,0,0,0,0,280,2026-02-07 01:52:43.285503
TGX,43.4,43.39,43.41,50000000.0,50000000.0,0,0,0,0,0,0,0,0,0,0,0,0,0,0,0,0,0,0,0,0,0,0,0,0,0,0,281,2026-02-07 01:52:44.345086
PHR,49.82,49.81,49.83,50000000.0,50000000.0,0,0,0,0,0,0,0,0,0,0,0,0,0,0,0,0,0,0,0,0,0,0,0,0,0,0,281,2026-02-07 01:52:44.345086
BYL,45.87,45.86,45.88,50000000.0,50000000.0,0,0,0,0,0,0,0,0,0,0,0,0,0,0,0,0,0,0,0,0,0,0,0,0,0,0,281,2026-02-07 01:52:44.345086
CLD,73.03,73.02,73.04,50000000.0,50000000.0,0,0,0,0,0,0,0,0,0,0,0,0,0,0,0,0,0,0,0,0,0,0,0,0,0,0,281,2026-02-07 01:52:44.345086
GGD,31.62,31.61,31.63,50000000.0,50000000.0,0,0,0,0,0,0,0,0,0,0,0,0,0,0,0,0,0,0,0,0,0,0,0,0,0,0,281,2026-02-07 01:52:44.345086
PNR,58.86,58.85,58.87,50000000.0,50000000.0,0,0,0,0,0,0,0,0,0,0,0,0,0,0,0,0,0,0,0,0,0,0,0,0,0,0,281,2026-02-07 01:52:44.345086
FSR,31.37,31.36,31.38,50000000.0,50000000.0,0,0,0,0,0,0,0,0,0,0,0,0,0,0,0,0,0,0,0,0,0,0,0,0,0,0,281,2026-02-07 01:52:44.345086
ATB,59.22,59.21,59.23,50000000.0,50000000.0,0,0,0,0,0,0,0,0,0,0,0,0,0,0,0,0,0,0,0,0,0,0,0,0,0,0,281,2026-02-07 01:52:44.345086
SPK,55.16,55.15,55.17,50000000.0,50000000.0,0,0,0,0,0,0,0,0,0,0,0,0,0,0,0,0,0,0,0,0,0,0,0,0,0,0,281,2026-02-07 01:52:44.345086
EEC,56.06,56.05,56.07,50000000.0,50000000.0,0,0,0,0,0,0,0,0,0,0,0,0,0,0,0,0,0,0,0,0,0,0,0,0,0,0,281,2026-02-07 01:52:44.345086
TGX,43.39,43.38,43.4,50000000.0,50000000.0,0,0,0,0,0,0,0,0,0,0,0,0,0,0,0,0,0,0,0,0,0,0,0,0,0,0,282,2026-02-07 01:52:45.413888
PHR,49.87,49.86,49.88,50000000.0,50000000.0,0,0,0,0,0,0,0,0,0,0,0,0,0,0,0,0,0,0,0,0,0,0,0,0,0,0,282,2026-02-07 01:52:45.413888
BYL,45.9,45.89,45.91,50000000.0,50000000.0,0,0,0,0,0,0,0,0,0,0,0,0,0,0,0,0,0,0,0,0,0,0,0,0,0,0,282,2026-02-07 01:52:45.413888
CLD,72.93,72.92,72.94,50000000.0,50000000.0,0,0,0,0,0,0,0,0,0,0,0,0,0,0,0,0,0,0,0,0,0,0,0,0,0,0,282,2026-02-07 01:52:45.413888
GGD,31.58,31.57,31.59,50000000.0,50000000.0,0,0,0,0,0,0,0,0,0,0,0,0,0,0,0,0,0,0,0,0,0,0,0,0,0,0,282,2026-02-07 01:52:45.413888
PNR,58.56,58.55,58.57,50000000.0,50000000.0,0,0,0,0,0,0,0,0,0,0,0,0,0,0,0,0,0,0,0,0,0,0,0,0,0,0,282,2026-02-07 01:52:45.413888
FSR,31.4,31.39,31.41,50000000.0,50000000.0,0,0,0,0,0,0,0,0,0,0,0,0,0,0,0,0,0,0,0,0,0,0,0,0,0,0,282,2026-02-07 01:52:45.413888
ATB,59.21,59.2,59.22,50000000.0,50000000.0,0,0,0,0,0,0,0,0,0,0,0,0,0,0,0,0,0,0,0,0,0,0,0,0,0,0,282,2026-02-07 01:52:45.413888
SPK,55.22,55.21,55.23,50000000.0,50000000.0,0,0,0,0,0,0,0,0,0,0,0,0,0,0,0,0,0,0,0,0,0,0,0,0,0,0,282,2026-02-07 01:52:45.413888
EEC,56.12,56.11,56.13,50000000.0,50000000.0,0,0,0,0,0,0,0,0,0,0,0,0,0,0,0,0,0,0,0,0,0,0,0,0,0,0,282,2026-02-07 01:52:45.413888
TGX,43.41,43.4,43.42,50000000.0,50000000.0,0,0,0,0,0,0,0,0,0,0,0,0,0,0,0,0,0,0,0,0,0,0,0,0,0,0,283,2026-02-07 01:52:46.471877
PHR,49.72,49.71,49.73,50000000.0,50000000.0,0,0,0,0,0,0,0,0,0,0,0,0,0,0,0,0,0,0,0,0,0,0,0,0,0,0,283,2026-02-07 01:52:46.471877
BYL,45.73,45.72,45.74,50000000.0,50000000.0,0,0,0,0,0,0,0,0,0,0,0,0,0,0,0,0,0,0,0,0,0,0,0,0,0,0,283,2026-02-07 01:52:46.471877
CLD,72.68,72.67,72.69,50000000.0,50000000.0,0,0,0,0,0,0,0,0,0,0,0,0,0,0,0,0,0,0,0,0,0,0,0,0,0,0,283,2026-02-07 01:52:46.471877
GGD,31.59,31.58,31.6,50000000.0,50000000.0,0,0,0,0,0,0,0,0,0,0,0,0,0,0,0,0,0,0,0,0,0,0,0,0,0,0,283,2026-02-07 01:52:46.471877
PNR,58.61,58.6,58.62,50000000.0,50000000.0,0,0,0,0,0,0,0,0,0,0,0,0,0,0,0,0,0,0,0,0,0,0,0,0,0,0,283,2026-02-07 01:52:46.471877
FSR,31.37,31.36,31.38,50000000.0,50000000.0,0,0,0,0,0,0,0,0,0,0,0,0,0,0,0,0,0,0,0,0,0,0,0,0,0,0,283,2026-02-07 01:52:46.471877
ATB,59.31,59.3,59.32,50000000.0,50000000.0,0,0,0,0,0,0,0,0,0,0,0,0,0,0,0,0,0,0,0,0,0,0,0,0,0,0,283,2026-02-07 01:52:46.471877
SPK,55.25,55.24,55.26,50000000.0,50000000.0,0,0,0,0,0,0,0,0,0,0,0,0,0,0,0,0,0,0,0,0,0,0,0,0,0,0,283,2026-02-07 01:52:46.471877
EEC,56.32,56.31,56.33,50000000.0,50000000.0,0,0,0,0,0,0,0,0,0,0,0,0,0,0,0,0,0,0,0,0,0,0,0,0,0,0,283,2026-02-07 01:52:46.471877
TGX,43.43,43.42,43.44,50000000.0,50000000.0,0,0,0,0,0,0,0,0,0,0,0,0,0,0,0,0,0,0,0,0,0,0,0,0,0,0,284,2026-02-07 01:52:47.537669
PHR,49.94,49.93,49.95,50000000.0,50000000.0,0,0,0,0,0,0,0,0,0,0,0,0,0,0,0,0,0,0,0,0,0,0,0,0,0,0,284,2026-02-07 01:52:47.537669
BYL,45.8,45.79,45.81,50000000.0,50000000.0,0,0,0,0,0,0,0,0,0,0,0,0,0,0,0,0,0,0,0,0,0,0,0,0,0,0,284,2026-02-07 01:52:47.537669
CLD,72.8,72.79,72.81,50000000.0,50000000.0,0,0,0,0,0,0,0,0,0,0,0,0,0,0,0,0,0,0,0,0,0,0,0,0,0,0,284,2026-02-07 01:52:47.537669
GGD,31.66,31.65,31.67,50000000.0,50000000.0,0,0,0,0,0,0,0,0,0,0,0,0,0,0,0,0,0,0,0,0,0,0,0,0,0,0,284,2026-02-07 01:52:47.537669
PNR,58.53,58.52,58.54,50000000.0,50000000.0,0,0,0,0,0,0,0,0,0,0,0,0,0,0,0,0,0,0,0,0,0,0,0,0,0,0,284,2026-02-07 01:52:47.537669
FSR,31.43,31.42,31.44,50000000.0,50000000.0,0,0,0,0,0,0,0,0,0,0,0,0,0,0,0,0,0,0,0,0,0,0,0,0,0,0,284,2026-02-07 01:52:47.537669
ATB,59.21,59.2,59.22,50000000.0,50000000.0,0,0,0,0,0,0,0,0,0,0,0,0,0,0,0,0,0,0,0,0,0,0,0,0,0,0,284,2026-02-07 01:52:47.537669
SPK,55.35,55.34,55.36,50000000.0,50000000.0,0,0,0,0,0,0,0,0,0,0,0,0,0,0,0,0,0,0,0,0,0,0,0,0,0,0,284,2026-02-07 01:52:47.537669
EEC,56.61,56.6,56.62,50000000.0,50000000.0,0,0,0,0,0,0,0,0,0,0,0,0,0,0,0,0,0,0,0,0,0,0,0,0,0,0,284,2026-02-07 01:52:47.537669
TGX,43.43,43.42,43.44,50000000.0,50000000.0,0,0,0,0,0,0,0,0,0,0,0,0,0,0,0,0,0,0,0,0,0,0,0,0,0,0,285,2026-02-07 01:52:48.623865
PHR,50.03,50.02,50.04,50000000.0,50000000.0,0,0,0,0,0,0,0,0,0,0,0,0,0,0,0,0,0,0,0,0,0,0,0,0,0,0,285,2026-02-07 01:52:48.623865
BYL,45.8,45.79,45.81,50000000.0,50000000.0,0,0,0,0,0,0,0,0,0,0,0,0,0,0,0,0,0,0,0,0,0,0,0,0,0,0,285,2026-02-07 01:52:48.623865
CLD,72.74,72.73,72.75,50000000.0,50000000.0,0,0,0,0,0,0,0,0,0,0,0,0,0,0,0,0,0,0,0,0,0,0,0,0,0,0,285,2026-02-07 01:52:48.623865
GGD,31.67,31.66,31.68,50000000.0,50000000.0,0,0,0,0,0,0,0,0,0,0,0,0,0,0,0,0,0,0,0,0,0,0,0,0,0,0,285,2026-02-07 01:52:48.623865
PNR,58.4,58.39,58.41,50000000.0,50000000.0,0,0,0,0,0,0,0,0,0,0,0,0,0,0,0,0,0,0,0,0,0,0,0,0,0,0,285,2026-02-07 01:52:48.623865
FSR,31.44,31.43,31.45,50000000.0,50000000.0,0,0,0,0,0,0,0,0,0,0,0,0,0,0,0,0,0,0,0,0,0,0,0,0,0,0,285,2026-02-07 01:52:48.623865
ATB,59.25,59.24,59.26,50000000.0,50000000.0,0,0,0,0,0,0,0,0,0,0,0,0,0,0,0,0,0,0,0,0,0,0,0,0,0,0,285,2026-02-07 01:52:48.623865
SPK,55.35,55.34,55.36,50000000.0,50000000.0,0,0,0,0,0,0,0,0,0,0,0,0,0,0,0,0,0,0,0,0,0,0,0,0,0,0,285,2026-02-07 01:52:48.623865
EEC,56.64,56.63,56.65,50000000.0,50000000.0,0,0,0,0,0,0,0,0,0,0,0,0,0,0,0,0,0,0,0,0,0,0,0,0,0,0,285,2026-02-07 01:52:48.623865
TGX,43.46,43.45,43.47,50000000.0,50000000.0,0,0,0,0,0,0,0,0,0,0,0,0,0,0,0,0,0,0,0,0,0,0,0,0,0,0,286,2026-02-07 01:52:49.669333
PHR,50.1,50.09,50.11,50000000.0,50000000.0,0,0,0,0,0,0,0,0,0,0,0,0,0,0,0,0,0,0,0,0,0,0,0,0,0,0,286,2026-02-07 01:52:49.669333
BYL,45.99,45.98,46.0,50000000.0,50000000.0,0,0,0,0,0,0,0,0,0,0,0,0,0,0,0,0,0,0,0,0,0,0,0,0,0,0,286,2026-02-07 01:52:49.669333
CLD,73.08,73.07,73.09,50000000.0,50000000.0,0,0,0,0,0,0,0,0,0,0,0,0,0,0,0,0,0,0,0,0,0,0,0,0,0,0,286,2026-02-07 01:52:49.669333
GGD,31.71,31.7,31.72,50000000.0,50000000.0,0,0,0,0,0,0,0,0,0,0,0,0,0,0,0,0,0,0,0,0,0,0,0,0,0,0,286,2026-02-07 01:52:49.669333
PNR,58.74,58.73,58.75,50000000.0,50000000.0,0,0,0,0,0,0,0,0,0,0,0,0,0,0,0,0,0,0,0,0,0,0,0,0,0,0,286,2026-02-07 01:52:49.669333
FSR,31.46,31.45,31.47,50000000.0,50000000.0,0,0,0,0,0,0,0,0,0,0,0,0,0,0,0,0,0,0,0,0,0,0,0,0,0,0,286,2026-02-07 01:52:49.669333
ATB,59.28,59.27,59.29,50000000.0,50000000.0,0,0,0,0,0,0,0,0,0,0,0,0,0,0,0,0,0,0,0,0,0,0,0,0,0,0,286,2026-02-07 01:52:49.669333
SPK,55.25,55.24,55.26,50000000.0,50000000.0,0,0,0,0,0,0,0,0,0,0,0,0,0,0,0,0,0,0,0,0,0,0,0,0,0,0,286,2026-02-07 01:52:49.669333
EEC,56.33,56.32,56.34,50000000.0,50000000.0,0,0,0,0,0,0,0,0,0,0,0,0,0,0,0,0,0,0,0,0,0,0,0,0,0,0,286,2026-02-07 01:52:49.669333
TGX,43.48,43.47,43.49,50000000.0,50000000.0,0,0,0,0,0,0,0,0,0,0,0,0,0,0,0,0,0,0,0,0,0,0,0,0,0,0,287,2026-02-07 01:52:50.713847
PHR,49.89,49.88,49.9,50000000.0,50000000.0,0,0,0,0,0,0,0,0,0,0,0,0,0,0,0,0,0,0,0,0,0,0,0,0,0,0,287,2026-02-07 01:52:50.713847
BYL,45.63,45.62,45.64,50000000.0,50000000.0,0,0,0,0,0,0,0,0,0,0,0,0,0,0,0,0,0,0,0,0,0,0,0,0,0,0,287,2026-02-07 01:52:50.713847
CLD,72.4,72.39,72.41,50000000.0,50000000.0,0,0,0,0,0,0,0,0,0,0,0,0,0,0,0,0,0,0,0,0,0,0,0,0,0,0,287,2026-02-07 01:52:50.713847
GGD,31.14,31.13,31.15,50000000.0,50000000.0,0,0,0,0,0,0,0,0,0,0,0,0,0,0,0,0,0,0,0,0,0,0,0,0,0,0,287,2026-02-07 01:52:50.713847
PNR,58.75,58.74,58.76,50000000.0,50000000.0,0,0,0,0,0,0,0,0,0,0,0,0,0,0,0,0,0,0,0,0,0,0,0,0,0,0,287,2026-02-07 01:52:50.713847
FSR,31.49,31.48,31.5,50000000.0,50000000.0,0,0,0,0,0,0,0,0,0,0,0,0,0,0,0,0,0,0,0,0,0,0,0,0,0,0,287,2026-02-07 01:52:50.713847
ATB,59.15,59.14,59.16,50000000.0,50000000.0,0,0,0,0,0,0,0,0,0,0,0,0,0,0,0,0,0,0,0,0,0,0,0,0,0,0,287,2026-02-07 01:52:50.713847
SPK,55.58,55.57,55.59,50000000.0,50000000.0,0,0,0,0,0,0,0,0,0,0,0,0,0,0,0,0,0,0,0,0,0,0,0,0,0,0,287,2026-02-07 01:52:50.713847
EEC,56.22,56.21,56.23,50000000.0,50000000.0,0,0,0,0,0,0,0,0,0,0,0,0,0,0,0,0,0,0,0,0,0,0,0,0,0,0,287,2026-02-07 01:52:50.713847
TGX,43.46,43.45,43.47,50000000.0,50000000.0,0,0,0,0,0,0,0,0,0,0,0,0,0,0,0,0,0,0,0,0,0,0,0,0,0,0,288,2026-02-07 01:52:51.253955
PHR,49.74,49.73,49.75,50000000.0,50000000.0,0,0,0,0,0,0,0,0,0,0,0,0,0,0,0,0,0,0,0,0,0,0,0,0,0,0,288,2026-02-07 01:52:51.253955
BYL,45.21,45.2,45.22,50000000.0,50000000.0,0,0,0,0,0,0,0,0,0,0,0,0,0,0,0,0,0,0,0,0,0,0,0,0,0,0,288,2026-02-07 01:52:51.253955
CLD,71.64,71.63,71.65,50000000.0,50000000.0,0,0,0,0,0,0,0,0,0,0,0,0,0,0,0,0,0,0,0,0,0,0,0,0,0,0,288,2026-02-07 01:52:51.253955
GGD,31.17,31.16,31.18,50000000.0,50000000.0,0,0,0,0,0,0,0,0,0,0,0,0,0,0,0,0,0,0,0,0,0,0,0,0,0,0,288,2026-02-07 01:52:51.253955
PNR,58.89,58.88,58.9,50000000.0,50000000.0,0,0,0,0,0,0,0,0,0,0,0,0,0,0,0,0,0,0,0,0,0,0,0,0,0,0,288,2026-02-07 01:52:51.253955
FSR,31.49,31.48,31.5,50000000.0,50000000.0,0,0,0,0,0,0,0,0,0,0,0,0,0,0,0,0,0,0,0,0,0,0,0,0,0,0,288,2026-02-07 01:52:51.253955
ATB,59.1,59.09,59.11,50000000.0,50000000.0,0,0,0,0,0,0,0,0,0,0,0,0,0,0,0,0,0,0,0,0,0,0,0,0,0,0,288,2026-02-07 01:52:51.253955
SPK,55.49,55.48,55.5,50000000.0,50000000.0,0,0,0,0,0,0,0,0,0,0,0,0,0,0,0,0,0,0,0,0,0,0,0,0,0,0,288,2026-02-07 01:52:51.253955
EEC,55.96,55.95,55.97,50000000.0,50000000.0,0,0,0,0,0,0,0,0,0,0,0,0,0,0,0,0,0,0,0,0,0,0,0,0,0,0,288,2026-02-07 01:52:51.253955
TGX,43.47,43.46,43.48,50000000.0,50000000.0,0,0,0,0,0,0,0,0,0,0,0,0,0,0,0,0,0,0,0,0,0,0,0,0,0,0,289,2026-02-07 01:52:52.320852
PHR,49.54,49.53,49.55,50000000.0,50000000.0,0,0,0,0,0,0,0,0,0,0,0,0,0,0,0,0,0,0,0,0,0,0,0,0,0,0,289,2026-02-07 01:52:52.320852
BYL,45.41,45.4,45.42,50000000.0,50000000.0,0,0,0,0,0,0,0,0,0,0,0,0,0,0,0,0,0,0,0,0,0,0,0,0,0,0,289,2026-02-07 01:52:52.320852
CLD,71.93,71.92,71.94,50000000.0,50000000.0,0,0,0,0,0,0,0,0,0,0,0,0,0,0,0,0,0,0,0,0,0,0,0,0,0,0,289,2026-02-07 01:52:52.320852
GGD,31.2,31.19,31.21,50000000.0,50000000.0,0,0,0,0,0,0,0,0,0,0,0,0,0,0,0,0,0,0,0,0,0,0,0,0,0,0,289,2026-02-07 01:52:52.320852
PNR,58.84,58.83,58.85,50000000.0,50000000.0,0,0,0,0,0,0,0,0,0,0,0,0,0,0,0,0,0,0,0,0,0,0,0,0,0,0,289,2026-02-07 01:52:52.320852
FSR,31.46,31.45,31.47,50000000.0,50000000.0,0,0,0,0,0,0,0,0,0,0,0,0,0,0,0,0,0,0,0,0,0,0,0,0,0,0,289,2026-02-07 01:52:52.320852
ATB,58.82,58.81,58.83,50000000.0,50000000.0,0,0,0,0,0,0,0,0,0,0,0,0,0,0,0,0,0,0,0,0,0,0,0,0,0,0,289,2026-02-07 01:52:52.320852
SPK,55.58,55.57,55.59,50000000.0,50000000.0,0,0,0,0,0,0,0,0,0,0,0,0,0,0,0,0,0,0,0,0,0,0,0,0,0,0,289,2026-02-07 01:52:52.320852
EEC,56.06,56.05,56.07,50000000.0,50000000.0,0,0,0,0,0,0,0,0,0,0,0,0,0,0,0,0,0,0,0,0,0,0,0,0,0,0,289,2026-02-07 01:52:52.320852
TGX,43.45,43.44,43.46,50000000.0,50000000.0,0,0,0,0,0,0,0,0,0,0,0,0,0,0,0,0,0,0,0,0,0,0,0,0,0,0,290,2026-02-07 01:52:53.391406
PHR,49.51,49.5,49.52,50000000.0,50000000.0,0,0,0,0,0,0,0,0,0,0,0,0,0,0,0,0,0,0,0,0,0,0,0,0,0,0,290,2026-02-07 01:52:53.391406
BYL,45.04,45.03,45.05,50000000.0,50000000.0,0,0,0,0,0,0,0,0,0,0,0,0,0,0,0,0,0,0,0,0,0,0,0,0,0,0,290,2026-02-07 01:52:53.391406
CLD,71.25,71.24,71.26,50000000.0,50000000.0,0,0,0,0,0,0,0,0,0,0,0,0,0,0,0,0,0,0,0,0,0,0,0,0,0,0,290,2026-02-07 01:52:53.391406
GGD,31.2,31.19,31.21,50000000.0,50000000.0,0,0,0,0,0,0,0,0,0,0,0,0,0,0,0,0,0,0,0,0,0,0,0,0,0,0,290,2026-02-07 01:52:53.391406
PNR,58.7,58.69,58.71,50000000.0,50000000.0,0,0,0,0,0,0,0,0,0,0,0,0,0,0,0,0,0,0,0,0,0,0,0,0,0,0,290,2026-02-07 01:52:53.391406
FSR,31.42,31.41,31.43,50000000.0,50000000.0,0,0,0,0,0,0,0,0,0,0,0,0,0,0,0,0,0,0,0,0,0,0,0,0,0,0,290,2026-02-07 01:52:53.391406
ATB,58.94,58.93,58.95,50000000.0,50000000.0,0,0,0,0,0,0,0,0,0,0,0,0,0,0,0,0,0,0,0,0,0,0,0,0,0,0,290,2026-02-07 01:52:53.391406
SPK,55.53,55.52,55.54,50000000.0,50000000.0,0,0,0,0,0,0,0,0,0,0,0,0,0,0,0,0,0,0,0,0,0,0,0,0,0,0,290,2026-02-07 01:52:53.391406
EEC,55.96,55.95,55.97,50000000.0,50000000.0,0,0,0,0,0,0,0,0,0,0,0,0,0,0,0,0,0,0,0,0,0,0,0,0,0,0,290,2026-02-07 01:52:53.391406
TGX,43.46,43.45,43.47,50000000.0,50000000.0,0,0,0,0,0,0,0,0,0,0,0,0,0,0,0,0,0,0,0,0,0,0,0,0,0,0,291,2026-02-07 01:52:54.462676
PHR,49.7,49.69,49.71,50000000.0,50000000.0,0,0,0,0,0,0,0,0,0,0,0,0,0,0,0,0,0,0,0,0,0,0,0,0,0,0,291,2026-02-07 01:52:54.462676
BYL,45.02,45.01,45.03,50000000.0,50000000.0,0,0,0,0,0,0,0,0,0,0,0,0,0,0,0,0,0,0,0,0,0,0,0,0,0,0,291,2026-02-07 01:52:54.462676
CLD,71.27,71.26,71.28,50000000.0,50000000.0,0,0,0,0,0,0,0,0,0,0,0,0,0,0,0,0,0,0,0,0,0,0,0,0,0,0,291,2026-02-07 01:52:54.462676
GGD,31.16,31.15,31.17,50000000.0,50000000.0,0,0,0,0,0,0,0,0,0,0,0,0,0,0,0,0,0,0,0,0,0,0,0,0,0,0,291,2026-02-07 01:52:54.462676
PNR,58.45,58.44,58.46,50000000.0,50000000.0,0,0,0,0,0,0,0,0,0,0,0,0,0,0,0,0,0,0,0,0,0,0,0,0,0,0,291,2026-02-07 01:52:54.462676
FSR,31.41,31.4,31.42,50000000.0,50000000.0,0,0,0,0,0,0,0,0,0,0,0,0,0,0,0,0,0,0,0,0,0,0,0,0,0,0,291,2026-02-07 01:52:54.462676
ATB,59.04,59.03,59.05,50000000.0,50000000.0,0,0,0,0,0,0,0,0,0,0,0,0,0,0,0,0,0,0,0,0,0,0,0,0,0,0,291,2026-02-07 01:52:54.462676
SPK,55.61,55.6,55.62,50000000.0,50000000.0,0,0,0,0,0,0,0,0,0,0,0,0,0,0,0,0,0,0,0,0,0,0,0,0,0,0,291,2026-02-07 01:52:54.462676
EEC,56.15,56.14,56.16,50000000.0,50000000.0,0,0,0,0,0,0,0,0,0,0,0,0,0,0,0,0,0,0,0,0,0,0,0,0,0,0,291,2026-02-07 01:52:54.462676
TGX,43.46,43.45,43.47,50000000.0,50000000.0,0,0,0,0,0,0,0,0,0,0,0,0,0,0,0,0,0,0,0,0,0,0,0,0,0,0,292,2026-02-07 01:52:55.563396
PHR,49.73,49.72,49.74,50000000.0,50000000.0,0,0,0,0,0,0,0,0,0,0,0,0,0,0,0,0,0,0,0,0,0,0,0,0,0,0,292,2026-02-07 01:52:55.563396
BYL,44.91,44.9,44.92,50000000.0,50000000.0,0,0,0,0,0,0,0,0,0,0,0,0,0,0,0,0,0,0,0,0,0,0,0,0,0,0,292,2026-02-07 01:52:55.563396
CLD,71.1,71.09,71.11,50000000.0,50000000.0,0,0,0,0,0,0,0,0,0,0,0,0,0,0,0,0,0,0,0,0,0,0,0,0,0,0,292,2026-02-07 01:52:55.563396
GGD,31.04,31.03,31.05,50000000.0,50000000.0,0,0,0,0,0,0,0,0,0,0,0,0,0,0,0,0,0,0,0,0,0,0,0,0,0,0,292,2026-02-07 01:52:55.563396
PNR,58.2,58.19,58.21,50000000.0,50000000.0,0,0,0,0,0,0,0,0,0,0,0,0,0,0,0,0,0,0,0,0,0,0,0,0,0,0,292,2026-02-07 01:52:55.563396
FSR,31.41,31.4,31.42,50000000.0,50000000.0,0,0,0,0,0,0,0,0,0,0,0,0,0,0,0,0,0,0,0,0,0,0,0,0,0,0,292,2026-02-07 01:52:55.563396
ATB,59.17,59.16,59.18,50000000.0,50000000.0,0,0,0,0,0,0,0,0,0,0,0,0,0,0,0,0,0,0,0,0,0,0,0,0,0,0,292,2026-02-07 01:52:55.563396
SPK,55.76,55.75,55.77,50000000.0,50000000.0,0,0,0,0,0,0,0,0,0,0,0,0,0,0,0,0,0,0,0,0,0,0,0,0,0,0,292,2026-02-07 01:52:55.563396
EEC,56.45,56.44,56.46,50000000.0,50000000.0,0,0,0,0,0,0,0,0,0,0,0,0,0,0,0,0,0,0,0,0,0,0,0,0,0,0,292,2026-02-07 01:52:55.563396
TGX,43.48,43.47,43.49,50000000.0,50000000.0,0,0,0,0,0,0,0,0,0,0,0,0,0,0,0,0,0,0,0,0,0,0,0,0,0,0,293,2026-02-07 01:52:56.631584
PHR,49.86,49.85,49.87,50000000.0,50000000.0,0,0,0,0,0,0,0,0,0,0,0,0,0,0,0,0,0,0,0,0,0,0,0,0,0,0,293,2026-02-07 01:52:56.631584
BYL,45.02,45.01,45.03,50000000.0,50000000.0,0,0,0,0,0,0,0,0,0,0,0,0,0,0,0,0,0,0,0,0,0,0,0,0,0,0,293,2026-02-07 01:52:56.631584
CLD,71.34,71.33,71.35,50000000.0,50000000.0,0,0,0,0,0,0,0,0,0,0,0,0,0,0,0,0,0,0,0,0,0,0,0,0,0,0,293,2026-02-07 01:52:56.631584
GGD,31.05,31.04,31.06,50000000.0,50000000.0,0,0,0,0,0,0,0,0,0,0,0,0,0,0,0,0,0,0,0,0,0,0,0,0,0,0,293,2026-02-07 01:52:56.631584
PNR,58.18,58.17,58.19,50000000.0,50000000.0,0,0,0,0,0,0,0,0,0,0,0,0,0,0,0,0,0,0,0,0,0,0,0,0,0,0,293,2026-02-07 01:52:56.631584
FSR,31.42,31.41,31.43,50000000.0,50000000.0,0,0,0,0,0,0,0,0,0,0,0,0,0,0,0,0,0,0,0,0,0,0,0,0,0,0,293,2026-02-07 01:52:56.631584
ATB,59.22,59.21,59.23,50000000.0,50000000.0,0,0,0,0,0,0,0,0,0,0,0,0,0,0,0,0,0,0,0,0,0,0,0,0,0,0,293,2026-02-07 01:52:56.631584
SPK,55.69,55.68,55.7,50000000.0,50000000.0,0,0,0,0,0,0,0,0,0,0,0,0,0,0,0,0,0,0,0,0,0,0,0,0,0,0,293,2026-02-07 01:52:56.631584
EEC,56.23,56.22,56.24,50000000.0,50000000.0,0,0,0,0,0,0,0,0,0,0,0,0,0,0,0,0,0,0,0,0,0,0,0,0,0,0,293,2026-02-07 01:52:56.631584
TGX,43.47,43.46,43.48,50000000.0,50000000.0,0,0,0,0,0,0,0,0,0,0,0,0,0,0,0,0,0,0,0,0,0,0,0,0,0,0,294,2026-02-07 01:52:57.727393
PHR,49.96,49.95,49.97,50000000.0,50000000.0,0,0,0,0,0,0,0,0,0,0,0,0,0,0,0,0,0,0,0,0,0,0,0,0,0,0,294,2026-02-07 01:52:57.727393
BYL,45.35,45.34,45.36,50000000.0,50000000.0,0,0,0,0,0,0,0,0,0,0,0,0,0,0,0,0,0,0,0,0,0,0,0,0,0,0,294,2026-02-07 01:52:57.727393
CLD,72.01,72.0,72.02,50000000.0,50000000.0,0,0,0,0,0,0,0,0,0,0,0,0,0,0,0,0,0,0,0,0,0,0,0,0,0,0,294,2026-02-07 01:52:57.727393
GGD,31.11,31.1,31.12,50000000.0,50000000.0,0,0,0,0,0,0,0,0,0,0,0,0,0,0,0,0,0,0,0,0,0,0,0,0,0,0,294,2026-02-07 01:52:57.727393
PNR,58.3,58.29,58.31,50000000.0,50000000.0,0,0,0,0,0,0,0,0,0,0,0,0,0,0,0,0,0,0,0,0,0,0,0,0,0,0,294,2026-02-07 01:52:57.727393
FSR,31.39,31.38,31.4,50000000.0,50000000.0,0,0,0,0,0,0,0,0,0,0,0,0,0,0,0,0,0,0,0,0,0,0,0,0,0,0,294,2026-02-07 01:52:57.727393
ATB,59.07,59.06,59.08,50000000.0,50000000.0,0,0,0,0,0,0,0,0,0,0,0,0,0,0,0,0,0,0,0,0,0,0,0,0,0,0,294,2026-02-07 01:52:57.727393
SPK,55.65,55.64,55.66,50000000.0,50000000.0,0,0,0,0,0,0,0,0,0,0,0,0,0,0,0,0,0,0,0,0,0,0,0,0,0,0,294,2026-02-07 01:52:57.727393
EEC,56.14,56.13,56.15,50000000.0,50000000.0,0,0,0,0,0,0,0,0,0,0,0,0,0,0,0,0,0,0,0,0,0,0,0,0,0,0,294,2026-02-07 01:52:57.727393
TGX,43.44,43.43,43.45,50000000.0,50000000.0,0,0,0,0,0,0,0,0,0,0,0,0,0,0,0,0,0,0,0,0,0,0,0,0,0,0,295,2026-02-07 01:52:58.277665
PHR,49.87,49.86,49.88,50000000.0,50000000.0,0,0,0,0,0,0,0,0,0,0,0,0,0,0,0,0,0,0,0,0,0,0,0,0,0,0,295,2026-02-07 01:52:58.277665
BYL,45.43,45.42,45.44,50000000.0,50000000.0,0,0,0,0,0,0,0,0,0,0,0,0,0,0,0,0,0,0,0,0,0,0,0,0,0,0,295,2026-02-07 01:52:58.277665
CLD,72.17,72.16,72.18,50000000.0,50000000.0,0,0,0,0,0,0,0,0,0,0,0,0,0,0,0,0,0,0,0,0,0,0,0,0,0,0,295,2026-02-07 01:52:58.277665
GGD,31.05,31.04,31.06,50000000.0,50000000.0,0,0,0,0,0,0,0,0,0,0,0,0,0,0,0,0,0,0,0,0,0,0,0,0,0,0,295,2026-02-07 01:52:58.277665
PNR,58.37,58.36,58.38,50000000.0,50000000.0,0,0,0,0,0,0,0,0,0,0,0,0,0,0,0,0,0,0,0,0,0,0,0,0,0,0,295,2026-02-07 01:52:58.277665
FSR,31.36,31.35,31.37,50000000.0,50000000.0,0,0,0,0,0,0,0,0,0,0,0,0,0,0,0,0,0,0,0,0,0,0,0,0,0,0,295,2026-02-07 01:52:58.277665
ATB,59.22,59.21,59.23,50000000.0,50000000.0,0,0,0,0,0,0,0,0,0,0,0,0,0,0,0,0,0,0,0,0,0,0,0,0,0,0,295,2026-02-07 01:52:58.277665
SPK,55.71,55.7,55.72,50000000.0,50000000.0,0,0,0,0,0,0,0,0,0,0,0,0,0,0,0,0,0,0,0,0,0,0,0,0,0,0,295,2026-02-07 01:52:58.277665
EEC,56.26,56.25,56.27,50000000.0,50000000.0,0,0,0,0,0,0,0,0,0,0,0,0,0,0,0,0,0,0,0,0,0,0,0,0,0,0,295,2026-02-07 01:52:58.277665
TGX,43.4,43.39,43.41,50000000.0,50000000.0,0,0,0,0,0,0,0,0,0,0,0,0,0,0,0,0,0,0,0,0,0,0,0,0,0,0,296,2026-02-07 01:52:59.342562
PHR,49.86,49.85,49.87,50000000.0,50000000.0,0,0,0,0,0,0,0,0,0,0,0,0,0,0,0,0,0,0,0,0,0,0,0,0,0,0,296,2026-02-07 01:52:59.342562
BYL,45.32,45.31,45.33,50000000.0,50000000.0,0,0,0,0,0,0,0,0,0,0,0,0,0,0,0,0,0,0,0,0,0,0,0,0,0,0,296,2026-02-07 01:52:59.342562
CLD,72.03,72.02,72.04,50000000.0,50000000.0,0,0,0,0,0,0,0,0,0,0,0,0,0,0,0,0,0,0,0,0,0,0,0,0,0,0,296,2026-02-07 01:52:59.342562
GGD,31.04,31.03,31.05,50000000.0,50000000.0,0,0,0,0,0,0,0,0,0,0,0,0,0,0,0,0,0,0,0,0,0,0,0,0,0,0,296,2026-02-07 01:52:59.342562
PNR,58.12,58.11,58.13,50000000.0,50000000.0,0,0,0,0,0,0,0,0,0,0,0,0,0,0,0,0,0,0,0,0,0,0,0,0,0,0,296,2026-02-07 01:52:59.342562
FSR,31.42,31.41,31.43,50000000.0,50000000.0,0,0,0,0,0,0,0,0,0,0,0,0,0,0,0,0,0,0,0,0,0,0,0,0,0,0,296,2026-02-07 01:52:59.342562
ATB,59.25,59.24,59.26,50000000.0,50000000.0,0,0,0,0,0,0,0,0,0,0,0,0,0,0,0,0,0,0,0,0,0,0,0,0,0,0,296,2026-02-07 01:52:59.342562
SPK,55.75,55.74,55.76,50000000.0,50000000.0,0,0,0,0,0,0,0,0,0,0,0,0,0,0,0,0,0,0,0,0,0,0,0,0,0,0,296,2026-02-07 01:52:59.342562
EEC,56.4,56.39,56.41,50000000.0,50000000.0,0,0,0,0,0,0,0,0,0,0,0,0,0,0,0,0,0,0,0,0,0,0,0,0,0,0,296,2026-02-07 01:52:59.342562
TGX,43.39,43.38,43.4,50000000.0,50000000.0,0,0,0,0,0,0,0,0,0,0,0,0,0,0,0,0,0,0,0,0,0,0,0,0,0,0,297,2026-02-07 01:53:00.410154
PHR,49.86,49.85,49.87,50000000.0,50000000.0,0,0,0,0,0,0,0,0,0,0,0,0,0,0,0,0,0,0,0,0,0,0,0,0,0,0,297,2026-02-07 01:53:00.410154
BYL,45.38,45.37,45.39,50000000.0,50000000.0,0,0,0,0,0,0,0,0,0,0,0,0,0,0,0,0,0,0,0,0,0,0,0,0,0,0,297,2026-02-07 01:53:00.410154
CLD,72.1,72.09,72.11,50000000.0,50000000.0,0,0,0,0,0,0,0,0,0,0,0,0,0,0,0,0,0,0,0,0,0,0,0,0,0,0,297,2026-02-07 01:53:00.410154
GGD,31.12,31.11,31.13,50000000.0,50000000.0,0,0,0,0,0,0,0,0,0,0,0,0,0,0,0,0,0,0,0,0,0,0,0,0,0,0,297,2026-02-07 01:53:00.410154
PNR,58.2,58.19,58.21,50000000.0,50000000.0,0,0,0,0,0,0,0,0,0,0,0,0,0,0,0,0,0,0,0,0,0,0,0,0,0,0,297,2026-02-07 01:53:00.410154
FSR,31.42,31.41,31.43,50000000.0,50000000.0,0,0,0,0,0,0,0,0,0,0,0,0,0,0,0,0,0,0,0,0,0,0,0,0,0,0,297,2026-02-07 01:53:00.410154
ATB,59.04,59.03,59.05,50000000.0,50000000.0,0,0,0,0,0,0,0,0,0,0,0,0,0,0,0,0,0,0,0,0,0,0,0,0,0,0,297,2026-02-07 01:53:00.410154
SPK,55.88,55.87,55.89,50000000.0,50000000.0,0,0,0,0,0,0,0,0,0,0,0,0,0,0,0,0,0,0,0,0,0,0,0,0,0,0,297,2026-02-07 01:53:00.410154
EEC,56.63,56.62,56.64,50000000.0,50000000.0,0,0,0,0,0,0,0,0,0,0,0,0,0,0,0,0,0,0,0,0,0,0,0,0,0,0,297,2026-02-07 01:53:00.410154
TGX,43.41,43.4,43.42,50000000.0,50000000.0,0,0,0,0,0,0,0,0,0,0,0,0,0,0,0,0,0,0,0,0,0,0,0,0,0,0,298,2026-02-07 01:53:01.476600,27.0,1.0,297.0,D1-TGX/PHR,FTC Staff Holds Technical Working Session,"Staff from the FTC convened a technical working session with advisors to both Targenix and Pharmaco to discuss outstanding questions regarding the proposed transaction. The agenda and tone of the meeting have not been disclosed. Some regulatory specialists interpret the session as constructive engagement, while others note that such meetings can also precede formal requests for additional information or remedies."
PHR,49.84,49.83,49.85,50000000.0,50000000.0,0,0,0,0,0,0,0,0,0,0,0,0,0,0,0,0,0,0,0,0,0,0,0,0,0,0,298,2026-02-07 01:53:01.476600,,,,,,
BYL,45.64,45.63,45.65,50000000.0,50000000.0,0,0,0,0,0,0,0,0,0,0,0,0,0,0,0,0,0,0,0,0,0,0,0,0,0,0,298,2026-02-07 01:53:01.476600,,,,,,
CLD,72.6,72.59,72.61,50000000.0,50000000.0,0,0,0,0,0,0,0,0,0,0,0,0,0,0,0,0,0,0,0,0,0,0,0,0,0,0,298,2026-02-07 01:53:01.476600,,,,,,
GGD,31.14,31.13,31.15,50000000.0,50000000.0,0,0,0,0,0,0,0,0,0,0,0,0,0,0,0,0,0,0,0,0,0,0,0,0,0,0,298,2026-02-07 01:53:01.476600,,,,,,
PNR,58.33,58.32,58.34,50000000.0,50000000.0,0,0,0,0,0,0,0,0,0,0,0,0,0,0,0,0,0,0,0,0,0,0,0,0,0,0,298,2026-02-07 01:53:01.476600,,,,,,
FSR,31.44,31.43,31.45,50000000.0,50000000.0,0,0,0,0,0,0,0,0,0,0,0,0,0,0,0,0,0,0,0,0,0,0,0,0,0,0,298,2026-02-07 01:53:01.476600,,,,,,
ATB,58.97,58.96,58.98,50000000.0,50000000.0,0,0,0,0,0,0,0,0,0,0,0,0,0,0,0,0,0,0,0,0,0,0,0,0,0,0,298,2026-02-07 01:53:01.476600,,,,,,
SPK,55.75,55.74,55.76,50000000.0,50000000.0,0,0,0,0,0,0,0,0,0,0,0,0,0,0,0,0,0,0,0,0,0,0,0,0,0,0,298,2026-02-07 01:53:01.476600,,,,,,
EEC,56.31,56.3,56.32,50000000.0,50000000.0,0,0,0,0,0,0,0,0,0,0,0,0,0,0,0,0,0,0,0,0,0,0,0,0,0,0,298,2026-02-07 01:53:01.476600,,,,,,
TGX,43.38,43.37,43.39,50000000.0,50000000.0,0,0,0,0,0,0,0,0,0,0,0,0,0,0,0,0,0,0,0,0,0,0,0,0,0,0,299,2026-02-07 01:53:02.591699,28.0,1.0,298.0,D1-TGX/PHR,Pharmaco Reports Strong Quarterly Earnings,"Better-than-expected Q2 results strengthen PHR's balance sheet and reduce financing concerns, with free cash flow up 18% year-over-year."
PHR,50.14,50.13,50.15,50000000.0,50000000.0,0,0,0,0,0,0,0,0,0,0,0,0,0,0,0,0,0,0,0,0,0,0,0,0,0,0,299,2026-02-07 01:53:02.591699,,,,,,
BYL,45.62,45.61,45.63,50000000.0,50000000.0,0,0,0,0,0,0,0,0,0,0,0,0,0,0,0,0,0,0,0,0,0,0,0,0,0,0,299,2026-02-07 01:53:02.591699,,,,,,
CLD,72.5,72.49,72.51,50000000.0,50000000.0,0,0,0,0,0,0,0,0,0,0,0,0,0,0,0,0,0,0,0,0,0,0,0,0,0,0,299,2026-02-07 01:53:02.591699,,,,,,
GGD,31.12,31.11,31.13,50000000.0,50000000.0,0,0,0,0,0,0,0,0,0,0,0,0,0,0,0,0,0,0,0,0,0,0,0,0,0,0,299,2026-02-07 01:53:02.591699,,,,,,
PNR,58.22,58.21,58.23,50000000.0,50000000.0,0,0,0,0,0,0,0,0,0,0,0,0,0,0,0,0,0,0,0,0,0,0,0,0,0,0,299,2026-02-07 01:53:02.591699,,,,,,
FSR,31.37,31.36,31.38,50000000.0,50000000.0,0,0,0,0,0,0,0,0,0,0,0,0,0,0,0,0,0,0,0,0,0,0,0,0,0,0,299,2026-02-07 01:53:02.591699,,,,,,
ATB,58.81,58.8,58.82,50000000.0,50000000.0,0,0,0,0,0,0,0,0,0,0,0,0,0,0,0,0,0,0,0,0,0,0,0,0,0,0,299,2026-02-07 01:53:02.591699,,,,,,
SPK,55.71,55.7,55.72,50000000.0,50000000.0,0,0,0,0,0,0,0,0,0,0,0,0,0,0,0,0,0,0,0,0,0,0,0,0,0,0,299,2026-02-07 01:53:02.591699,,,,,,
EEC,56.28,56.27,56.29,50000000.0,50000000.0,0,0,0,0,0,0,0,0,0,0,0,0,0,0,0,0,0,0,0,0,0,0,0,0,0,0,299,2026-02-07 01:53:02.591699,,,,,,
TGX,43.35,43.34,43.36,50000000.0,50000000.0,0,0,0,0,0,0,0,0,0,0,0,0,0,0,0,0,0,0,0,0,0,0,0,0,0,0,300,2026-02-07 01:53:03.676191
PHR,50.12,50.11,50.13,50000000.0,50000000.0,0,0,0,0,0,0,0,0,0,0,0,0,0,0,0,0,0,0,0,0,0,0,0,0,0,0,300,2026-02-07 01:53:03.676191
BYL,45.83,45.82,45.84,50000000.0,50000000.0,0,0,0,0,0,0,0,0,0,0,0,0,0,0,0,0,0,0,0,0,0,0,0,0,0,0,300,2026-02-07 01:53:03.676191
CLD,72.85,72.84,72.86,50000000.0,50000000.0,0,0,0,0,0,0,0,0,0,0,0,0,0,0,0,0,0,0,0,0,0,0,0,0,0,0,300,2026-02-07 01:53:03.676191
GGD,31.17,31.16,31.18,50000000.0,50000000.0,0,0,0,0,0,0,0,0,0,0,0,0,0,0,0,0,0,0,0,0,0,0,0,0,0,0,300,2026-02-07 01:53:03.676191
PNR,58.22,58.21,58.23,50000000.0,50000000.0,0,0,0,0,0,0,0,0,0,0,0,0,0,0,0,0,0,0,0,0,0,0,0,0,0,0,300,2026-02-07 01:53:03.676191
FSR,31.32,31.31,31.33,50000000.0,50000000.0,0,0,0,0,0,0,0,0,0,0,0,0,0,0,0,0,0,0,0,0,0,0,0,0,0,0,300,2026-02-07 01:53:03.676191
ATB,58.47,58.46,58.48,50000000.0,50000000.0,0,0,0,0,0,0,0,0,0,0,0,0,0,0,0,0,0,0,0,0,0,0,0,0,0,0,300,2026-02-07 01:53:03.676191
SPK,55.77,55.76,55.78,50000000.0,50000000.0,0,0,0,0,0,0,0,0,0,0,0,0,0,0,0,0,0,0,0,0,0,0,0,0,0,0,300,2026-02-07 01:53:03.676191
EEC,56.38,56.37,56.39,50000000.0,50000000.0,0,0,0,0,0,0,0,0,0,0,0,0,0,0,0,0,0,0,0,0,0,0,0,0,0,0,300,2026-02-07 01:53:03.676191
TGX,43.38,43.37,43.39,50000000.0,50000000.0,0,0,0,0,0,0,0,0,0,0,0,0,0,0,0,0,0,0,0,0,0,0,0,0,0,0,301,2026-02-07 01:53:04.741665,30.0,1.0,300.0,D2-BYL/CLD,Third-Party Regulatory Analysis Published,"An independent regulatory research firm has published a detailed analysis of the ByteLayer/CloudSys transaction's competitive implications in the enterprise cloud infrastructure market. The report reaches mixed conclusions, identifying potential consumer benefits from operational synergies alongside concerns about reduced competitive alternatives. The analysis has been circulated among regulatory staff, though its influence on the formal review remains uncertain."
PHR,49.91,49.9,49.92,50000000.0,50000000.0,0,0,0,0,0,0,0,0,0,0,0,0,0,0,0,0,0,0,0,0,0,0,0,0,0,0,301,2026-02-07 01:53:04.741665,29.0,1.0,300.0,D2-BYL/CLD,Share Buyback Program Announced,CloudSys announces accelerated share buyback to support stock price and improve exchange ratio dynamics.
BYL,45.45,45.44,45.46,50000000.0,50000000.0,0,0,0,0,0,0,0,0,0,0,0,0,0,0,0,0,0,0,0,0,0,0,0,0,0,0,301,2026-02-07 01:53:04.741665,,,,,,
CLD,72.15,72.14,72.16,50000000.0,50000000.0,0,0,0,0,0,0,0,0,0,0,0,0,0,0,0,0,0,0,0,0,0,0,0,0,0,0,301,2026-02-07 01:53:04.741665,,,,,,
GGD,31.21,31.2,31.22,50000000.0,50000000.0,0,0,0,0,0,0,0,0,0,0,0,0,0,0,0,0,0,0,0,0,0,0,0,0,0,0,301,2026-02-07 01:53:04.741665,,,,,,
PNR,58.1,58.09,58.11,50000000.0,50000000.0,0,0,0,0,0,0,0,0,0,0,0,0,0,0,0,0,0,0,0,0,0,0,0,0,0,0,301,2026-02-07 01:53:04.741665,,,,,,
FSR,31.31,31.3,31.32,50000000.0,50000000.0,0,0,0,0,0,0,0,0,0,0,0,0,0,0,0,0,0,0,0,0,0,0,0,0,0,0,301,2026-02-07 01:53:04.741665,,,,,,
ATB,58.62,58.61,58.63,50000000.0,50000000.0,0,0,0,0,0,0,0,0,0,0,0,0,0,0,0,0,0,0,0,0,0,0,0,0,0,0,301,2026-02-07 01:53:04.741665,,,,,,
SPK,55.91,55.9,55.92,50000000.0,50000000.0,0,0,0,0,0,0,0,0,0,0,0,0,0,0,0,0,0,0,0,0,0,0,0,0,0,0,301,2026-02-07 01:53:04.741665,,,,,,
EEC,56.59,56.58,56.6,50000000.0,50000000.0,0,0,0,0,0,0,0,0,0,0,0,0,0,0,0,0,0,0,0,0,0,0,0,0,0,0,301,2026-02-07 01:53:04.741665,,,,,,
TGX,43.34,43.33,43.35,50000000.0,50000000.0,0,0,0,0,0,0,0,0,0,0,0,0,0,0,0,0,0,0,0,0,0,0,0,0,0,0,302,2026-02-07 01:53:05.296475,31.0,1.0,301.0,D4-FSR/ATB,Integration Planning Commences,"Day-one readiness teams established for systems, operations, compliance, and customer service."
PHR,50.11,50.1,50.12,50000000.0,50000000.0,0,0,0,0,0,0,0,0,0,0,0,0,0,0,0,0,0,0,0,0,0,0,0,0,0,0,302,2026-02-07 01:53:05.296475,,,,,,
BYL,45.57,45.56,45.58,50000000.0,50000000.0,0,0,0,0,0,0,0,0,0,0,0,0,0,0,0,0,0,0,0,0,0,0,0,0,0,0,302,2026-02-07 01:53:05.296475,,,,,,
CLD,72.31,72.3,72.32,50000000.0,50000000.0,0,0,0,0,0,0,0,0,0,0,0,0,0,0,0,0,0,0,0,0,0,0,0,0,0,0,302,2026-02-07 01:53:05.296475,,,,,,
GGD,31.2,31.19,31.21,50000000.0,50000000.0,0,0,0,0,0,0,0,0,0,0,0,0,0,0,0,0,0,0,0,0,0,0,0,0,0,0,302,2026-02-07 01:53:05.296475,,,,,,
PNR,57.92,57.91,57.93,50000000.0,50000000.0,0,0,0,0,0,0,0,0,0,0,0,0,0,0,0,0,0,0,0,0,0,0,0,0,0,0,302,2026-02-07 01:53:05.296475,,,,,,
FSR,31.26,31.25,31.27,50000000.0,50000000.0,0,0,0,0,0,0,0,0,0,0,0,0,0,0,0,0,0,0,0,0,0,0,0,0,0,0,302,2026-02-07 01:53:05.296475,,,,,,
ATB,58.66,58.65,58.67,50000000.0,50000000.0,0,0,0,0,0,0,0,0,0,0,0,0,0,0,0,0,0,0,0,0,0,0,0,0,0,0,302,2026-02-07 01:53:05.296475,,,,,,
SPK,56.08,56.07,56.09,50000000.0,50000000.0,0,0,0,0,0,0,0,0,0,0,0,0,0,0,0,0,0,0,0,0,0,0,0,0,0,0,302,2026-02-07 01:53:05.296475,,,,,,
EEC,56.91,56.9,56.92,50000000.0,50000000.0,0,0,0,0,0,0,0,0,0,0,0,0,0,0,0,0,0,0,0,0,0,0,0,0,0,0,302,2026-02-07 01:53:05.296475,,,,,,
TGX,43.4,43.39,43.41,50000000.0,50000000.0,0,0,0,0,0,0,0,0,0,0,0,0,0,0,0,0,0,0,0,0,0,0,0,0,0,0,303,2026-02-07 01:53:06.358962
PHR,50.1,50.09,50.11,50000000.0,50000000.0,0,0,0,0,0,0,0,0,0,0,0,0,0,0,0,0,0,0,0,0,0,0,0,0,0,0,303,2026-02-07 01:53:06.358962
BYL,45.58,45.57,45.59,50000000.0,50000000.0,0,0,0,0,0,0,0,0,0,0,0,0,0,0,0,0,0,0,0,0,0,0,0,0,0,0,303,2026-02-07 01:53:06.358962
CLD,72.34,72.33,72.35,50000000.0,50000000.0,0,0,0,0,0,0,0,0,0,0,0,0,0,0,0,0,0,0,0,0,0,0,0,0,0,0,303,2026-02-07 01:53:06.358962
GGD,31.26,31.25,31.27,50000000.0,50000000.0,0,0,0,0,0,0,0,0,0,0,0,0,0,0,0,0,0,0,0,0,0,0,0,0,0,0,303,2026-02-07 01:53:06.358962
PNR,57.74,57.73,57.75,50000000.0,50000000.0,0,0,0,0,0,0,0,0,0,0,0,0,0,0,0,0,0,0,0,0,0,0,0,0,0,0,303,2026-02-07 01:53:06.358962
FSR,31.26,31.25,31.27,50000000.0,50000000.0,0,0,0,0,0,0,0,0,0,0,0,0,0,0,0,0,0,0,0,0,0,0,0,0,0,0,303,2026-02-07 01:53:06.358962
ATB,58.67,58.66,58.68,50000000.0,50000000.0,0,0,0,0,0,0,0,0,0,0,0,0,0,0,0,0,0,0,0,0,0,0,0,0,0,0,303,2026-02-07 01:53:06.358962
SPK,55.9,55.89,55.91,50000000.0,50000000.0,0,0,0,0,0,0,0,0,0,0,0,0,0,0,0,0,0,0,0,0,0,0,0,0,0,0,303,2026-02-07 01:53:06.358962
EEC,56.54,56.53,56.55,50000000.0,50000000.0,0,0,0,0,0,0,0,0,0,0,0,0,0,0,0,0,0,0,0,0,0,0,0,0,0,0,303,2026-02-07 01:53:06.358962
TGX,43.45,43.44,43.46,50000000.0,50000000.0,0,0,0,0,0,0,0,0,0,0,0,0,0,0,0,0,0,0,0,0,0,0,0,0,0,0,304,2026-02-07 01:53:07.425818
PHR,49.97,49.96,49.98,50000000.0,50000000.0,0,0,0,0,0,0,0,0,0,0,0,0,0,0,0,0,0,0,0,0,0,0,0,0,0,0,304,2026-02-07 01:53:07.425818
BYL,46.03,46.02,46.04,50000000.0,50000000.0,0,0,0,0,0,0,0,0,0,0,0,0,0,0,0,0,0,0,0,0,0,0,0,0,0,0,304,2026-02-07 01:53:07.425818
CLD,73.11,73.1,73.12,50000000.0,50000000.0,0,0,0,0,0,0,0,0,0,0,0,0,0,0,0,0,0,0,0,0,0,0,0,0,0,0,304,2026-02-07 01:53:07.425818
GGD,31.3,31.29,31.31,50000000.0,50000000.0,0,0,0,0,0,0,0,0,0,0,0,0,0,0,0,0,0,0,0,0,0,0,0,0,0,0,304,2026-02-07 01:53:07.425818
PNR,57.77,57.76,57.78,50000000.0,50000000.0,0,0,0,0,0,0,0,0,0,0,0,0,0,0,0,0,0,0,0,0,0,0,0,0,0,0,304,2026-02-07 01:53:07.425818
FSR,31.26,31.25,31.27,50000000.0,50000000.0,0,0,0,0,0,0,0,0,0,0,0,0,0,0,0,0,0,0,0,0,0,0,0,0,0,0,304,2026-02-07 01:53:07.425818
ATB,58.78,58.77,58.79,50000000.0,50000000.0,0,0,0,0,0,0,0,0,0,0,0,0,0,0,0,0,0,0,0,0,0,0,0,0,0,0,304,2026-02-07 01:53:07.425818
SPK,55.91,55.9,55.92,50000000.0,50000000.0,0,0,0,0,0,0,0,0,0,0,0,0,0,0,0,0,0,0,0,0,0,0,0,0,0,0,304,2026-02-07 01:53:07.425818
EEC,56.62,56.61,56.63,50000000.0,50000000.0,0,0,0,0,0,0,0,0,0,0,0,0,0,0,0,0,0,0,0,0,0,0,0,0,0,0,304,2026-02-07 01:53:07.425818
TGX,43.48,43.47,43.49,50000000.0,50000000.0,0,0,0,0,0,0,0,0,0,0,0,0,0,0,0,0,0,0,0,0,0,0,0,0,0,0,305,2026-02-07 01:53:08.523065
PHR,50.06,50.05,50.07,50000000.0,50000000.0,0,0,0,0,0,0,0,0,0,0,0,0,0,0,0,0,0,0,0,0,0,0,0,0,0,0,305,2026-02-07 01:53:08.523065
BYL,46.28,46.27,46.29,50000000.0,50000000.0,0,0,0,0,0,0,0,0,0,0,0,0,0,0,0,0,0,0,0,0,0,0,0,0,0,0,305,2026-02-07 01:53:08.523065
CLD,73.7,73.69,73.71,50000000.0,50000000.0,0,0,0,0,0,0,0,0,0,0,0,0,0,0,0,0,0,0,0,0,0,0,0,0,0,0,305,2026-02-07 01:53:08.523065
GGD,31.27,31.26,31.28,50000000.0,50000000.0,0,0,0,0,0,0,0,0,0,0,0,0,0,0,0,0,0,0,0,0,0,0,0,0,0,0,305,2026-02-07 01:53:08.523065
PNR,57.54,57.53,57.55,50000000.0,50000000.0,0,0,0,0,0,0,0,0,0,0,0,0,0,0,0,0,0,0,0,0,0,0,0,0,0,0,305,2026-02-07 01:53:08.523065
FSR,31.25,31.24,31.26,50000000.0,50000000.0,0,0,0,0,0,0,0,0,0,0,0,0,0,0,0,0,0,0,0,0,0,0,0,0,0,0,305,2026-02-07 01:53:08.523065
ATB,58.85,58.84,58.86,50000000.0,50000000.0,0,0,0,0,0,0,0,0,0,0,0,0,0,0,0,0,0,0,0,0,0,0,0,0,0,0,305,2026-02-07 01:53:08.523065
SPK,56.0,55.99,56.01,50000000.0,50000000.0,0,0,0,0,0,0,0,0,0,0,0,0,0,0,0,0,0,0,0,0,0,0,0,0,0,0,305,2026-02-07 01:53:08.523065
EEC,56.74,56.73,56.75,50000000.0,50000000.0,0,0,0,0,0,0,0,0,0,0,0,0,0,0,0,0,0,0,0,0,0,0,0,0,0,0,305,2026-02-07 01:53:08.523065
TGX,43.49,43.48,43.5,50000000.0,50000000.0,0,0,0,0,0,0,0,0,0,0,0,0,0,0,0,0,0,0,0,0,0,0,0,0,0,0,306,2026-02-07 01:53:09.611276
PHR,50.05,50.04,50.06,50000000.0,50000000.0,0,0,0,0,0,0,0,0,0,0,0,0,0,0,0,0,0,0,0,0,0,0,0,0,0,0,306,2026-02-07 01:53:09.611276
BYL,46.22,46.21,46.23,50000000.0,50000000.0,0,0,0,0,0,0,0,0,0,0,0,0,0,0,0,0,0,0,0,0,0,0,0,0,0,0,306,2026-02-07 01:53:09.611276
CLD,73.67,73.66,73.68,50000000.0,50000000.0,0,0,0,0,0,0,0,0,0,0,0,0,0,0,0,0,0,0,0,0,0,0,0,0,0,0,306,2026-02-07 01:53:09.611276
GGD,31.29,31.28,31.3,50000000.0,50000000.0,0,0,0,0,0,0,0,0,0,0,0,0,0,0,0,0,0,0,0,0,0,0,0,0,0,0,306,2026-02-07 01:53:09.611276
PNR,57.58,57.57,57.59,50000000.0,50000000.0,0,0,0,0,0,0,0,0,0,0,0,0,0,0,0,0,0,0,0,0,0,0,0,0,0,0,306,2026-02-07 01:53:09.611276
FSR,31.24,31.23,31.25,50000000.0,50000000.0,0,0,0,0,0,0,0,0,0,0,0,0,0,0,0,0,0,0,0,0,0,0,0,0,0,0,306,2026-02-07 01:53:09.611276
ATB,58.8,58.79,58.81,50000000.0,50000000.0,0,0,0,0,0,0,0,0,0,0,0,0,0,0,0,0,0,0,0,0,0,0,0,0,0,0,306,2026-02-07 01:53:09.611276
SPK,56.06,56.05,56.07,50000000.0,50000000.0,0,0,0,0,0,0,0,0,0,0,0,0,0,0,0,0,0,0,0,0,0,0,0,0,0,0,306,2026-02-07 01:53:09.611276
EEC,56.81,56.8,56.82,50000000.0,50000000.0,0,0,0,0,0,0,0,0,0,0,0,0,0,0,0,0,0,0,0,0,0,0,0,0,0,0,306,2026-02-07 01:53:09.611276
TGX,43.5,43.49,43.51,50000000.0,50000000.0,0,0,0,0,0,0,0,0,0,0,0,0,0,0,0,0,0,0,0,0,0,0,0,0,0,0,307,2026-02-07 01:53:10.699877
PHR,49.81,49.8,49.82,50000000.0,50000000.0,0,0,0,0,0,0,0,0,0,0,0,0,0,0,0,0,0,0,0,0,0,0,0,0,0,0,307,2026-02-07 01:53:10.699877
BYL,46.41,46.4,46.42,50000000.0,50000000.0,0,0,0,0,0,0,0,0,0,0,0,0,0,0,0,0,0,0,0,0,0,0,0,0,0,0,307,2026-02-07 01:53:10.699877
CLD,74.0,73.99,74.01,50000000.0,50000000.0,0,0,0,0,0,0,0,0,0,0,0,0,0,0,0,0,0,0,0,0,0,0,0,0,0,0,307,2026-02-07 01:53:10.699877
GGD,31.27,31.26,31.28,50000000.0,50000000.0,0,0,0,0,0,0,0,0,0,0,0,0,0,0,0,0,0,0,0,0,0,0,0,0,0,0,307,2026-02-07 01:53:10.699877
PNR,57.77,57.76,57.78,50000000.0,50000000.0,0,0,0,0,0,0,0,0,0,0,0,0,0,0,0,0,0,0,0,0,0,0,0,0,0,0,307,2026-02-07 01:53:10.699877
FSR,31.31,31.3,31.32,50000000.0,50000000.0,0,0,0,0,0,0,0,0,0,0,0,0,0,0,0,0,0,0,0,0,0,0,0,0,0,0,307,2026-02-07 01:53:10.699877
ATB,58.82,58.81,58.83,50000000.0,50000000.0,0,0,0,0,0,0,0,0,0,0,0,0,0,0,0,0,0,0,0,0,0,0,0,0,0,0,307,2026-02-07 01:53:10.699877
SPK,55.98,55.97,55.99,50000000.0,50000000.0,0,0,0,0,0,0,0,0,0,0,0,0,0,0,0,0,0,0,0,0,0,0,0,0,0,0,307,2026-02-07 01:53:10.699877
EEC,56.6,56.59,56.61,50000000.0,50000000.0,0,0,0,0,0,0,0,0,0,0,0,0,0,0,0,0,0,0,0,0,0,0,0,0,0,0,307,2026-02-07 01:53:10.699877
TGX,43.5,43.49,43.51,50000000.0,50000000.0,0,0,0,0,0,0,0,0,0,0,0,0,0,0,0,0,0,0,0,0,0,0,0,0,0,0,308,2026-02-07 01:53:11.754364
PHR,49.84,49.83,49.85,50000000.0,50000000.0,0,0,0,0,0,0,0,0,0,0,0,0,0,0,0,0,0,0,0,0,0,0,0,0,0,0,308,2026-02-07 01:53:11.754364
BYL,46.48,46.47,46.49,50000000.0,50000000.0,0,0,0,0,0,0,0,0,0,0,0,0,0,0,0,0,0,0,0,0,0,0,0,0,0,0,308,2026-02-07 01:53:11.754364
CLD,74.24,74.23,74.25,50000000.0,50000000.0,0,0,0,0,0,0,0,0,0,0,0,0,0,0,0,0,0,0,0,0,0,0,0,0,0,0,308,2026-02-07 01:53:11.754364
GGD,31.31,31.3,31.32,50000000.0,50000000.0,0,0,0,0,0,0,0,0,0,0,0,0,0,0,0,0,0,0,0,0,0,0,0,0,0,0,308,2026-02-07 01:53:11.754364
PNR,57.98,57.97,57.99,50000000.0,50000000.0,0,0,0,0,0,0,0,0,0,0,0,0,0,0,0,0,0,0,0,0,0,0,0,0,0,0,308,2026-02-07 01:53:11.754364
FSR,31.25,31.24,31.26,50000000.0,50000000.0,0,0,0,0,0,0,0,0,0,0,0,0,0,0,0,0,0,0,0,0,0,0,0,0,0,0,308,2026-02-07 01:53:11.754364
ATB,58.88,58.87,58.89,50000000.0,50000000.0,0,0,0,0,0,0,0,0,0,0,0,0,0,0,0,0,0,0,0,0,0,0,0,0,0,0,308,2026-02-07 01:53:11.754364
SPK,55.97,55.96,55.98,50000000.0,50000000.0,0,0,0,0,0,0,0,0,0,0,0,0,0,0,0,0,0,0,0,0,0,0,0,0,0,0,308,2026-02-07 01:53:11.754364
EEC,56.6,56.59,56.61,50000000.0,50000000.0,0,0,0,0,0,0,0,0,0,0,0,0,0,0,0,0,0,0,0,0,0,0,0,0,0,0,308,2026-02-07 01:53:11.754364
TGX,43.47,43.46,43.48,50000000.0,50000000.0,0,0,0,0,0,0,0,0,0,0,0,0,0,0,0,0,0,0,0,0,0,0,0,0,0,0,309,2026-02-07 01:53:12.331983
PHR,49.69,49.68,49.7,50000000.0,50000000.0,0,0,0,0,0,0,0,0,0,0,0,0,0,0,0,0,0,0,0,0,0,0,0,0,0,0,309,2026-02-07 01:53:12.331983
BYL,46.6,46.59,46.61,50000000.0,50000000.0,0,0,0,0,0,0,0,0,0,0,0,0,0,0,0,0,0,0,0,0,0,0,0,0,0,0,309,2026-02-07 01:53:12.331983
CLD,74.44,74.43,74.45,50000000.0,50000000.0,0,0,0,0,0,0,0,0,0,0,0,0,0,0,0,0,0,0,0,0,0,0,0,0,0,0,309,2026-02-07 01:53:12.331983
GGD,31.28,31.27,31.29,50000000.0,50000000.0,0,0,0,0,0,0,0,0,0,0,0,0,0,0,0,0,0,0,0,0,0,0,0,0,0,0,309,2026-02-07 01:53:12.331983
PNR,57.96,57.95,57.97,50000000.0,50000000.0,0,0,0,0,0,0,0,0,0,0,0,0,0,0,0,0,0,0,0,0,0,0,0,0,0,0,309,2026-02-07 01:53:12.331983
FSR,31.23,31.22,31.24,50000000.0,50000000.0,0,0,0,0,0,0,0,0,0,0,0,0,0,0,0,0,0,0,0,0,0,0,0,0,0,0,309,2026-02-07 01:53:12.331983
ATB,58.67,58.66,58.68,50000000.0,50000000.0,0,0,0,0,0,0,0,0,0,0,0,0,0,0,0,0,0,0,0,0,0,0,0,0,0,0,309,2026-02-07 01:53:12.331983
SPK,55.9,55.89,55.91,50000000.0,50000000.0,0,0,0,0,0,0,0,0,0,0,0,0,0,0,0,0,0,0,0,0,0,0,0,0,0,0,309,2026-02-07 01:53:12.331983
EEC,56.48,56.47,56.49,50000000.0,50000000.0,0,0,0,0,0,0,0,0,0,0,0,0,0,0,0,0,0,0,0,0,0,0,0,0,0,0,309,2026-02-07 01:53:12.331983
TGX,43.45,43.44,43.46,50000000.0,50000000.0,0,0,0,0,0,0,0,0,0,0,0,0,0,0,0,0,0,0,0,0,0,0,0,0,0,0,310,2026-02-07 01:53:13.428760
PHR,50.07,50.06,50.08,50000000.0,50000000.0,0,0,0,0,0,0,0,0,0,0,0,0,0,0,0,0,0,0,0,0,0,0,0,0,0,0,310,2026-02-07 01:53:13.428760
BYL,46.53,46.52,46.54,50000000.0,50000000.0,0,0,0,0,0,0,0,0,0,0,0,0,0,0,0,0,0,0,0,0,0,0,0,0,0,0,310,2026-02-07 01:53:13.428760
CLD,74.34,74.33,74.35,50000000.0,50000000.0,0,0,0,0,0,0,0,0,0,0,0,0,0,0,0,0,0,0,0,0,0,0,0,0,0,0,310,2026-02-07 01:53:13.428760
GGD,31.29,31.28,31.3,50000000.0,50000000.0,0,0,0,0,0,0,0,0,0,0,0,0,0,0,0,0,0,0,0,0,0,0,0,0,0,0,310,2026-02-07 01:53:13.428760
PNR,57.78,57.77,57.79,50000000.0,50000000.0,0,0,0,0,0,0,0,0,0,0,0,0,0,0,0,0,0,0,0,0,0,0,0,0,0,0,310,2026-02-07 01:53:13.428760
FSR,31.22,31.21,31.23,50000000.0,50000000.0,0,0,0,0,0,0,0,0,0,0,0,0,0,0,0,0,0,0,0,0,0,0,0,0,0,0,310,2026-02-07 01:53:13.428760
ATB,58.67,58.66,58.68,50000000.0,50000000.0,0,0,0,0,0,0,0,0,0,0,0,0,0,0,0,0,0,0,0,0,0,0,0,0,0,0,310,2026-02-07 01:53:13.428760
SPK,55.86,55.85,55.87,50000000.0,50000000.0,0,0,0,0,0,0,0,0,0,0,0,0,0,0,0,0,0,0,0,0,0,0,0,0,0,0,310,2026-02-07 01:53:13.428760
EEC,56.28,56.27,56.29,50000000.0,50000000.0,0,0,0,0,0,0,0,0,0,0,0,0,0,0,0,0,0,0,0,0,0,0,0,0,0,0,310,2026-02-07 01:53:13.428760
TGX,43.49,43.48,43.5,50000000.0,50000000.0,0,0,0,0,0,0,0,0,0,0,0,0,0,0,0,0,0,0,0,0,0,0,0,0,0,0,311,2026-02-07 01:53:14.498008
PHR,50.3,50.29,50.31,50000000.0,50000000.0,0,0,0,0,0,0,0,0,0,0,0,0,0,0,0,0,0,0,0,0,0,0,0,0,0,0,311,2026-02-07 01:53:14.498008
BYL,46.48,46.47,46.49,50000000.0,50000000.0,0,0,0,0,0,0,0,0,0,0,0,0,0,0,0,0,0,0,0,0,0,0,0,0,0,0,311,2026-02-07 01:53:14.498008
CLD,74.25,74.24,74.26,50000000.0,50000000.0,0,0,0,0,0,0,0,0,0,0,0,0,0,0,0,0,0,0,0,0,0,0,0,0,0,0,311,2026-02-07 01:53:14.498008
GGD,31.2,31.19,31.21,50000000.0,50000000.0,0,0,0,0,0,0,0,0,0,0,0,0,0,0,0,0,0,0,0,0,0,0,0,0,0,0,311,2026-02-07 01:53:14.498008
PNR,57.69,57.68,57.7,50000000.0,50000000.0,0,0,0,0,0,0,0,0,0,0,0,0,0,0,0,0,0,0,0,0,0,0,0,0,0,0,311,2026-02-07 01:53:14.498008
FSR,31.27,31.26,31.28,50000000.0,50000000.0,0,0,0,0,0,0,0,0,0,0,0,0,0,0,0,0,0,0,0,0,0,0,0,0,0,0,311,2026-02-07 01:53:14.498008
ATB,58.73,58.72,58.74,50000000.0,50000000.0,0,0,0,0,0,0,0,0,0,0,0,0,0,0,0,0,0,0,0,0,0,0,0,0,0,0,311,2026-02-07 01:53:14.498008
SPK,55.88,55.87,55.89,50000000.0,50000000.0,0,0,0,0,0,0,0,0,0,0,0,0,0,0,0,0,0,0,0,0,0,0,0,0,0,0,311,2026-02-07 01:53:14.498008
EEC,56.33,56.32,56.34,50000000.0,50000000.0,0,0,0,0,0,0,0,0,0,0,0,0,0,0,0,0,0,0,0,0,0,0,0,0,0,0,311,2026-02-07 01:53:14.498008
TGX,43.48,43.47,43.49,50000000.0,50000000.0,0,0,0,0,0,0,0,0,0,0,0,0,0,0,0,0,0,0,0,0,0,0,0,0,0,0,312,2026-02-07 01:53:15.556457
PHR,50.19,50.18,50.2,50000000.0,50000000.0,0,0,0,0,0,0,0,0,0,0,0,0,0,0,0,0,0,0,0,0,0,0,0,0,0,0,312,2026-02-07 01:53:15.556457
BYL,46.49,46.48,46.5,50000000.0,50000000.0,0,0,0,0,0,0,0,0,0,0,0,0,0,0,0,0,0,0,0,0,0,0,0,0,0,0,312,2026-02-07 01:53:15.556457
CLD,74.29,74.28,74.3,50000000.0,50000000.0,0,0,0,0,0,0,0,0,0,0,0,0,0,0,0,0,0,0,0,0,0,0,0,0,0,0,312,2026-02-07 01:53:15.556457
GGD,31.24,31.23,31.25,50000000.0,50000000.0,0,0,0,0,0,0,0,0,0,0,0,0,0,0,0,0,0,0,0,0,0,0,0,0,0,0,312,2026-02-07 01:53:15.556457
PNR,58.07,58.06,58.08,50000000.0,50000000.0,0,0,0,0,0,0,0,0,0,0,0,0,0,0,0,0,0,0,0,0,0,0,0,0,0,0,312,2026-02-07 01:53:15.556457
FSR,31.27,31.26,31.28,50000000.0,50000000.0,0,0,0,0,0,0,0,0,0,0,0,0,0,0,0,0,0,0,0,0,0,0,0,0,0,0,312,2026-02-07 01:53:15.556457
ATB,58.78,58.77,58.79,50000000.0,50000000.0,0,0,0,0,0,0,0,0,0,0,0,0,0,0,0,0,0,0,0,0,0,0,0,0,0,0,312,2026-02-07 01:53:15.556457
SPK,55.77,55.76,55.78,50000000.0,50000000.0,0,0,0,0,0,0,0,0,0,0,0,0,0,0,0,0,0,0,0,0,0,0,0,0,0,0,312,2026-02-07 01:53:15.556457
EEC,56.05,56.04,56.06,50000000.0,50000000.0,0,0,0,0,0,0,0,0,0,0,0,0,0,0,0,0,0,0,0,0,0,0,0,0,0,0,312,2026-02-07 01:53:15.556457
TGX,43.47,43.46,43.48,50000000.0,50000000.0,0,0,0,0,0,0,0,0,0,0,0,0,0,0,0,0,0,0,0,0,0,0,0,0,0,0,313,2026-02-07 01:53:16.635908
PHR,50.1,50.09,50.11,50000000.0,50000000.0,0,0,0,0,0,0,0,0,0,0,0,0,0,0,0,0,0,0,0,0,0,0,0,0,0,0,313,2026-02-07 01:53:16.635908
BYL,46.68,46.67,46.69,50000000.0,50000000.0,0,0,0,0,0,0,0,0,0,0,0,0,0,0,0,0,0,0,0,0,0,0,0,0,0,0,313,2026-02-07 01:53:16.635908
CLD,74.7,74.69,74.71,50000000.0,50000000.0,0,0,0,0,0,0,0,0,0,0,0,0,0,0,0,0,0,0,0,0,0,0,0,0,0,0,313,2026-02-07 01:53:16.635908
GGD,31.22,31.21,31.23,50000000.0,50000000.0,0,0,0,0,0,0,0,0,0,0,0,0,0,0,0,0,0,0,0,0,0,0,0,0,0,0,313,2026-02-07 01:53:16.635908
PNR,57.96,57.95,57.97,50000000.0,50000000.0,0,0,0,0,0,0,0,0,0,0,0,0,0,0,0,0,0,0,0,0,0,0,0,0,0,0,313,2026-02-07 01:53:16.635908
FSR,31.23,31.22,31.24,50000000.0,50000000.0,0,0,0,0,0,0,0,0,0,0,0,0,0,0,0,0,0,0,0,0,0,0,0,0,0,0,313,2026-02-07 01:53:16.635908
ATB,58.77,58.76,58.78,50000000.0,50000000.0,0,0,0,0,0,0,0,0,0,0,0,0,0,0,0,0,0,0,0,0,0,0,0,0,0,0,313,2026-02-07 01:53:16.635908
SPK,55.84,55.83,55.85,50000000.0,50000000.0,0,0,0,0,0,0,0,0,0,0,0,0,0,0,0,0,0,0,0,0,0,0,0,0,0,0,313,2026-02-07 01:53:16.635908
EEC,56.18,56.17,56.19,50000000.0,50000000.0,0,0,0,0,0,0,0,0,0,0,0,0,0,0,0,0,0,0,0,0,0,0,0,0,0,0,313,2026-02-07 01:53:16.635908
TGX,43.42,43.41,43.43,50000000.0,50000000.0,0,0,0,0,0,0,0,0,0,0,0,0,0,0,0,0,0,0,0,0,0,0,0,0,0,0,314,2026-02-07 01:53:17.707577
PHR,50.11,50.1,50.12,50000000.0,50000000.0,0,0,0,0,0,0,0,0,0,0,0,0,0,0,0,0,0,0,0,0,0,0,0,0,0,0,314,2026-02-07 01:53:17.707577
BYL,46.7,46.69,46.71,50000000.0,50000000.0,0,0,0,0,0,0,0,0,0,0,0,0,0,0,0,0,0,0,0,0,0,0,0,0,0,0,314,2026-02-07 01:53:17.707577
CLD,74.74,74.73,74.75,50000000.0,50000000.0,0,0,0,0,0,0,0,0,0,0,0,0,0,0,0,0,0,0,0,0,0,0,0,0,0,0,314,2026-02-07 01:53:17.707577
GGD,31.31,31.3,31.32,50000000.0,50000000.0,0,0,0,0,0,0,0,0,0,0,0,0,0,0,0,0,0,0,0,0,0,0,0,0,0,0,314,2026-02-07 01:53:17.707577
PNR,58.18,58.17,58.19,50000000.0,50000000.0,0,0,0,0,0,0,0,0,0,0,0,0,0,0,0,0,0,0,0,0,0,0,0,0,0,0,314,2026-02-07 01:53:17.707577
FSR,31.27,31.26,31.28,50000000.0,50000000.0,0,0,0,0,0,0,0,0,0,0,0,0,0,0,0,0,0,0,0,0,0,0,0,0,0,0,314,2026-02-07 01:53:17.707577
ATB,58.75,58.74,58.76,50000000.0,50000000.0,0,0,0,0,0,0,0,0,0,0,0,0,0,0,0,0,0,0,0,0,0,0,0,0,0,0,314,2026-02-07 01:53:17.707577
SPK,55.7,55.69,55.71,50000000.0,50000000.0,0,0,0,0,0,0,0,0,0,0,0,0,0,0,0,0,0,0,0,0,0,0,0,0,0,0,314,2026-02-07 01:53:17.707577
EEC,55.92,55.91,55.93,50000000.0,50000000.0,0,0,0,0,0,0,0,0,0,0,0,0,0,0,0,0,0,0,0,0,0,0,0,0,0,0,314,2026-02-07 01:53:17.707577
TGX,43.4,43.39,43.41,50000000.0,50000000.0,0,0,0,0,0,0,0,0,0,0,0,0,0,0,0,0,0,0,0,0,0,0,0,0,0,0,315,2026-02-07 01:53:18.751904
PHR,49.62,49.61,49.63,50000000.0,50000000.0,0,0,0,0,0,0,0,0,0,0,0,0,0,0,0,0,0,0,0,0,0,0,0,0,0,0,315,2026-02-07 01:53:18.751904
BYL,47.08,47.07,47.09,50000000.0,50000000.0,0,0,0,0,0,0,0,0,0,0,0,0,0,0,0,0,0,0,0,0,0,0,0,0,0,0,315,2026-02-07 01:53:18.751904
CLD,75.41,75.4,75.42,50000000.0,50000000.0,0,0,0,0,0,0,0,0,0,0,0,0,0,0,0,0,0,0,0,0,0,0,0,0,0,0,315,2026-02-07 01:53:18.751904
GGD,31.32,31.31,31.33,50000000.0,50000000.0,0,0,0,0,0,0,0,0,0,0,0,0,0,0,0,0,0,0,0,0,0,0,0,0,0,0,315,2026-02-07 01:53:18.751904
PNR,58.27,58.26,58.28,50000000.0,50000000.0,0,0,0,0,0,0,0,0,0,0,0,0,0,0,0,0,0,0,0,0,0,0,0,0,0,0,315,2026-02-07 01:53:18.751904
FSR,31.21,31.2,31.22,50000000.0,50000000.0,0,0,0,0,0,0,0,0,0,0,0,0,0,0,0,0,0,0,0,0,0,0,0,0,0,0,315,2026-02-07 01:53:18.751904
ATB,58.75,58.74,58.76,50000000.0,50000000.0,0,0,0,0,0,0,0,0,0,0,0,0,0,0,0,0,0,0,0,0,0,0,0,0,0,0,315,2026-02-07 01:53:18.751904
SPK,55.7,55.69,55.71,50000000.0,50000000.0,0,0,0,0,0,0,0,0,0,0,0,0,0,0,0,0,0,0,0,0,0,0,0,0,0,0,315,2026-02-07 01:53:18.751904
EEC,56.01,56.0,56.02,50000000.0,50000000.0,0,0,0,0,0,0,0,0,0,0,0,0,0,0,0,0,0,0,0,0,0,0,0,0,0,0,315,2026-02-07 01:53:18.751904
TGX,43.99,43.98,44.0,50000000.0,50000000.0,0,0,0,0,0,0,0,0,0,0,0,0,0,0,0,0,0,0,0,0,0,0,0,0,0,0,316,2026-02-07 01:53:19.804125
PHR,49.77,49.76,49.78,50000000.0,50000000.0,0,0,0,0,0,0,0,0,0,0,0,0,0,0,0,0,0,0,0,0,0,0,0,0,0,0,316,2026-02-07 01:53:19.804125
BYL,48.04,48.03,48.05,50000000.0,50000000.0,0,0,0,0,0,0,0,0,0,0,0,0,0,0,0,0,0,0,0,0,0,0,0,0,0,0,316,2026-02-07 01:53:19.804125
CLD,75.29,75.28,75.3,50000000.0,50000000.0,0,0,0,0,0,0,0,0,0,0,0,0,0,0,0,0,0,0,0,0,0,0,0,0,0,0,316,2026-02-07 01:53:19.804125
GGD,31.32,31.31,31.33,50000000.0,50000000.0,0,0,0,0,0,0,0,0,0,0,0,0,0,0,0,0,0,0,0,0,0,0,0,0,0,0,316,2026-02-07 01:53:19.804125
PNR,58.51,58.5,58.52,50000000.0,50000000.0,0,0,0,0,0,0,0,0,0,0,0,0,0,0,0,0,0,0,0,0,0,0,0,0,0,0,316,2026-02-07 01:53:19.804125
FSR,31.24,31.23,31.25,50000000.0,50000000.0,0,0,0,0,0,0,0,0,0,0,0,0,0,0,0,0,0,0,0,0,0,0,0,0,0,0,316,2026-02-07 01:53:19.804125
ATB,58.36,58.35,58.37,50000000.0,50000000.0,0,0,0,0,0,0,0,0,0,0,0,0,0,0,0,0,0,0,0,0,0,0,0,0,0,0,316,2026-02-07 01:53:19.804125
SPK,55.67,55.66,55.68,50000000.0,50000000.0,0,0,0,0,0,0,0,0,0,0,0,0,0,0,0,0,0,0,0,0,0,0,0,0,0,0,316,2026-02-07 01:53:19.804125
EEC,55.98,55.97,55.99,50000000.0,50000000.0,0,0,0,0,0,0,0,0,0,0,0,0,0,0,0,0,0,0,0,0,0,0,0,0,0,0,316,2026-02-07 01:53:19.804125
TGX,44.01,44.0,44.02,50000000.0,50000000.0,0,0,0,0,0,0,0,0,0,0,0,0,0,0,0,0,0,0,0,0,0,0,0,0,0,0,317,2026-02-07 01:53:20.855822
PHR,49.61,49.6,49.62,50000000.0,50000000.0,0,0,0,0,0,0,0,0,0,0,0,0,0,0,0,0,0,0,0,0,0,0,0,0,0,0,317,2026-02-07 01:53:20.855822
BYL,48.14,48.13,48.15,50000000.0,50000000.0,0,0,0,0,0,0,0,0,0,0,0,0,0,0,0,0,0,0,0,0,0,0,0,0,0,0,317,2026-02-07 01:53:20.855822
CLD,75.45,75.44,75.46,50000000.0,50000000.0,0,0,0,0,0,0,0,0,0,0,0,0,0,0,0,0,0,0,0,0,0,0,0,0,0,0,317,2026-02-07 01:53:20.855822
GGD,31.34,31.33,31.35,50000000.0,50000000.0,0,0,0,0,0,0,0,0,0,0,0,0,0,0,0,0,0,0,0,0,0,0,0,0,0,0,317,2026-02-07 01:53:20.855822
PNR,58.67,58.66,58.68,50000000.0,50000000.0,0,0,0,0,0,0,0,0,0,0,0,0,0,0,0,0,0,0,0,0,0,0,0,0,0,0,317,2026-02-07 01:53:20.855822
FSR,31.24,31.23,31.25,50000000.0,50000000.0,0,0,0,0,0,0,0,0,0,0,0,0,0,0,0,0,0,0,0,0,0,0,0,0,0,0,317,2026-02-07 01:53:20.855822
ATB,58.47,58.46,58.48,50000000.0,50000000.0,0,0,0,0,0,0,0,0,0,0,0,0,0,0,0,0,0,0,0,0,0,0,0,0,0,0,317,2026-02-07 01:53:20.855822
SPK,55.52,55.51,55.53,50000000.0,50000000.0,0,0,0,0,0,0,0,0,0,0,0,0,0,0,0,0,0,0,0,0,0,0,0,0,0,0,317,2026-02-07 01:53:20.855822
EEC,55.67,55.66,55.68,50000000.0,50000000.0,0,0,0,0,0,0,0,0,0,0,0,0,0,0,0,0,0,0,0,0,0,0,0,0,0,0,317,2026-02-07 01:53:20.855822
TGX,44.02,44.01,44.03,50000000.0,50000000.0,0,0,0,0,0,0,0,0,0,0,0,0,0,0,0,0,0,0,0,0,0,0,0,0,0,0,318,2026-02-07 01:53:21.398685
PHR,49.85,49.84,49.86,50000000.0,50000000.0,0,0,0,0,0,0,0,0,0,0,0,0,0,0,0,0,0,0,0,0,0,0,0,0,0,0,318,2026-02-07 01:53:21.398685
BYL,48.48,48.47,48.49,50000000.0,50000000.0,0,0,0,0,0,0,0,0,0,0,0,0,0,0,0,0,0,0,0,0,0,0,0,0,0,0,318,2026-02-07 01:53:21.398685
CLD,76.06,76.05,76.07,50000000.0,50000000.0,0,0,0,0,0,0,0,0,0,0,0,0,0,0,0,0,0,0,0,0,0,0,0,0,0,0,318,2026-02-07 01:53:21.398685
GGD,31.38,31.37,31.39,50000000.0,50000000.0,0,0,0,0,0,0,0,0,0,0,0,0,0,0,0,0,0,0,0,0,0,0,0,0,0,0,318,2026-02-07 01:53:21.398685
PNR,58.77,58.76,58.78,50000000.0,50000000.0,0,0,0,0,0,0,0,0,0,0,0,0,0,0,0,0,0,0,0,0,0,0,0,0,0,0,318,2026-02-07 01:53:21.398685
FSR,31.27,31.26,31.28,50000000.0,50000000.0,0,0,0,0,0,0,0,0,0,0,0,0,0,0,0,0,0,0,0,0,0,0,0,0,0,0,318,2026-02-07 01:53:21.398685
ATB,58.49,58.48,58.5,50000000.0,50000000.0,0,0,0,0,0,0,0,0,0,0,0,0,0,0,0,0,0,0,0,0,0,0,0,0,0,0,318,2026-02-07 01:53:21.398685
SPK,55.57,55.56,55.58,50000000.0,50000000.0,0,0,0,0,0,0,0,0,0,0,0,0,0,0,0,0,0,0,0,0,0,0,0,0,0,0,318,2026-02-07 01:53:21.398685
EEC,55.79,55.78,55.8,50000000.0,50000000.0,0,0,0,0,0,0,0,0,0,0,0,0,0,0,0,0,0,0,0,0,0,0,0,0,0,0,318,2026-02-07 01:53:21.398685
TGX,43.99,43.98,44.0,50000000.0,50000000.0,0,0,0,0,0,0,0,0,0,0,0,0,0,0,0,0,0,0,0,0,0,0,0,0,0,0,319,2026-02-07 01:53:22.459064
PHR,49.84,49.83,49.85,50000000.0,50000000.0,0,0,0,0,0,0,0,0,0,0,0,0,0,0,0,0,0,0,0,0,0,0,0,0,0,0,319,2026-02-07 01:53:22.459064
BYL,48.29,48.28,48.3,50000000.0,50000000.0,0,0,0,0,0,0,0,0,0,0,0,0,0,0,0,0,0,0,0,0,0,0,0,0,0,0,319,2026-02-07 01:53:22.459064
CLD,75.75,75.74,75.76,50000000.0,50000000.0,0,0,0,0,0,0,0,0,0,0,0,0,0,0,0,0,0,0,0,0,0,0,0,0,0,0,319,2026-02-07 01:53:22.459064
GGD,31.38,31.37,31.39,50000000.0,50000000.0,0,0,0,0,0,0,0,0,0,0,0,0,0,0,0,0,0,0,0,0,0,0,0,0,0,0,319,2026-02-07 01:53:22.459064
PNR,58.49,58.48,58.5,50000000.0,50000000.0,0,0,0,0,0,0,0,0,0,0,0,0,0,0,0,0,0,0,0,0,0,0,0,0,0,0,319,2026-02-07 01:53:22.459064
FSR,31.69,31.68,31.7,50000000.0,50000000.0,0,0,0,0,0,0,0,0,0,0,0,0,0,0,0,0,0,0,0,0,0,0,0,0,0,0,319,2026-02-07 01:53:22.459064
ATB,58.49,58.48,58.5,50000000.0,50000000.0,0,0,0,0,0,0,0,0,0,0,0,0,0,0,0,0,0,0,0,0,0,0,0,0,0,0,319,2026-02-07 01:53:22.459064
SPK,55.45,55.44,55.46,50000000.0,50000000.0,0,0,0,0,0,0,0,0,0,0,0,0,0,0,0,0,0,0,0,0,0,0,0,0,0,0,319,2026-02-07 01:53:22.459064
EEC,55.6,55.59,55.61,50000000.0,50000000.0,0,0,0,0,0,0,0,0,0,0,0,0,0,0,0,0,0,0,0,0,0,0,0,0,0,0,319,2026-02-07 01:53:22.459064
TGX,44.03,44.02,44.04,50000000.0,50000000.0,0,0,0,0,0,0,0,0,0,0,0,0,0,0,0,0,0,0,0,0,0,0,0,0,0,0,320,2026-02-07 01:53:23.631016
PHR,49.46,49.45,49.47,50000000.0,50000000.0,0,0,0,0,0,0,0,0,0,0,0,0,0,0,0,0,0,0,0,0,0,0,0,0,0,0,320,2026-02-07 01:53:23.631016
BYL,48.42,48.41,48.43,50000000.0,50000000.0,0,0,0,0,0,0,0,0,0,0,0,0,0,0,0,0,0,0,0,0,0,0,0,0,0,0,320,2026-02-07 01:53:23.631016
CLD,76.05,76.04,76.06,50000000.0,50000000.0,0,0,0,0,0,0,0,0,0,0,0,0,0,0,0,0,0,0,0,0,0,0,0,0,0,0,320,2026-02-07 01:53:23.631016
GGD,31.35,31.34,31.36,50000000.0,50000000.0,0,0,0,0,0,0,0,0,0,0,0,0,0,0,0,0,0,0,0,0,0,0,0,0,0,0,320,2026-02-07 01:53:23.631016
PNR,58.49,58.48,58.5,50000000.0,50000000.0,0,0,0,0,0,0,0,0,0,0,0,0,0,0,0,0,0,0,0,0,0,0,0,0,0,0,320,2026-02-07 01:53:23.631016
FSR,31.67,31.66,31.68,50000000.0,50000000.0,0,0,0,0,0,0,0,0,0,0,0,0,0,0,0,0,0,0,0,0,0,0,0,0,0,0,320,2026-02-07 01:53:23.631016
ATB,58.57,58.56,58.58,50000000.0,50000000.0,0,0,0,0,0,0,0,0,0,0,0,0,0,0,0,0,0,0,0,0,0,0,0,0,0,0,320,2026-02-07 01:53:23.631016
SPK,55.4,55.39,55.41,50000000.0,50000000.0,0,0,0,0,0,0,0,0,0,0,0,0,0,0,0,0,0,0,0,0,0,0,0,0,0,0,320,2026-02-07 01:53:23.631016
EEC,55.51,55.5,55.52,50000000.0,50000000.0,0,0,0,0,0,0,0,0,0,0,0,0,0,0,0,0,0,0,0,0,0,0,0,0,0,0,320,2026-02-07 01:53:23.631016
TGX,44.02,44.01,44.03,50000000.0,50000000.0,0,0,0,0,0,0,0,0,0,0,0,0,0,0,0,0,0,0,0,0,0,0,0,0,0,0,321,2026-02-07 01:53:24.697536
PHR,49.27,49.26,49.28,50000000.0,50000000.0,0,0,0,0,0,0,0,0,0,0,0,0,0,0,0,0,0,0,0,0,0,0,0,0,0,0,321,2026-02-07 01:53:24.697536
BYL,49.42,49.41,49.43,50000000.0,50000000.0,0,0,0,0,0,0,0,0,0,0,0,0,0,0,0,0,0,0,0,0,0,0,0,0,0,0,321,2026-02-07 01:53:24.697536
CLD,75.94,75.93,75.95,50000000.0,50000000.0,0,0,0,0,0,0,0,0,0,0,0,0,0,0,0,0,0,0,0,0,0,0,0,0,0,0,321,2026-02-07 01:53:24.697536
GGD,31.43,31.42,31.44,50000000.0,50000000.0,0,0,0,0,0,0,0,0,0,0,0,0,0,0,0,0,0,0,0,0,0,0,0,0,0,0,321,2026-02-07 01:53:24.697536
PNR,58.84,58.83,58.85,50000000.0,50000000.0,0,0,0,0,0,0,0,0,0,0,0,0,0,0,0,0,0,0,0,0,0,0,0,0,0,0,321,2026-02-07 01:53:24.697536
FSR,31.67,31.66,31.68,50000000.0,50000000.0,0,0,0,0,0,0,0,0,0,0,0,0,0,0,0,0,0,0,0,0,0,0,0,0,0,0,321,2026-02-07 01:53:24.697536
ATB,58.34,58.33,58.35,50000000.0,50000000.0,0,0,0,0,0,0,0,0,0,0,0,0,0,0,0,0,0,0,0,0,0,0,0,0,0,0,321,2026-02-07 01:53:24.697536
SPK,55.5,55.49,55.51,50000000.0,50000000.0,0,0,0,0,0,0,0,0,0,0,0,0,0,0,0,0,0,0,0,0,0,0,0,0,0,0,321,2026-02-07 01:53:24.697536
EEC,55.73,55.72,55.74,50000000.0,50000000.0,0,0,0,0,0,0,0,0,0,0,0,0,0,0,0,0,0,0,0,0,0,0,0,0,0,0,321,2026-02-07 01:53:24.697536
TGX,44.02,44.01,44.03,50000000.0,50000000.0,0,0,0,0,0,0,0,0,0,0,0,0,0,0,0,0,0,0,0,0,0,0,0,0,0,0,322,2026-02-07 01:53:25.773851,32.0,1.0,321.0,D4-FSR/ATB,Vote Outcome Appears Favorable,Proxy solicitor reports indicate strong institutional support and likely approval.
PHR,49.42,49.41,49.43,50000000.0,50000000.0,0,0,0,0,0,0,0,0,0,0,0,0,0,0,0,0,0,0,0,0,0,0,0,0,0,0,322,2026-02-07 01:53:25.773851,,,,,,
BYL,49.86,49.85,49.87,50000000.0,50000000.0,0,0,0,0,0,0,0,0,0,0,0,0,0,0,0,0,0,0,0,0,0,0,0,0,0,0,322,2026-02-07 01:53:25.773851,,,,,,
CLD,76.71,76.7,76.72,50000000.0,50000000.0,0,0,0,0,0,0,0,0,0,0,0,0,0,0,0,0,0,0,0,0,0,0,0,0,0,0,322,2026-02-07 01:53:25.773851,,,,,,
GGD,31.38,31.37,31.39,50000000.0,50000000.0,0,0,0,0,0,0,0,0,0,0,0,0,0,0,0,0,0,0,0,0,0,0,0,0,0,0,322,2026-02-07 01:53:25.773851,,,,,,
PNR,59.04,59.03,59.05,50000000.0,50000000.0,0,0,0,0,0,0,0,0,0,0,0,0,0,0,0,0,0,0,0,0,0,0,0,0,0,0,322,2026-02-07 01:53:25.773851,,,,,,
FSR,31.68,31.67,31.69,50000000.0,50000000.0,0,0,0,0,0,0,0,0,0,0,0,0,0,0,0,0,0,0,0,0,0,0,0,0,0,0,322,2026-02-07 01:53:25.773851,,,,,,
ATB,58.33,58.32,58.34,50000000.0,50000000.0,0,0,0,0,0,0,0,0,0,0,0,0,0,0,0,0,0,0,0,0,0,0,0,0,0,0,322,2026-02-07 01:53:25.773851,,,,,,
SPK,55.56,55.55,55.57,50000000.0,50000000.0,0,0,0,0,0,0,0,0,0,0,0,0,0,0,0,0,0,0,0,0,0,0,0,0,0,0,322,2026-02-07 01:53:25.773851,,,,,,
EEC,55.81,55.8,55.82,50000000.0,50000000.0,0,0,0,0,0,0,0,0,0,0,0,0,0,0,0,0,0,0,0,0,0,0,0,0,0,0,322,2026-02-07 01:53:25.773851,,,,,,
TGX,44.03,44.02,44.04,50000000.0,50000000.0,0,0,0,0,0,0,0,0,0,0,0,0,0,0,0,0,0,0,0,0,0,0,0,0,0,0,323,2026-02-07 01:53:26.894605
PHR,49.5,49.49,49.51,50000000.0,50000000.0,0,0,0,0,0,0,0,0,0,0,0,0,0,0,0,0,0,0,0,0,0,0,0,0,0,0,323,2026-02-07 01:53:26.894605
BYL,49.89,49.88,49.9,50000000.0,50000000.0,0,0,0,0,0,0,0,0,0,0,0,0,0,0,0,0,0,0,0,0,0,0,0,0,0,0,323,2026-02-07 01:53:26.894605
CLD,76.74,76.73,76.75,50000000.0,50000000.0,0,0,0,0,0,0,0,0,0,0,0,0,0,0,0,0,0,0,0,0,0,0,0,0,0,0,323,2026-02-07 01:53:26.894605
GGD,31.42,31.41,31.43,50000000.0,50000000.0,0,0,0,0,0,0,0,0,0,0,0,0,0,0,0,0,0,0,0,0,0,0,0,0,0,0,323,2026-02-07 01:53:26.894605
PNR,58.81,58.8,58.82,50000000.0,50000000.0,0,0,0,0,0,0,0,0,0,0,0,0,0,0,0,0,0,0,0,0,0,0,0,0,0,0,323,2026-02-07 01:53:26.894605
FSR,32.09,32.08,32.1,50000000.0,50000000.0,0,0,0,0,0,0,0,0,0,0,0,0,0,0,0,0,0,0,0,0,0,0,0,0,0,0,323,2026-02-07 01:53:26.894605
ATB,58.36,58.35,58.37,50000000.0,50000000.0,0,0,0,0,0,0,0,0,0,0,0,0,0,0,0,0,0,0,0,0,0,0,0,0,0,0,323,2026-02-07 01:53:26.894605
SPK,55.47,55.46,55.48,50000000.0,50000000.0,0,0,0,0,0,0,0,0,0,0,0,0,0,0,0,0,0,0,0,0,0,0,0,0,0,0,323,2026-02-07 01:53:26.894605
EEC,55.64,55.63,55.65,50000000.0,50000000.0,0,0,0,0,0,0,0,0,0,0,0,0,0,0,0,0,0,0,0,0,0,0,0,0,0,0,323,2026-02-07 01:53:26.894605
TGX,44.04,44.03,44.05,50000000.0,50000000.0,0,0,0,0,0,0,0,0,0,0,0,0,0,0,0,0,0,0,0,0,0,0,0,0,0,0,324,2026-02-07 01:53:27.459551
PHR,49.46,49.45,49.47,50000000.0,50000000.0,0,0,0,0,0,0,0,0,0,0,0,0,0,0,0,0,0,0,0,0,0,0,0,0,0,0,324,2026-02-07 01:53:27.459551
BYL,50.11,50.1,50.12,50000000.0,50000000.0,0,0,0,0,0,0,0,0,0,0,0,0,0,0,0,0,0,0,0,0,0,0,0,0,0,0,324,2026-02-07 01:53:27.459551
CLD,77.19,77.18,77.2,50000000.0,50000000.0,0,0,0,0,0,0,0,0,0,0,0,0,0,0,0,0,0,0,0,0,0,0,0,0,0,0,324,2026-02-07 01:53:27.459551
GGD,31.42,31.41,31.43,50000000.0,50000000.0,0,0,0,0,0,0,0,0,0,0,0,0,0,0,0,0,0,0,0,0,0,0,0,0,0,0,324,2026-02-07 01:53:27.459551
PNR,58.95,58.94,58.96,50000000.0,50000000.0,0,0,0,0,0,0,0,0,0,0,0,0,0,0,0,0,0,0,0,0,0,0,0,0,0,0,324,2026-02-07 01:53:27.459551
FSR,32.49,32.48,32.5,50000000.0,50000000.0,0,0,0,0,0,0,0,0,0,0,0,0,0,0,0,0,0,0,0,0,0,0,0,0,0,0,324,2026-02-07 01:53:27.459551
ATB,58.35,58.34,58.36,50000000.0,50000000.0,0,0,0,0,0,0,0,0,0,0,0,0,0,0,0,0,0,0,0,0,0,0,0,0,0,0,324,2026-02-07 01:53:27.459551
SPK,55.38,55.37,55.39,50000000.0,50000000.0,0,0,0,0,0,0,0,0,0,0,0,0,0,0,0,0,0,0,0,0,0,0,0,0,0,0,324,2026-02-07 01:53:27.459551
EEC,55.57,55.56,55.58,50000000.0,50000000.0,0,0,0,0,0,0,0,0,0,0,0,0,0,0,0,0,0,0,0,0,0,0,0,0,0,0,324,2026-02-07 01:53:27.459551
TGX,44.03,44.02,44.04,50000000.0,50000000.0,0,0,0,0,0,0,0,0,0,0,0,0,0,0,0,0,0,0,0,0,0,0,0,0,0,0,325,2026-02-07 01:53:28.530811
PHR,49.31,49.3,49.32,50000000.0,50000000.0,0,0,0,0,0,0,0,0,0,0,0,0,0,0,0,0,0,0,0,0,0,0,0,0,0,0,325,2026-02-07 01:53:28.530811
BYL,50.12,50.11,50.13,50000000.0,50000000.0,0,0,0,0,0,0,0,0,0,0,0,0,0,0,0,0,0,0,0,0,0,0,0,0,0,0,325,2026-02-07 01:53:28.530811
CLD,77.22,77.21,77.23,50000000.0,50000000.0,0,0,0,0,0,0,0,0,0,0,0,0,0,0,0,0,0,0,0,0,0,0,0,0,0,0,325,2026-02-07 01:53:28.530811
GGD,31.41,31.4,31.42,50000000.0,50000000.0,0,0,0,0,0,0,0,0,0,0,0,0,0,0,0,0,0,0,0,0,0,0,0,0,0,0,325,2026-02-07 01:53:28.530811
PNR,58.76,58.75,58.77,50000000.0,50000000.0,0,0,0,0,0,0,0,0,0,0,0,0,0,0,0,0,0,0,0,0,0,0,0,0,0,0,325,2026-02-07 01:53:28.530811
FSR,32.49,32.48,32.5,50000000.0,50000000.0,0,0,0,0,0,0,0,0,0,0,0,0,0,0,0,0,0,0,0,0,0,0,0,0,0,0,325,2026-02-07 01:53:28.530811
ATB,58.22,58.21,58.23,50000000.0,50000000.0,0,0,0,0,0,0,0,0,0,0,0,0,0,0,0,0,0,0,0,0,0,0,0,0,0,0,325,2026-02-07 01:53:28.530811
SPK,55.41,55.4,55.42,50000000.0,50000000.0,0,0,0,0,0,0,0,0,0,0,0,0,0,0,0,0,0,0,0,0,0,0,0,0,0,0,325,2026-02-07 01:53:28.530811
EEC,55.76,55.75,55.77,50000000.0,50000000.0,0,0,0,0,0,0,0,0,0,0,0,0,0,0,0,0,0,0,0,0,0,0,0,0,0,0,325,2026-02-07 01:53:28.530811
TGX,43.98,43.97,43.99,50000000.0,50000000.0,0,0,0,0,0,0,0,0,0,0,0,0,0,0,0,0,0,0,0,0,0,0,0,0,0,0,326,2026-02-07 01:53:29.590212
PHR,49.65,49.64,49.66,50000000.0,50000000.0,0,0,0,0,0,0,0,0,0,0,0,0,0,0,0,0,0,0,0,0,0,0,0,0,0,0,326,2026-02-07 01:53:29.590212
BYL,49.6,49.59,49.61,50000000.0,50000000.0,0,0,0,0,0,0,0,0,0,0,0,0,0,0,0,0,0,0,0,0,0,0,0,0,0,0,326,2026-02-07 01:53:29.590212
CLD,76.39,76.38,76.4,50000000.0,50000000.0,0,0,0,0,0,0,0,0,0,0,0,0,0,0,0,0,0,0,0,0,0,0,0,0,0,0,326,2026-02-07 01:53:29.590212
GGD,31.44,31.43,31.45,50000000.0,50000000.0,0,0,0,0,0,0,0,0,0,0,0,0,0,0,0,0,0,0,0,0,0,0,0,0,0,0,326,2026-02-07 01:53:29.590212
PNR,58.61,58.6,58.62,50000000.0,50000000.0,0,0,0,0,0,0,0,0,0,0,0,0,0,0,0,0,0,0,0,0,0,0,0,0,0,0,326,2026-02-07 01:53:29.590212
FSR,32.51,32.5,32.52,50000000.0,50000000.0,0,0,0,0,0,0,0,0,0,0,0,0,0,0,0,0,0,0,0,0,0,0,0,0,0,0,326,2026-02-07 01:53:29.590212
ATB,58.39,58.38,58.4,50000000.0,50000000.0,0,0,0,0,0,0,0,0,0,0,0,0,0,0,0,0,0,0,0,0,0,0,0,0,0,0,326,2026-02-07 01:53:29.590212
SPK,55.42,55.41,55.43,50000000.0,50000000.0,0,0,0,0,0,0,0,0,0,0,0,0,0,0,0,0,0,0,0,0,0,0,0,0,0,0,326,2026-02-07 01:53:29.590212
EEC,55.71,55.7,55.72,50000000.0,50000000.0,0,0,0,0,0,0,0,0,0,0,0,0,0,0,0,0,0,0,0,0,0,0,0,0,0,0,326,2026-02-07 01:53:29.590212
TGX,43.96,43.95,43.97,50000000.0,50000000.0,0,0,0,0,0,0,0,0,0,0,0,0,0,0,0,0,0,0,0,0,0,0,0,0,0,0,327,2026-02-07 01:53:30.713336
PHR,49.93,49.92,49.94,50000000.0,50000000.0,0,0,0,0,0,0,0,0,0,0,0,0,0,0,0,0,0,0,0,0,0,0,0,0,0,0,327,2026-02-07 01:53:30.713336
BYL,49.38,49.37,49.39,50000000.0,50000000.0,0,0,0,0,0,0,0,0,0,0,0,0,0,0,0,0,0,0,0,0,0,0,0,0,0,0,327,2026-02-07 01:53:30.713336
CLD,76.12,76.11,76.13,50000000.0,50000000.0,0,0,0,0,0,0,0,0,0,0,0,0,0,0,0,0,0,0,0,0,0,0,0,0,0,0,327,2026-02-07 01:53:30.713336
GGD,31.33,31.32,31.34,50000000.0,50000000.0,0,0,0,0,0,0,0,0,0,0,0,0,0,0,0,0,0,0,0,0,0,0,0,0,0,0,327,2026-02-07 01:53:30.713336
PNR,58.54,58.53,58.55,50000000.0,50000000.0,0,0,0,0,0,0,0,0,0,0,0,0,0,0,0,0,0,0,0,0,0,0,0,0,0,0,327,2026-02-07 01:53:30.713336
FSR,32.5,32.49,32.51,50000000.0,50000000.0,0,0,0,0,0,0,0,0,0,0,0,0,0,0,0,0,0,0,0,0,0,0,0,0,0,0,327,2026-02-07 01:53:30.713336
ATB,58.38,58.37,58.39,50000000.0,50000000.0,0,0,0,0,0,0,0,0,0,0,0,0,0,0,0,0,0,0,0,0,0,0,0,0,0,0,327,2026-02-07 01:53:30.713336
SPK,55.33,55.32,55.34,50000000.0,50000000.0,0,0,0,0,0,0,0,0,0,0,0,0,0,0,0,0,0,0,0,0,0,0,0,0,0,0,327,2026-02-07 01:53:30.713336
EEC,55.44,55.43,55.45,50000000.0,50000000.0,0,0,0,0,0,0,0,0,0,0,0,0,0,0,0,0,0,0,0,0,0,0,0,0,0,0,327,2026-02-07 01:53:30.713336
TGX,43.95,43.94,43.96,50000000.0,50000000.0,0,0,0,0,0,0,0,0,0,0,0,0,0,0,0,0,0,0,0,0,0,0,0,0,0,0,328,2026-02-07 01:53:31.780797
PHR,49.7,49.69,49.71,50000000.0,50000000.0,0,0,0,0,0,0,0,0,0,0,0,0,0,0,0,0,0,0,0,0,0,0,0,0,0,0,328,2026-02-07 01:53:31.780797
BYL,49.72,49.71,49.73,50000000.0,50000000.0,0,0,0,0,0,0,0,0,0,0,0,0,0,0,0,0,0,0,0,0,0,0,0,0,0,0,328,2026-02-07 01:53:31.780797
CLD,76.65,76.64,76.66,50000000.0,50000000.0,0,0,0,0,0,0,0,0,0,0,0,0,0,0,0,0,0,0,0,0,0,0,0,0,0,0,328,2026-02-07 01:53:31.780797
GGD,31.36,31.35,31.37,50000000.0,50000000.0,0,0,0,0,0,0,0,0,0,0,0,0,0,0,0,0,0,0,0,0,0,0,0,0,0,0,328,2026-02-07 01:53:31.780797
PNR,58.59,58.58,58.6,50000000.0,50000000.0,0,0,0,0,0,0,0,0,0,0,0,0,0,0,0,0,0,0,0,0,0,0,0,0,0,0,328,2026-02-07 01:53:31.780797
FSR,32.48,32.47,32.49,50000000.0,50000000.0,0,0,0,0,0,0,0,0,0,0,0,0,0,0,0,0,0,0,0,0,0,0,0,0,0,0,328,2026-02-07 01:53:31.780797
ATB,58.62,58.61,58.63,50000000.0,50000000.0,0,0,0,0,0,0,0,0,0,0,0,0,0,0,0,0,0,0,0,0,0,0,0,0,0,0,328,2026-02-07 01:53:31.780797
SPK,55.27,55.26,55.28,50000000.0,50000000.0,0,0,0,0,0,0,0,0,0,0,0,0,0,0,0,0,0,0,0,0,0,0,0,0,0,0,328,2026-02-07 01:53:31.780797
EEC,55.23,55.22,55.24,50000000.0,50000000.0,0,0,0,0,0,0,0,0,0,0,0,0,0,0,0,0,0,0,0,0,0,0,0,0,0,0,328,2026-02-07 01:53:31.780797
TGX,43.97,43.96,43.98,50000000.0,50000000.0,0,0,0,0,0,0,0,0,0,0,0,0,0,0,0,0,0,0,0,0,0,0,0,0,0,0,329,2026-02-07 01:53:32.872154
PHR,49.94,49.93,49.95,50000000.0,50000000.0,0,0,0,0,0,0,0,0,0,0,0,0,0,0,0,0,0,0,0,0,0,0,0,0,0,0,329,2026-02-07 01:53:32.872154
BYL,49.28,49.27,49.29,50000000.0,50000000.0,0,0,0,0,0,0,0,0,0,0,0,0,0,0,0,0,0,0,0,0,0,0,0,0,0,0,329,2026-02-07 01:53:32.872154
CLD,75.86,75.85,75.87,50000000.0,50000000.0,0,0,0,0,0,0,0,0,0,0,0,0,0,0,0,0,0,0,0,0,0,0,0,0,0,0,329,2026-02-07 01:53:32.872154
GGD,31.34,31.33,31.35,50000000.0,50000000.0,0,0,0,0,0,0,0,0,0,0,0,0,0,0,0,0,0,0,0,0,0,0,0,0,0,0,329,2026-02-07 01:53:32.872154
PNR,58.55,58.54,58.56,50000000.0,50000000.0,0,0,0,0,0,0,0,0,0,0,0,0,0,0,0,0,0,0,0,0,0,0,0,0,0,0,329,2026-02-07 01:53:32.872154
FSR,32.53,32.52,32.54,50000000.0,50000000.0,0,0,0,0,0,0,0,0,0,0,0,0,0,0,0,0,0,0,0,0,0,0,0,0,0,0,329,2026-02-07 01:53:32.872154
ATB,58.71,58.7,58.72,50000000.0,50000000.0,0,0,0,0,0,0,0,0,0,0,0,0,0,0,0,0,0,0,0,0,0,0,0,0,0,0,329,2026-02-07 01:53:32.872154
SPK,55.12,55.11,55.13,50000000.0,50000000.0,0,0,0,0,0,0,0,0,0,0,0,0,0,0,0,0,0,0,0,0,0,0,0,0,0,0,329,2026-02-07 01:53:32.872154
EEC,54.84,54.83,54.85,50000000.0,50000000.0,0,0,0,0,0,0,0,0,0,0,0,0,0,0,0,0,0,0,0,0,0,0,0,0,0,0,329,2026-02-07 01:53:32.872154
TGX,44.0,43.99,44.01,50000000.0,50000000.0,0,0,0,0,0,0,0,0,0,0,0,0,0,0,0,0,0,0,0,0,0,0,0,0,0,0,330,2026-02-07 01:53:33.931237
PHR,49.66,49.65,49.67,50000000.0,50000000.0,0,0,0,0,0,0,0,0,0,0,0,0,0,0,0,0,0,0,0,0,0,0,0,0,0,0,330,2026-02-07 01:53:33.931237
BYL,48.96,48.95,48.97,50000000.0,50000000.0,0,0,0,0,0,0,0,0,0,0,0,0,0,0,0,0,0,0,0,0,0,0,0,0,0,0,330,2026-02-07 01:53:33.931237
CLD,75.28,75.27,75.29,50000000.0,50000000.0,0,0,0,0,0,0,0,0,0,0,0,0,0,0,0,0,0,0,0,0,0,0,0,0,0,0,330,2026-02-07 01:53:33.931237
GGD,31.36,31.35,31.37,50000000.0,50000000.0,0,0,0,0,0,0,0,0,0,0,0,0,0,0,0,0,0,0,0,0,0,0,0,0,0,0,330,2026-02-07 01:53:33.931237
PNR,58.54,58.53,58.55,50000000.0,50000000.0,0,0,0,0,0,0,0,0,0,0,0,0,0,0,0,0,0,0,0,0,0,0,0,0,0,0,330,2026-02-07 01:53:33.931237
FSR,32.51,32.5,32.52,50000000.0,50000000.0,0,0,0,0,0,0,0,0,0,0,0,0,0,0,0,0,0,0,0,0,0,0,0,0,0,0,330,2026-02-07 01:53:33.931237
ATB,58.74,58.73,58.75,50000000.0,50000000.0,0,0,0,0,0,0,0,0,0,0,0,0,0,0,0,0,0,0,0,0,0,0,0,0,0,0,330,2026-02-07 01:53:33.931237
SPK,55.17,55.16,55.18,50000000.0,50000000.0,0,0,0,0,0,0,0,0,0,0,0,0,0,0,0,0,0,0,0,0,0,0,0,0,0,0,330,2026-02-07 01:53:33.931237
EEC,55.01,55.0,55.02,50000000.0,50000000.0,0,0,0,0,0,0,0,0,0,0,0,0,0,0,0,0,0,0,0,0,0,0,0,0,0,0,330,2026-02-07 01:53:33.931237
TGX,44.04,44.03,44.05,50000000.0,50000000.0,0,0,0,0,0,0,0,0,0,0,0,0,0,0,0,0,0,0,0,0,0,0,0,0,0,0,331,2026-02-07 01:53:34.481809
PHR,49.7,49.69,49.71,50000000.0,50000000.0,0,0,0,0,0,0,0,0,0,0,0,0,0,0,0,0,0,0,0,0,0,0,0,0,0,0,331,2026-02-07 01:53:34.481809
BYL,48.69,48.68,48.7,50000000.0,50000000.0,0,0,0,0,0,0,0,0,0,0,0,0,0,0,0,0,0,0,0,0,0,0,0,0,0,0,331,2026-02-07 01:53:34.481809
CLD,74.92,74.91,74.93,50000000.0,50000000.0,0,0,0,0,0,0,0,0,0,0,0,0,0,0,0,0,0,0,0,0,0,0,0,0,0,0,331,2026-02-07 01:53:34.481809
GGD,31.38,31.37,31.39,50000000.0,50000000.0,0,0,0,0,0,0,0,0,0,0,0,0,0,0,0,0,0,0,0,0,0,0,0,0,0,0,331,2026-02-07 01:53:34.481809
PNR,58.7,58.69,58.71,50000000.0,50000000.0,0,0,0,0,0,0,0,0,0,0,0,0,0,0,0,0,0,0,0,0,0,0,0,0,0,0,331,2026-02-07 01:53:34.481809
FSR,32.53,32.52,32.54,50000000.0,50000000.0,0,0,0,0,0,0,0,0,0,0,0,0,0,0,0,0,0,0,0,0,0,0,0,0,0,0,331,2026-02-07 01:53:34.481809
ATB,58.83,58.82,58.84,50000000.0,50000000.0,0,0,0,0,0,0,0,0,0,0,0,0,0,0,0,0,0,0,0,0,0,0,0,0,0,0,331,2026-02-07 01:53:34.481809
SPK,54.98,54.97,54.99,50000000.0,50000000.0,0,0,0,0,0,0,0,0,0,0,0,0,0,0,0,0,0,0,0,0,0,0,0,0,0,0,331,2026-02-07 01:53:34.481809
EEC,54.51,54.5,54.52,50000000.0,50000000.0,0,0,0,0,0,0,0,0,0,0,0,0,0,0,0,0,0,0,0,0,0,0,0,0,0,0,331,2026-02-07 01:53:34.481809
TGX,44.03,44.02,44.04,50000000.0,50000000.0,0,0,0,0,0,0,0,0,0,0,0,0,0,0,0,0,0,0,0,0,0,0,0,0,0,0,332,2026-02-07 01:53:35.601939
PHR,49.53,49.52,49.54,50000000.0,50000000.0,0,0,0,0,0,0,0,0,0,0,0,0,0,0,0,0,0,0,0,0,0,0,0,0,0,0,332,2026-02-07 01:53:35.601939
BYL,48.78,48.77,48.79,50000000.0,50000000.0,0,0,0,0,0,0,0,0,0,0,0,0,0,0,0,0,0,0,0,0,0,0,0,0,0,0,332,2026-02-07 01:53:35.601939
CLD,75.06,75.05,75.07,50000000.0,50000000.0,0,0,0,0,0,0,0,0,0,0,0,0,0,0,0,0,0,0,0,0,0,0,0,0,0,0,332,2026-02-07 01:53:35.601939
GGD,31.39,31.38,31.4,50000000.0,50000000.0,0,0,0,0,0,0,0,0,0,0,0,0,0,0,0,0,0,0,0,0,0,0,0,0,0,0,332,2026-02-07 01:53:35.601939
PNR,58.65,58.64,58.66,50000000.0,50000000.0,0,0,0,0,0,0,0,0,0,0,0,0,0,0,0,0,0,0,0,0,0,0,0,0,0,0,332,2026-02-07 01:53:35.601939
FSR,32.53,32.52,32.54,50000000.0,50000000.0,0,0,0,0,0,0,0,0,0,0,0,0,0,0,0,0,0,0,0,0,0,0,0,0,0,0,332,2026-02-07 01:53:35.601939
ATB,58.7,58.69,58.71,50000000.0,50000000.0,0,0,0,0,0,0,0,0,0,0,0,0,0,0,0,0,0,0,0,0,0,0,0,0,0,0,332,2026-02-07 01:53:35.601939
SPK,54.84,54.83,54.85,50000000.0,50000000.0,0,0,0,0,0,0,0,0,0,0,0,0,0,0,0,0,0,0,0,0,0,0,0,0,0,0,332,2026-02-07 01:53:35.601939
EEC,54.3,54.29,54.31,50000000.0,50000000.0,0,0,0,0,0,0,0,0,0,0,0,0,0,0,0,0,0,0,0,0,0,0,0,0,0,0,332,2026-02-07 01:53:35.601939
TGX,44.03,44.02,44.04,50000000.0,50000000.0,0,0,0,0,0,0,0,0,0,0,0,0,0,0,0,0,0,0,0,0,0,0,0,0,0,0,333,2026-02-07 01:53:36.709874
PHR,49.61,49.6,49.62,50000000.0,50000000.0,0,0,0,0,0,0,0,0,0,0,0,0,0,0,0,0,0,0,0,0,0,0,0,0,0,0,333,2026-02-07 01:53:36.709874
BYL,48.67,48.66,48.68,50000000.0,50000000.0,0,0,0,0,0,0,0,0,0,0,0,0,0,0,0,0,0,0,0,0,0,0,0,0,0,0,333,2026-02-07 01:53:36.709874
CLD,74.93,74.92,74.94,50000000.0,50000000.0,0,0,0,0,0,0,0,0,0,0,0,0,0,0,0,0,0,0,0,0,0,0,0,0,0,0,333,2026-02-07 01:53:36.709874
GGD,31.36,31.35,31.37,50000000.0,50000000.0,0,0,0,0,0,0,0,0,0,0,0,0,0,0,0,0,0,0,0,0,0,0,0,0,0,0,333,2026-02-07 01:53:36.709874
PNR,58.5,58.49,58.51,50000000.0,50000000.0,0,0,0,0,0,0,0,0,0,0,0,0,0,0,0,0,0,0,0,0,0,0,0,0,0,0,333,2026-02-07 01:53:36.709874
FSR,32.57,32.56,32.58,50000000.0,50000000.0,0,0,0,0,0,0,0,0,0,0,0,0,0,0,0,0,0,0,0,0,0,0,0,0,0,0,333,2026-02-07 01:53:36.709874
ATB,58.83,58.82,58.84,50000000.0,50000000.0,0,0,0,0,0,0,0,0,0,0,0,0,0,0,0,0,0,0,0,0,0,0,0,0,0,0,333,2026-02-07 01:53:36.709874
SPK,54.84,54.83,54.85,50000000.0,50000000.0,0,0,0,0,0,0,0,0,0,0,0,0,0,0,0,0,0,0,0,0,0,0,0,0,0,0,333,2026-02-07 01:53:36.709874
EEC,54.11,54.1,54.12,50000000.0,50000000.0,0,0,0,0,0,0,0,0,0,0,0,0,0,0,0,0,0,0,0,0,0,0,0,0,0,0,333,2026-02-07 01:53:36.709874
TGX,44.05,44.04,44.06,50000000.0,50000000.0,0,0,0,0,0,0,0,0,0,0,0,0,0,0,0,0,0,0,0,0,0,0,0,0,0,0,334,2026-02-07 01:53:37.770180
PHR,49.98,49.97,49.99,50000000.0,50000000.0,0,0,0,0,0,0,0,0,0,0,0,0,0,0,0,0,0,0,0,0,0,0,0,0,0,0,334,2026-02-07 01:53:37.770180
BYL,49.02,49.01,49.03,50000000.0,50000000.0,0,0,0,0,0,0,0,0,0,0,0,0,0,0,0,0,0,0,0,0,0,0,0,0,0,0,334,2026-02-07 01:53:37.770180
CLD,75.54,75.53,75.55,50000000.0,50000000.0,0,0,0,0,0,0,0,0,0,0,0,0,0,0,0,0,0,0,0,0,0,0,0,0,0,0,334,2026-02-07 01:53:37.770180
GGD,31.38,31.37,31.39,50000000.0,50000000.0,0,0,0,0,0,0,0,0,0,0,0,0,0,0,0,0,0,0,0,0,0,0,0,0,0,0,334,2026-02-07 01:53:37.770180
PNR,58.51,58.5,58.52,50000000.0,50000000.0,0,0,0,0,0,0,0,0,0,0,0,0,0,0,0,0,0,0,0,0,0,0,0,0,0,0,334,2026-02-07 01:53:37.770180
FSR,32.59,32.58,32.6,50000000.0,50000000.0,0,0,0,0,0,0,0,0,0,0,0,0,0,0,0,0,0,0,0,0,0,0,0,0,0,0,334,2026-02-07 01:53:37.770180
ATB,58.77,58.76,58.78,50000000.0,50000000.0,0,0,0,0,0,0,0,0,0,0,0,0,0,0,0,0,0,0,0,0,0,0,0,0,0,0,334,2026-02-07 01:53:37.770180
SPK,54.81,54.8,54.82,50000000.0,50000000.0,0,0,0,0,0,0,0,0,0,0,0,0,0,0,0,0,0,0,0,0,0,0,0,0,0,0,334,2026-02-07 01:53:37.770180
EEC,54.02,54.01,54.03,50000000.0,50000000.0,0,0,0,0,0,0,0,0,0,0,0,0,0,0,0,0,0,0,0,0,0,0,0,0,0,0,334,2026-02-07 01:53:37.770180
TGX,44.05,44.04,44.06,50000000.0,50000000.0,0,0,0,0,0,0,0,0,0,0,0,0,0,0,0,0,0,0,0,0,0,0,0,0,0,0,335,2026-02-07 01:53:38.851934
PHR,50.08,50.07,50.09,50000000.0,50000000.0,0,0,0,0,0,0,0,0,0,0,0,0,0,0,0,0,0,0,0,0,0,0,0,0,0,0,335,2026-02-07 01:53:38.851934
BYL,48.92,48.91,48.93,50000000.0,50000000.0,0,0,0,0,0,0,0,0,0,0,0,0,0,0,0,0,0,0,0,0,0,0,0,0,0,0,335,2026-02-07 01:53:38.851934
CLD,75.43,75.42,75.44,50000000.0,50000000.0,0,0,0,0,0,0,0,0,0,0,0,0,0,0,0,0,0,0,0,0,0,0,0,0,0,0,335,2026-02-07 01:53:38.851934
GGD,31.38,31.37,31.39,50000000.0,50000000.0,0,0,0,0,0,0,0,0,0,0,0,0,0,0,0,0,0,0,0,0,0,0,0,0,0,0,335,2026-02-07 01:53:38.851934
PNR,58.57,58.56,58.58,50000000.0,50000000.0,0,0,0,0,0,0,0,0,0,0,0,0,0,0,0,0,0,0,0,0,0,0,0,0,0,0,335,2026-02-07 01:53:38.851934
FSR,32.58,32.57,32.59,50000000.0,50000000.0,0,0,0,0,0,0,0,0,0,0,0,0,0,0,0,0,0,0,0,0,0,0,0,0,0,0,335,2026-02-07 01:53:38.851934
ATB,58.55,58.54,58.56,50000000.0,50000000.0,0,0,0,0,0,0,0,0,0,0,0,0,0,0,0,0,0,0,0,0,0,0,0,0,0,0,335,2026-02-07 01:53:38.851934
SPK,54.71,54.7,54.72,50000000.0,50000000.0,0,0,0,0,0,0,0,0,0,0,0,0,0,0,0,0,0,0,0,0,0,0,0,0,0,0,335,2026-02-07 01:53:38.851934
EEC,53.82,53.81,53.83,50000000.0,50000000.0,0,0,0,0,0,0,0,0,0,0,0,0,0,0,0,0,0,0,0,0,0,0,0,0,0,0,335,2026-02-07 01:53:38.851934
TGX,44.04,44.03,44.05,50000000.0,50000000.0,0,0,0,0,0,0,0,0,0,0,0,0,0,0,0,0,0,0,0,0,0,0,0,0,0,0,336,2026-02-07 01:53:39.937835
PHR,49.95,49.94,49.96,50000000.0,50000000.0,0,0,0,0,0,0,0,0,0,0,0,0,0,0,0,0,0,0,0,0,0,0,0,0,0,0,336,2026-02-07 01:53:39.937835
BYL,48.97,48.96,48.98,50000000.0,50000000.0,0,0,0,0,0,0,0,0,0,0,0,0,0,0,0,0,0,0,0,0,0,0,0,0,0,0,336,2026-02-07 01:53:39.937835
CLD,75.49,75.48,75.5,50000000.0,50000000.0,0,0,0,0,0,0,0,0,0,0,0,0,0,0,0,0,0,0,0,0,0,0,0,0,0,0,336,2026-02-07 01:53:39.937835
GGD,31.42,31.41,31.43,50000000.0,50000000.0,0,0,0,0,0,0,0,0,0,0,0,0,0,0,0,0,0,0,0,0,0,0,0,0,0,0,336,2026-02-07 01:53:39.937835
PNR,58.78,58.77,58.79,50000000.0,50000000.0,0,0,0,0,0,0,0,0,0,0,0,0,0,0,0,0,0,0,0,0,0,0,0,0,0,0,336,2026-02-07 01:53:39.937835
FSR,32.56,32.55,32.57,50000000.0,50000000.0,0,0,0,0,0,0,0,0,0,0,0,0,0,0,0,0,0,0,0,0,0,0,0,0,0,0,336,2026-02-07 01:53:39.937835
ATB,58.46,58.45,58.47,50000000.0,50000000.0,0,0,0,0,0,0,0,0,0,0,0,0,0,0,0,0,0,0,0,0,0,0,0,0,0,0,336,2026-02-07 01:53:39.937835
SPK,54.64,54.63,54.65,50000000.0,50000000.0,0,0,0,0,0,0,0,0,0,0,0,0,0,0,0,0,0,0,0,0,0,0,0,0,0,0,336,2026-02-07 01:53:39.937835
EEC,53.66,53.65,53.67,50000000.0,50000000.0,0,0,0,0,0,0,0,0,0,0,0,0,0,0,0,0,0,0,0,0,0,0,0,0,0,0,336,2026-02-07 01:53:39.937835
TGX,44.02,44.01,44.03,50000000.0,50000000.0,0,0,0,0,0,0,0,0,0,0,0,0,0,0,0,0,0,0,0,0,0,0,0,0,0,0,337,2026-02-07 01:53:40.514815
PHR,50.05,50.04,50.06,50000000.0,50000000.0,0,0,0,0,0,0,0,0,0,0,0,0,0,0,0,0,0,0,0,0,0,0,0,0,0,0,337,2026-02-07 01:53:40.514815
BYL,49.29,49.28,49.3,50000000.0,50000000.0,0,0,0,0,0,0,0,0,0,0,0,0,0,0,0,0,0,0,0,0,0,0,0,0,0,0,337,2026-02-07 01:53:40.514815
CLD,75.92,75.91,75.93,50000000.0,50000000.0,0,0,0,0,0,0,0,0,0,0,0,0,0,0,0,0,0,0,0,0,0,0,0,0,0,0,337,2026-02-07 01:53:40.514815
GGD,31.42,31.41,31.43,50000000.0,50000000.0,0,0,0,0,0,0,0,0,0,0,0,0,0,0,0,0,0,0,0,0,0,0,0,0,0,0,337,2026-02-07 01:53:40.514815
PNR,58.63,58.62,58.64,50000000.0,50000000.0,0,0,0,0,0,0,0,0,0,0,0,0,0,0,0,0,0,0,0,0,0,0,0,0,0,0,337,2026-02-07 01:53:40.514815
FSR,32.5,32.49,32.51,50000000.0,50000000.0,0,0,0,0,0,0,0,0,0,0,0,0,0,0,0,0,0,0,0,0,0,0,0,0,0,0,337,2026-02-07 01:53:40.514815
ATB,58.46,58.45,58.47,50000000.0,50000000.0,0,0,0,0,0,0,0,0,0,0,0,0,0,0,0,0,0,0,0,0,0,0,0,0,0,0,337,2026-02-07 01:53:40.514815
SPK,54.91,54.9,54.92,50000000.0,50000000.0,0,0,0,0,0,0,0,0,0,0,0,0,0,0,0,0,0,0,0,0,0,0,0,0,0,0,337,2026-02-07 01:53:40.514815
EEC,54.25,54.24,54.26,50000000.0,50000000.0,0,0,0,0,0,0,0,0,0,0,0,0,0,0,0,0,0,0,0,0,0,0,0,0,0,0,337,2026-02-07 01:53:40.514815
TGX,44.05,44.04,44.06,50000000.0,50000000.0,0,0,0,0,0,0,0,0,0,0,0,0,0,0,0,0,0,0,0,0,0,0,0,0,0,0,338,2026-02-07 01:53:41.620194
PHR,49.96,49.95,49.97,50000000.0,50000000.0,0,0,0,0,0,0,0,0,0,0,0,0,0,0,0,0,0,0,0,0,0,0,0,0,0,0,338,2026-02-07 01:53:41.620194
BYL,49.13,49.12,49.14,50000000.0,50000000.0,0,0,0,0,0,0,0,0,0,0,0,0,0,0,0,0,0,0,0,0,0,0,0,0,0,0,338,2026-02-07 01:53:41.620194
CLD,75.61,75.6,75.62,50000000.0,50000000.0,0,0,0,0,0,0,0,0,0,0,0,0,0,0,0,0,0,0,0,0,0,0,0,0,0,0,338,2026-02-07 01:53:41.620194
GGD,31.45,31.44,31.46,50000000.0,50000000.0,0,0,0,0,0,0,0,0,0,0,0,0,0,0,0,0,0,0,0,0,0,0,0,0,0,0,338,2026-02-07 01:53:41.620194
PNR,58.61,58.6,58.62,50000000.0,50000000.0,0,0,0,0,0,0,0,0,0,0,0,0,0,0,0,0,0,0,0,0,0,0,0,0,0,0,338,2026-02-07 01:53:41.620194
FSR,32.49,32.48,32.5,50000000.0,50000000.0,0,0,0,0,0,0,0,0,0,0,0,0,0,0,0,0,0,0,0,0,0,0,0,0,0,0,338,2026-02-07 01:53:41.620194
ATB,58.58,58.57,58.59,50000000.0,50000000.0,0,0,0,0,0,0,0,0,0,0,0,0,0,0,0,0,0,0,0,0,0,0,0,0,0,0,338,2026-02-07 01:53:41.620194
SPK,55.04,55.03,55.05,50000000.0,50000000.0,0,0,0,0,0,0,0,0,0,0,0,0,0,0,0,0,0,0,0,0,0,0,0,0,0,0,338,2026-02-07 01:53:41.620194
EEC,54.38,54.37,54.39,50000000.0,50000000.0,0,0,0,0,0,0,0,0,0,0,0,0,0,0,0,0,0,0,0,0,0,0,0,0,0,0,338,2026-02-07 01:53:41.620194
TGX,44.09,44.08,44.1,50000000.0,50000000.0,0,0,0,0,0,0,0,0,0,0,0,0,0,0,0,0,0,0,0,0,0,0,0,0,0,0,339,2026-02-07 01:53:42.739057
PHR,49.41,49.4,49.42,50000000.0,50000000.0,0,0,0,0,0,0,0,0,0,0,0,0,0,0,0,0,0,0,0,0,0,0,0,0,0,0,339,2026-02-07 01:53:42.739057
BYL,49.13,49.12,49.14,50000000.0,50000000.0,0,0,0,0,0,0,0,0,0,0,0,0,0,0,0,0,0,0,0,0,0,0,0,0,0,0,339,2026-02-07 01:53:42.739057
CLD,75.58,75.57,75.59,50000000.0,50000000.0,0,0,0,0,0,0,0,0,0,0,0,0,0,0,0,0,0,0,0,0,0,0,0,0,0,0,339,2026-02-07 01:53:42.739057
GGD,31.5,31.49,31.51,50000000.0,50000000.0,0,0,0,0,0,0,0,0,0,0,0,0,0,0,0,0,0,0,0,0,0,0,0,0,0,0,339,2026-02-07 01:53:42.739057
PNR,58.5,58.49,58.51,50000000.0,50000000.0,0,0,0,0,0,0,0,0,0,0,0,0,0,0,0,0,0,0,0,0,0,0,0,0,0,0,339,2026-02-07 01:53:42.739057
FSR,32.43,32.42,32.44,50000000.0,50000000.0,0,0,0,0,0,0,0,0,0,0,0,0,0,0,0,0,0,0,0,0,0,0,0,0,0,0,339,2026-02-07 01:53:42.739057
ATB,58.63,58.62,58.64,50000000.0,50000000.0,0,0,0,0,0,0,0,0,0,0,0,0,0,0,0,0,0,0,0,0,0,0,0,0,0,0,339,2026-02-07 01:53:42.739057
SPK,55.26,55.25,55.27,50000000.0,50000000.0,0,0,0,0,0,0,0,0,0,0,0,0,0,0,0,0,0,0,0,0,0,0,0,0,0,0,339,2026-02-07 01:53:42.739057
EEC,54.85,54.84,54.86,50000000.0,50000000.0,0,0,0,0,0,0,0,0,0,0,0,0,0,0,0,0,0,0,0,0,0,0,0,0,0,0,339,2026-02-07 01:53:42.739057
TGX,44.09,44.08,44.1,50000000.0,50000000.0,0,0,0,0,0,0,0,0,0,0,0,0,0,0,0,0,0,0,0,0,0,0,0,0,0,0,340,2026-02-07 01:53:43.804856
PHR,49.46,49.45,49.47,50000000.0,50000000.0,0,0,0,0,0,0,0,0,0,0,0,0,0,0,0,0,0,0,0,0,0,0,0,0,0,0,340,2026-02-07 01:53:43.804856
BYL,49.11,49.1,49.12,50000000.0,50000000.0,0,0,0,0,0,0,0,0,0,0,0,0,0,0,0,0,0,0,0,0,0,0,0,0,0,0,340,2026-02-07 01:53:43.804856
CLD,75.58,75.57,75.59,50000000.0,50000000.0,0,0,0,0,0,0,0,0,0,0,0,0,0,0,0,0,0,0,0,0,0,0,0,0,0,0,340,2026-02-07 01:53:43.804856
GGD,31.52,31.51,31.53,50000000.0,50000000.0,0,0,0,0,0,0,0,0,0,0,0,0,0,0,0,0,0,0,0,0,0,0,0,0,0,0,340,2026-02-07 01:53:43.804856
PNR,58.78,58.77,58.79,50000000.0,50000000.0,0,0,0,0,0,0,0,0,0,0,0,0,0,0,0,0,0,0,0,0,0,0,0,0,0,0,340,2026-02-07 01:53:43.804856
FSR,32.49,32.48,32.5,50000000.0,50000000.0,0,0,0,0,0,0,0,0,0,0,0,0,0,0,0,0,0,0,0,0,0,0,0,0,0,0,340,2026-02-07 01:53:43.804856
ATB,58.57,58.56,58.58,50000000.0,50000000.0,0,0,0,0,0,0,0,0,0,0,0,0,0,0,0,0,0,0,0,0,0,0,0,0,0,0,340,2026-02-07 01:53:43.804856
SPK,55.14,55.13,55.15,50000000.0,50000000.0,0,0,0,0,0,0,0,0,0,0,0,0,0,0,0,0,0,0,0,0,0,0,0,0,0,0,340,2026-02-07 01:53:43.804856
EEC,54.62,54.61,54.63,50000000.0,50000000.0,0,0,0,0,0,0,0,0,0,0,0,0,0,0,0,0,0,0,0,0,0,0,0,0,0,0,340,2026-02-07 01:53:43.804856
TGX,44.02,44.01,44.03,50000000.0,50000000.0,0,0,0,0,0,0,0,0,0,0,0,0,0,0,0,0,0,0,0,0,0,0,0,0,0,0,341,2026-02-07 01:53:44.911279
PHR,49.7,49.69,49.71,50000000.0,50000000.0,0,0,0,0,0,0,0,0,0,0,0,0,0,0,0,0,0,0,0,0,0,0,0,0,0,0,341,2026-02-07 01:53:44.911279
BYL,49.14,49.13,49.15,50000000.0,50000000.0,0,0,0,0,0,0,0,0,0,0,0,0,0,0,0,0,0,0,0,0,0,0,0,0,0,0,341,2026-02-07 01:53:44.911279
CLD,75.59,75.58,75.6,50000000.0,50000000.0,0,0,0,0,0,0,0,0,0,0,0,0,0,0,0,0,0,0,0,0,0,0,0,0,0,0,341,2026-02-07 01:53:44.911279
GGD,31.51,31.5,31.52,50000000.0,50000000.0,0,0,0,0,0,0,0,0,0,0,0,0,0,0,0,0,0,0,0,0,0,0,0,0,0,0,341,2026-02-07 01:53:44.911279
PNR,58.92,58.91,58.93,50000000.0,50000000.0,0,0,0,0,0,0,0,0,0,0,0,0,0,0,0,0,0,0,0,0,0,0,0,0,0,0,341,2026-02-07 01:53:44.911279
FSR,33.81,33.8,33.82,50000000.0,50000000.0,0,0,0,0,0,0,0,0,0,0,0,0,0,0,0,0,0,0,0,0,0,0,0,0,0,0,341,2026-02-07 01:53:44.911279
ATB,58.71,58.7,58.72,50000000.0,50000000.0,0,0,0,0,0,0,0,0,0,0,0,0,0,0,0,0,0,0,0,0,0,0,0,0,0,0,341,2026-02-07 01:53:44.911279
SPK,55.26,55.25,55.27,50000000.0,50000000.0,0,0,0,0,0,0,0,0,0,0,0,0,0,0,0,0,0,0,0,0,0,0,0,0,0,0,341,2026-02-07 01:53:44.911279
EEC,54.94,54.93,54.95,50000000.0,50000000.0,0,0,0,0,0,0,0,0,0,0,0,0,0,0,0,0,0,0,0,0,0,0,0,0,0,0,341,2026-02-07 01:53:44.911279
TGX,44.02,44.01,44.03,50000000.0,50000000.0,0,0,0,0,0,0,0,0,0,0,0,0,0,0,0,0,0,0,0,0,0,0,0,0,0,0,342,2026-02-07 01:53:45.972568
PHR,49.33,49.32,49.34,50000000.0,50000000.0,0,0,0,0,0,0,0,0,0,0,0,0,0,0,0,0,0,0,0,0,0,0,0,0,0,0,342,2026-02-07 01:53:45.972568
BYL,49.23,49.22,49.24,50000000.0,50000000.0,0,0,0,0,0,0,0,0,0,0,0,0,0,0,0,0,0,0,0,0,0,0,0,0,0,0,342,2026-02-07 01:53:45.972568
CLD,75.9,75.89,75.91,50000000.0,50000000.0,0,0,0,0,0,0,0,0,0,0,0,0,0,0,0,0,0,0,0,0,0,0,0,0,0,0,342,2026-02-07 01:53:45.972568
GGD,31.51,31.5,31.52,50000000.0,50000000.0,0,0,0,0,0,0,0,0,0,0,0,0,0,0,0,0,0,0,0,0,0,0,0,0,0,0,342,2026-02-07 01:53:45.972568
PNR,59.02,59.01,59.03,50000000.0,50000000.0,0,0,0,0,0,0,0,0,0,0,0,0,0,0,0,0,0,0,0,0,0,0,0,0,0,0,342,2026-02-07 01:53:45.972568
FSR,33.85,33.84,33.86,50000000.0,50000000.0,0,0,0,0,0,0,0,0,0,0,0,0,0,0,0,0,0,0,0,0,0,0,0,0,0,0,342,2026-02-07 01:53:45.972568
ATB,58.58,58.57,58.59,50000000.0,50000000.0,0,0,0,0,0,0,0,0,0,0,0,0,0,0,0,0,0,0,0,0,0,0,0,0,0,0,342,2026-02-07 01:53:45.972568
SPK,55.36,55.35,55.37,50000000.0,50000000.0,0,0,0,0,0,0,0,0,0,0,0,0,0,0,0,0,0,0,0,0,0,0,0,0,0,0,342,2026-02-07 01:53:45.972568
EEC,55.18,55.17,55.19,50000000.0,50000000.0,0,0,0,0,0,0,0,0,0,0,0,0,0,0,0,0,0,0,0,0,0,0,0,0,0,0,342,2026-02-07 01:53:45.972568
TGX,43.96,43.95,43.97,50000000.0,50000000.0,0,0,0,0,0,0,0,0,0,0,0,0,0,0,0,0,0,0,0,0,0,0,0,0,0,0,343,2026-02-07 01:53:46.551813
PHR,49.16,49.15,49.17,50000000.0,50000000.0,0,0,0,0,0,0,0,0,0,0,0,0,0,0,0,0,0,0,0,0,0,0,0,0,0,0,343,2026-02-07 01:53:46.551813
BYL,49.38,49.37,49.39,50000000.0,50000000.0,0,0,0,0,0,0,0,0,0,0,0,0,0,0,0,0,0,0,0,0,0,0,0,0,0,0,343,2026-02-07 01:53:46.551813
CLD,76.08,76.07,76.09,50000000.0,50000000.0,0,0,0,0,0,0,0,0,0,0,0,0,0,0,0,0,0,0,0,0,0,0,0,0,0,0,343,2026-02-07 01:53:46.551813
GGD,31.54,31.53,31.55,50000000.0,50000000.0,0,0,0,0,0,0,0,0,0,0,0,0,0,0,0,0,0,0,0,0,0,0,0,0,0,0,343,2026-02-07 01:53:46.551813
PNR,58.93,58.92,58.94,50000000.0,50000000.0,0,0,0,0,0,0,0,0,0,0,0,0,0,0,0,0,0,0,0,0,0,0,0,0,0,0,343,2026-02-07 01:53:46.551813
FSR,33.89,33.88,33.9,50000000.0,50000000.0,0,0,0,0,0,0,0,0,0,0,0,0,0,0,0,0,0,0,0,0,0,0,0,0,0,0,343,2026-02-07 01:53:46.551813
ATB,58.63,58.62,58.64,50000000.0,50000000.0,0,0,0,0,0,0,0,0,0,0,0,0,0,0,0,0,0,0,0,0,0,0,0,0,0,0,343,2026-02-07 01:53:46.551813
SPK,55.49,55.48,55.5,50000000.0,50000000.0,0,0,0,0,0,0,0,0,0,0,0,0,0,0,0,0,0,0,0,0,0,0,0,0,0,0,343,2026-02-07 01:53:46.551813
EEC,55.38,55.37,55.39,50000000.0,50000000.0,0,0,0,0,0,0,0,0,0,0,0,0,0,0,0,0,0,0,0,0,0,0,0,0,0,0,343,2026-02-07 01:53:46.551813
TGX,43.9,43.89,43.91,50000000.0,50000000.0,0,0,0,0,0,0,0,0,0,0,0,0,0,0,0,0,0,0,0,0,0,0,0,0,0,0,344,2026-02-07 01:53:47.635518
PHR,49.23,49.22,49.24,50000000.0,50000000.0,0,0,0,0,0,0,0,0,0,0,0,0,0,0,0,0,0,0,0,0,0,0,0,0,0,0,344,2026-02-07 01:53:47.635518
BYL,49.45,49.44,49.46,50000000.0,50000000.0,0,0,0,0,0,0,0,0,0,0,0,0,0,0,0,0,0,0,0,0,0,0,0,0,0,0,344,2026-02-07 01:53:47.635518
CLD,76.14,76.13,76.15,50000000.0,50000000.0,0,0,0,0,0,0,0,0,0,0,0,0,0,0,0,0,0,0,0,0,0,0,0,0,0,0,344,2026-02-07 01:53:47.635518
GGD,31.54,31.53,31.55,50000000.0,50000000.0,0,0,0,0,0,0,0,0,0,0,0,0,0,0,0,0,0,0,0,0,0,0,0,0,0,0,344,2026-02-07 01:53:47.635518
PNR,59.07,59.06,59.08,50000000.0,50000000.0,0,0,0,0,0,0,0,0,0,0,0,0,0,0,0,0,0,0,0,0,0,0,0,0,0,0,344,2026-02-07 01:53:47.635518
FSR,33.9,33.89,33.91,50000000.0,50000000.0,0,0,0,0,0,0,0,0,0,0,0,0,0,0,0,0,0,0,0,0,0,0,0,0,0,0,344,2026-02-07 01:53:47.635518
ATB,58.75,58.74,58.76,50000000.0,50000000.0,0,0,0,0,0,0,0,0,0,0,0,0,0,0,0,0,0,0,0,0,0,0,0,0,0,0,344,2026-02-07 01:53:47.635518
SPK,55.62,55.61,55.63,50000000.0,50000000.0,0,0,0,0,0,0,0,0,0,0,0,0,0,0,0,0,0,0,0,0,0,0,0,0,0,0,344,2026-02-07 01:53:47.635518
EEC,55.75,55.74,55.76,50000000.0,50000000.0,0,0,0,0,0,0,0,0,0,0,0,0,0,0,0,0,0,0,0,0,0,0,0,0,0,0,344,2026-02-07 01:53:47.635518
TGX,43.89,43.88,43.9,50000000.0,50000000.0,0,0,0,0,0,0,0,0,0,0,0,0,0,0,0,0,0,0,0,0,0,0,0,0,0,0,345,2026-02-07 01:53:48.704309
PHR,49.02,49.01,49.03,50000000.0,50000000.0,0,0,0,0,0,0,0,0,0,0,0,0,0,0,0,0,0,0,0,0,0,0,0,0,0,0,345,2026-02-07 01:53:48.704309
BYL,49.49,49.48,49.5,50000000.0,50000000.0,0,0,0,0,0,0,0,0,0,0,0,0,0,0,0,0,0,0,0,0,0,0,0,0,0,0,345,2026-02-07 01:53:48.704309
CLD,76.2,76.19,76.21,50000000.0,50000000.0,0,0,0,0,0,0,0,0,0,0,0,0,0,0,0,0,0,0,0,0,0,0,0,0,0,0,345,2026-02-07 01:53:48.704309
GGD,31.6,31.59,31.61,50000000.0,50000000.0,0,0,0,0,0,0,0,0,0,0,0,0,0,0,0,0,0,0,0,0,0,0,0,0,0,0,345,2026-02-07 01:53:48.704309
PNR,59.48,59.47,59.49,50000000.0,50000000.0,0,0,0,0,0,0,0,0,0,0,0,0,0,0,0,0,0,0,0,0,0,0,0,0,0,0,345,2026-02-07 01:53:48.704309
FSR,33.87,33.86,33.88,50000000.0,50000000.0,0,0,0,0,0,0,0,0,0,0,0,0,0,0,0,0,0,0,0,0,0,0,0,0,0,0,345,2026-02-07 01:53:48.704309
ATB,58.66,58.65,58.67,50000000.0,50000000.0,0,0,0,0,0,0,0,0,0,0,0,0,0,0,0,0,0,0,0,0,0,0,0,0,0,0,345,2026-02-07 01:53:48.704309
SPK,55.67,55.66,55.68,50000000.0,50000000.0,0,0,0,0,0,0,0,0,0,0,0,0,0,0,0,0,0,0,0,0,0,0,0,0,0,0,345,2026-02-07 01:53:48.704309
EEC,55.83,55.82,55.84,50000000.0,50000000.0,0,0,0,0,0,0,0,0,0,0,0,0,0,0,0,0,0,0,0,0,0,0,0,0,0,0,345,2026-02-07 01:53:48.704309
TGX,43.88,43.87,43.89,50000000.0,50000000.0,0,0,0,0,0,0,0,0,0,0,0,0,0,0,0,0,0,0,0,0,0,0,0,0,0,0,346,2026-02-07 01:53:49.759994
PHR,48.74,48.73,48.75,50000000.0,50000000.0,0,0,0,0,0,0,0,0,0,0,0,0,0,0,0,0,0,0,0,0,0,0,0,0,0,0,346,2026-02-07 01:53:49.759994
BYL,49.97,49.96,49.98,50000000.0,50000000.0,0,0,0,0,0,0,0,0,0,0,0,0,0,0,0,0,0,0,0,0,0,0,0,0,0,0,346,2026-02-07 01:53:49.759994
CLD,76.99,76.98,77.0,50000000.0,50000000.0,0,0,0,0,0,0,0,0,0,0,0,0,0,0,0,0,0,0,0,0,0,0,0,0,0,0,346,2026-02-07 01:53:49.759994
GGD,31.62,31.61,31.63,50000000.0,50000000.0,0,0,0,0,0,0,0,0,0,0,0,0,0,0,0,0,0,0,0,0,0,0,0,0,0,0,346,2026-02-07 01:53:49.759994
PNR,59.8,59.79,59.81,50000000.0,50000000.0,0,0,0,0,0,0,0,0,0,0,0,0,0,0,0,0,0,0,0,0,0,0,0,0,0,0,346,2026-02-07 01:53:49.759994
FSR,33.88,33.87,33.89,50000000.0,50000000.0,0,0,0,0,0,0,0,0,0,0,0,0,0,0,0,0,0,0,0,0,0,0,0,0,0,0,346,2026-02-07 01:53:49.759994
ATB,58.74,58.73,58.75,50000000.0,50000000.0,0,0,0,0,0,0,0,0,0,0,0,0,0,0,0,0,0,0,0,0,0,0,0,0,0,0,346,2026-02-07 01:53:49.759994
SPK,55.69,55.68,55.7,50000000.0,50000000.0,0,0,0,0,0,0,0,0,0,0,0,0,0,0,0,0,0,0,0,0,0,0,0,0,0,0,346,2026-02-07 01:53:49.759994
EEC,55.95,55.94,55.96,50000000.0,50000000.0,0,0,0,0,0,0,0,0,0,0,0,0,0,0,0,0,0,0,0,0,0,0,0,0,0,0,346,2026-02-07 01:53:49.759994
TGX,43.91,43.9,43.92,50000000.0,50000000.0,0,0,0,0,0,0,0,0,0,0,0,0,0,0,0,0,0,0,0,0,0,0,0,0,0,0,347,2026-02-07 01:53:50.817945
PHR,48.48,48.47,48.49,50000000.0,50000000.0,0,0,0,0,0,0,0,0,0,0,0,0,0,0,0,0,0,0,0,0,0,0,0,0,0,0,347,2026-02-07 01:53:50.817945
BYL,49.89,49.88,49.9,50000000.0,50000000.0,0,0,0,0,0,0,0,0,0,0,0,0,0,0,0,0,0,0,0,0,0,0,0,0,0,0,347,2026-02-07 01:53:50.817945
CLD,76.92,76.91,76.93,50000000.0,50000000.0,0,0,0,0,0,0,0,0,0,0,0,0,0,0,0,0,0,0,0,0,0,0,0,0,0,0,347,2026-02-07 01:53:50.817945
GGD,31.63,31.62,31.64,50000000.0,50000000.0,0,0,0,0,0,0,0,0,0,0,0,0,0,0,0,0,0,0,0,0,0,0,0,0,0,0,347,2026-02-07 01:53:50.817945
PNR,59.8,59.79,59.81,50000000.0,50000000.0,0,0,0,0,0,0,0,0,0,0,0,0,0,0,0,0,0,0,0,0,0,0,0,0,0,0,347,2026-02-07 01:53:50.817945
FSR,33.85,33.84,33.86,50000000.0,50000000.0,0,0,0,0,0,0,0,0,0,0,0,0,0,0,0,0,0,0,0,0,0,0,0,0,0,0,347,2026-02-07 01:53:50.817945
ATB,58.82,58.81,58.83,50000000.0,50000000.0,0,0,0,0,0,0,0,0,0,0,0,0,0,0,0,0,0,0,0,0,0,0,0,0,0,0,347,2026-02-07 01:53:50.817945
SPK,55.59,55.58,55.6,50000000.0,50000000.0,0,0,0,0,0,0,0,0,0,0,0,0,0,0,0,0,0,0,0,0,0,0,0,0,0,0,347,2026-02-07 01:53:50.817945
EEC,55.6,55.59,55.61,50000000.0,50000000.0,0,0,0,0,0,0,0,0,0,0,0,0,0,0,0,0,0,0,0,0,0,0,0,0,0,0,347,2026-02-07 01:53:50.817945
TGX,43.95,43.94,43.96,50000000.0,50000000.0,0,0,0,0,0,0,0,0,0,0,0,0,0,0,0,0,0,0,0,0,0,0,0,0,0,0,348,2026-02-07 01:53:51.891683
PHR,48.51,48.5,48.52,50000000.0,50000000.0,0,0,0,0,0,0,0,0,0,0,0,0,0,0,0,0,0,0,0,0,0,0,0,0,0,0,348,2026-02-07 01:53:51.891683
BYL,49.89,49.88,49.9,50000000.0,50000000.0,0,0,0,0,0,0,0,0,0,0,0,0,0,0,0,0,0,0,0,0,0,0,0,0,0,0,348,2026-02-07 01:53:51.891683
CLD,76.91,76.9,76.92,50000000.0,50000000.0,0,0,0,0,0,0,0,0,0,0,0,0,0,0,0,0,0,0,0,0,0,0,0,0,0,0,348,2026-02-07 01:53:51.891683
GGD,31.68,31.67,31.69,50000000.0,50000000.0,0,0,0,0,0,0,0,0,0,0,0,0,0,0,0,0,0,0,0,0,0,0,0,0,0,0,348,2026-02-07 01:53:51.891683
PNR,59.71,59.7,59.72,50000000.0,50000000.0,0,0,0,0,0,0,0,0,0,0,0,0,0,0,0,0,0,0,0,0,0,0,0,0,0,0,348,2026-02-07 01:53:51.891683
FSR,33.82,33.81,33.83,50000000.0,50000000.0,0,0,0,0,0,0,0,0,0,0,0,0,0,0,0,0,0,0,0,0,0,0,0,0,0,0,348,2026-02-07 01:53:51.891683
ATB,58.86,58.85,58.87,50000000.0,50000000.0,0,0,0,0,0,0,0,0,0,0,0,0,0,0,0,0,0,0,0,0,0,0,0,0,0,0,348,2026-02-07 01:53:51.891683
SPK,55.53,55.52,55.54,50000000.0,50000000.0,0,0,0,0,0,0,0,0,0,0,0,0,0,0,0,0,0,0,0,0,0,0,0,0,0,0,348,2026-02-07 01:53:51.891683
EEC,55.38,55.37,55.39,50000000.0,50000000.0,0,0,0,0,0,0,0,0,0,0,0,0,0,0,0,0,0,0,0,0,0,0,0,0,0,0,348,2026-02-07 01:53:51.891683
TGX,43.92,43.91,43.93,50000000.0,50000000.0,0,0,0,0,0,0,0,0,0,0,0,0,0,0,0,0,0,0,0,0,0,0,0,0,0,0,349,2026-02-07 01:53:52.938952
PHR,48.44,48.43,48.45,50000000.0,50000000.0,0,0,0,0,0,0,0,0,0,0,0,0,0,0,0,0,0,0,0,0,0,0,0,0,0,0,349,2026-02-07 01:53:52.938952
BYL,49.59,49.58,49.6,50000000.0,50000000.0,0,0,0,0,0,0,0,0,0,0,0,0,0,0,0,0,0,0,0,0,0,0,0,0,0,0,349,2026-02-07 01:53:52.938952
CLD,76.39,76.38,76.4,50000000.0,50000000.0,0,0,0,0,0,0,0,0,0,0,0,0,0,0,0,0,0,0,0,0,0,0,0,0,0,0,349,2026-02-07 01:53:52.938952
GGD,31.65,31.64,31.66,50000000.0,50000000.0,0,0,0,0,0,0,0,0,0,0,0,0,0,0,0,0,0,0,0,0,0,0,0,0,0,0,349,2026-02-07 01:53:52.938952
PNR,59.58,59.57,59.59,50000000.0,50000000.0,0,0,0,0,0,0,0,0,0,0,0,0,0,0,0,0,0,0,0,0,0,0,0,0,0,0,349,2026-02-07 01:53:52.938952
FSR,33.82,33.81,33.83,50000000.0,50000000.0,0,0,0,0,0,0,0,0,0,0,0,0,0,0,0,0,0,0,0,0,0,0,0,0,0,0,349,2026-02-07 01:53:52.938952
ATB,58.85,58.84,58.86,50000000.0,50000000.0,0,0,0,0,0,0,0,0,0,0,0,0,0,0,0,0,0,0,0,0,0,0,0,0,0,0,349,2026-02-07 01:53:52.938952
SPK,55.49,55.48,55.5,50000000.0,50000000.0,0,0,0,0,0,0,0,0,0,0,0,0,0,0,0,0,0,0,0,0,0,0,0,0,0,0,349,2026-02-07 01:53:52.938952
EEC,55.35,55.34,55.36,50000000.0,50000000.0,0,0,0,0,0,0,0,0,0,0,0,0,0,0,0,0,0,0,0,0,0,0,0,0,0,0,349,2026-02-07 01:53:52.938952
TGX,43.95,43.94,43.96,50000000.0,50000000.0,0,0,0,0,0,0,0,0,0,0,0,0,0,0,0,0,0,0,0,0,0,0,0,0,0,0,350,2026-02-07 01:53:53.985600
PHR,48.48,48.47,48.49,50000000.0,50000000.0,0,0,0,0,0,0,0,0,0,0,0,0,0,0,0,0,0,0,0,0,0,0,0,0,0,0,350,2026-02-07 01:53:53.985600
BYL,49.55,49.54,49.56,50000000.0,50000000.0,0,0,0,0,0,0,0,0,0,0,0,0,0,0,0,0,0,0,0,0,0,0,0,0,0,0,350,2026-02-07 01:53:53.985600
CLD,76.3,76.29,76.31,50000000.0,50000000.0,0,0,0,0,0,0,0,0,0,0,0,0,0,0,0,0,0,0,0,0,0,0,0,0,0,0,350,2026-02-07 01:53:53.985600
GGD,31.63,31.62,31.64,50000000.0,50000000.0,0,0,0,0,0,0,0,0,0,0,0,0,0,0,0,0,0,0,0,0,0,0,0,0,0,0,350,2026-02-07 01:53:53.985600
PNR,59.63,59.62,59.64,50000000.0,50000000.0,0,0,0,0,0,0,0,0,0,0,0,0,0,0,0,0,0,0,0,0,0,0,0,0,0,0,350,2026-02-07 01:53:53.985600
FSR,33.81,33.8,33.82,50000000.0,50000000.0,0,0,0,0,0,0,0,0,0,0,0,0,0,0,0,0,0,0,0,0,0,0,0,0,0,0,350,2026-02-07 01:53:53.985600
ATB,59.14,59.13,59.15,50000000.0,50000000.0,0,0,0,0,0,0,0,0,0,0,0,0,0,0,0,0,0,0,0,0,0,0,0,0,0,0,350,2026-02-07 01:53:53.985600
SPK,55.46,55.45,55.47,50000000.0,50000000.0,0,0,0,0,0,0,0,0,0,0,0,0,0,0,0,0,0,0,0,0,0,0,0,0,0,0,350,2026-02-07 01:53:53.985600
EEC,55.34,55.33,55.35,50000000.0,50000000.0,0,0,0,0,0,0,0,0,0,0,0,0,0,0,0,0,0,0,0,0,0,0,0,0,0,0,350,2026-02-07 01:53:53.985600
TGX,43.9,43.89,43.91,50000000.0,50000000.0,0,0,0,0,0,0,0,0,0,0,0,0,0,0,0,0,0,0,0,0,0,0,0,0,0,0,351,2026-02-07 01:53:55.030007
PHR,48.63,48.62,48.64,50000000.0,50000000.0,0,0,0,0,0,0,0,0,0,0,0,0,0,0,0,0,0,0,0,0,0,0,0,0,0,0,351,2026-02-07 01:53:55.030007
BYL,49.34,49.33,49.35,50000000.0,50000000.0,0,0,0,0,0,0,0,0,0,0,0,0,0,0,0,0,0,0,0,0,0,0,0,0,0,0,351,2026-02-07 01:53:55.030007
CLD,75.94,75.93,75.95,50000000.0,50000000.0,0,0,0,0,0,0,0,0,0,0,0,0,0,0,0,0,0,0,0,0,0,0,0,0,0,0,351,2026-02-07 01:53:55.030007
GGD,31.64,31.63,31.65,50000000.0,50000000.0,0,0,0,0,0,0,0,0,0,0,0,0,0,0,0,0,0,0,0,0,0,0,0,0,0,0,351,2026-02-07 01:53:55.030007
PNR,59.91,59.9,59.92,50000000.0,50000000.0,0,0,0,0,0,0,0,0,0,0,0,0,0,0,0,0,0,0,0,0,0,0,0,0,0,0,351,2026-02-07 01:53:55.030007
FSR,33.84,33.83,33.85,50000000.0,50000000.0,0,0,0,0,0,0,0,0,0,0,0,0,0,0,0,0,0,0,0,0,0,0,0,0,0,0,351,2026-02-07 01:53:55.030007
ATB,59.1,59.09,59.11,50000000.0,50000000.0,0,0,0,0,0,0,0,0,0,0,0,0,0,0,0,0,0,0,0,0,0,0,0,0,0,0,351,2026-02-07 01:53:55.030007
SPK,55.49,55.48,55.5,50000000.0,50000000.0,0,0,0,0,0,0,0,0,0,0,0,0,0,0,0,0,0,0,0,0,0,0,0,0,0,0,351,2026-02-07 01:53:55.030007
EEC,55.47,55.46,55.48,50000000.0,50000000.0,0,0,0,0,0,0,0,0,0,0,0,0,0,0,0,0,0,0,0,0,0,0,0,0,0,0,351,2026-02-07 01:53:55.030007
TGX,43.9,43.89,43.91,50000000.0,50000000.0,0,0,0,0,0,0,0,0,0,0,0,0,0,0,0,0,0,0,0,0,0,0,0,0,0,0,352,2026-02-07 01:53:55.569740
PHR,48.19,48.18,48.2,50000000.0,50000000.0,0,0,0,0,0,0,0,0,0,0,0,0,0,0,0,0,0,0,0,0,0,0,0,0,0,0,352,2026-02-07 01:53:55.569740
BYL,49.54,49.53,49.55,50000000.0,50000000.0,0,0,0,0,0,0,0,0,0,0,0,0,0,0,0,0,0,0,0,0,0,0,0,0,0,0,352,2026-02-07 01:53:55.569740
CLD,76.2,76.19,76.21,50000000.0,50000000.0,0,0,0,0,0,0,0,0,0,0,0,0,0,0,0,0,0,0,0,0,0,0,0,0,0,0,352,2026-02-07 01:53:55.569740
GGD,31.63,31.62,31.64,50000000.0,50000000.0,0,0,0,0,0,0,0,0,0,0,0,0,0,0,0,0,0,0,0,0,0,0,0,0,0,0,352,2026-02-07 01:53:55.569740
PNR,60.11,60.1,60.12,50000000.0,50000000.0,0,0,0,0,0,0,0,0,0,0,0,0,0,0,0,0,0,0,0,0,0,0,0,0,0,0,352,2026-02-07 01:53:55.569740
FSR,33.83,33.82,33.84,50000000.0,50000000.0,0,0,0,0,0,0,0,0,0,0,0,0,0,0,0,0,0,0,0,0,0,0,0,0,0,0,352,2026-02-07 01:53:55.569740
ATB,59.08,59.07,59.09,50000000.0,50000000.0,0,0,0,0,0,0,0,0,0,0,0,0,0,0,0,0,0,0,0,0,0,0,0,0,0,0,352,2026-02-07 01:53:55.569740
SPK,55.66,55.65,55.67,50000000.0,50000000.0,0,0,0,0,0,0,0,0,0,0,0,0,0,0,0,0,0,0,0,0,0,0,0,0,0,0,352,2026-02-07 01:53:55.569740
EEC,55.82,55.81,55.83,50000000.0,50000000.0,0,0,0,0,0,0,0,0,0,0,0,0,0,0,0,0,0,0,0,0,0,0,0,0,0,0,352,2026-02-07 01:53:55.569740
TGX,43.94,43.93,43.95,50000000.0,50000000.0,0,0,0,0,0,0,0,0,0,0,0,0,0,0,0,0,0,0,0,0,0,0,0,0,0,0,353,2026-02-07 01:53:56.633833,34.0,1.0,352.0,D5-SPK/EEC,Project Finance Commitment Secured,Major banks commit $2.5B in project finance for combined entity's development pipeline.
PHR,48.59,48.58,48.6,50000000.0,50000000.0,0,0,0,0,0,0,0,0,0,0,0,0,0,0,0,0,0,0,0,0,0,0,0,0,0,0,353,2026-02-07 01:53:56.633833,33.0,1.0,352.0,D3-GGD/PNR,Pipeline Safety Review Announced,Department of Transportation initiates review of combined entity's pipeline infrastructure safety record.
BYL,49.74,49.73,49.75,50000000.0,50000000.0,0,0,0,0,0,0,0,0,0,0,0,0,0,0,0,0,0,0,0,0,0,0,0,0,0,0,353,2026-02-07 01:53:56.633833,,,,,,
CLD,76.5,76.49,76.51,50000000.0,50000000.0,0,0,0,0,0,0,0,0,0,0,0,0,0,0,0,0,0,0,0,0,0,0,0,0,0,0,353,2026-02-07 01:53:56.633833,,,,,,
GGD,31.66,31.65,31.67,50000000.0,50000000.0,0,0,0,0,0,0,0,0,0,0,0,0,0,0,0,0,0,0,0,0,0,0,0,0,0,0,353,2026-02-07 01:53:56.633833,,,,,,
PNR,60.13,60.12,60.14,50000000.0,50000000.0,0,0,0,0,0,0,0,0,0,0,0,0,0,0,0,0,0,0,0,0,0,0,0,0,0,0,353,2026-02-07 01:53:56.633833,,,,,,
FSR,33.84,33.83,33.85,50000000.0,50000000.0,0,0,0,0,0,0,0,0,0,0,0,0,0,0,0,0,0,0,0,0,0,0,0,0,0,0,353,2026-02-07 01:53:56.633833,,,,,,
ATB,59.01,59.0,59.02,50000000.0,50000000.0,0,0,0,0,0,0,0,0,0,0,0,0,0,0,0,0,0,0,0,0,0,0,0,0,0,0,353,2026-02-07 01:53:56.633833,,,,,,
SPK,55.59,55.58,55.6,50000000.0,50000000.0,0,0,0,0,0,0,0,0,0,0,0,0,0,0,0,0,0,0,0,0,0,0,0,0,0,0,353,2026-02-07 01:53:56.633833,,,,,,
EEC,55.58,55.57,55.59,50000000.0,50000000.0,0,0,0,0,0,0,0,0,0,0,0,0,0,0,0,0,0,0,0,0,0,0,0,0,0,0,353,2026-02-07 01:53:56.633833,,,,,,
TGX,43.97,43.96,43.98,50000000.0,50000000.0,0,0,0,0,0,0,0,0,0,0,0,0,0,0,0,0,0,0,0,0,0,0,0,0,0,0,354,2026-02-07 01:53:57.768839,35.0,1.0,353.0,D3-GGD/PNR,Unusual Institutional Trading Activity Observed in GGD,"Market data providers have flagged elevated block trading activity in GreenGrid shares over the past several sessions, with several large institutional orders executed through dark pools. The direction and motivation behind the flows remain unclear, with some observers attributing them to merger arbitrage fund repositioning and others speculating about potential changes in institutional voting intentions ahead of the shareholder meeting."
PHR,48.65,48.64,48.66,50000000.0,50000000.0,0,0,0,0,0,0,0,0,0,0,0,0,0,0,0,0,0,0,0,0,0,0,0,0,0,0,354,2026-02-07 01:53:57.768839,,,,,,
BYL,49.72,49.71,49.73,50000000.0,50000000.0,0,0,0,0,0,0,0,0,0,0,0,0,0,0,0,0,0,0,0,0,0,0,0,0,0,0,354,2026-02-07 01:53:57.768839,,,,,,
CLD,76.57,76.56,76.58,50000000.0,50000000.0,0,0,0,0,0,0,0,0,0,0,0,0,0,0,0,0,0,0,0,0,0,0,0,0,0,0,354,2026-02-07 01:53:57.768839,,,,,,
GGD,31.62,31.61,31.63,50000000.0,50000000.0,0,0,0,0,0,0,0,0,0,0,0,0,0,0,0,0,0,0,0,0,0,0,0,0,0,0,354,2026-02-07 01:53:57.768839,,,,,,
PNR,59.97,59.96,59.98,50000000.0,50000000.0,0,0,0,0,0,0,0,0,0,0,0,0,0,0,0,0,0,0,0,0,0,0,0,0,0,0,354,2026-02-07 01:53:57.768839,,,,,,
FSR,33.82,33.81,33.83,50000000.0,50000000.0,0,0,0,0,0,0,0,0,0,0,0,0,0,0,0,0,0,0,0,0,0,0,0,0,0,0,354,2026-02-07 01:53:57.768839,,,,,,
ATB,58.93,58.92,58.94,50000000.0,50000000.0,0,0,0,0,0,0,0,0,0,0,0,0,0,0,0,0,0,0,0,0,0,0,0,0,0,0,354,2026-02-07 01:53:57.768839,,,,,,
SPK,55.55,55.54,55.56,50000000.0,50000000.0,0,0,0,0,0,0,0,0,0,0,0,0,0,0,0,0,0,0,0,0,0,0,0,0,0,0,354,2026-02-07 01:53:57.768839,,,,,,
EEC,55.58,55.57,55.59,50000000.0,50000000.0,0,0,0,0,0,0,0,0,0,0,0,0,0,0,0,0,0,0,0,0,0,0,0,0,0,0,354,2026-02-07 01:53:57.768839,,,,,,
TGX,44.0,43.99,44.01,50000000.0,50000000.0,0,0,0,0,0,0,0,0,0,0,0,0,0,0,0,0,0,0,0,0,0,0,0,0,0,0,355,2026-02-07 01:53:58.873674
PHR,48.62,48.61,48.63,50000000.0,50000000.0,0,0,0,0,0,0,0,0,0,0,0,0,0,0,0,0,0,0,0,0,0,0,0,0,0,0,355,2026-02-07 01:53:58.873674
BYL,49.68,49.67,49.69,50000000.0,50000000.0,0,0,0,0,0,0,0,0,0,0,0,0,0,0,0,0,0,0,0,0,0,0,0,0,0,0,355,2026-02-07 01:53:58.873674
CLD,76.42,76.41,76.43,50000000.0,50000000.0,0,0,0,0,0,0,0,0,0,0,0,0,0,0,0,0,0,0,0,0,0,0,0,0,0,0,355,2026-02-07 01:53:58.873674
GGD,31.58,31.57,31.59,50000000.0,50000000.0,0,0,0,0,0,0,0,0,0,0,0,0,0,0,0,0,0,0,0,0,0,0,0,0,0,0,355,2026-02-07 01:53:58.873674
PNR,60.03,60.02,60.04,50000000.0,50000000.0,0,0,0,0,0,0,0,0,0,0,0,0,0,0,0,0,0,0,0,0,0,0,0,0,0,0,355,2026-02-07 01:53:58.873674
FSR,33.85,33.84,33.86,50000000.0,50000000.0,0,0,0,0,0,0,0,0,0,0,0,0,0,0,0,0,0,0,0,0,0,0,0,0,0,0,355,2026-02-07 01:53:58.873674
ATB,58.92,58.91,58.93,50000000.0,50000000.0,0,0,0,0,0,0,0,0,0,0,0,0,0,0,0,0,0,0,0,0,0,0,0,0,0,0,355,2026-02-07 01:53:58.873674
SPK,55.59,55.58,55.6,50000000.0,50000000.0,0,0,0,0,0,0,0,0,0,0,0,0,0,0,0,0,0,0,0,0,0,0,0,0,0,0,355,2026-02-07 01:53:58.873674
EEC,55.54,55.53,55.55,50000000.0,50000000.0,0,0,0,0,0,0,0,0,0,0,0,0,0,0,0,0,0,0,0,0,0,0,0,0,0,0,355,2026-02-07 01:53:58.873674
TGX,43.99,43.98,44.0,50000000.0,50000000.0,0,0,0,0,0,0,0,0,0,0,0,0,0,0,0,0,0,0,0,0,0,0,0,0,0,0,356,2026-02-07 01:53:59.939042
PHR,48.78,48.77,48.79,50000000.0,50000000.0,0,0,0,0,0,0,0,0,0,0,0,0,0,0,0,0,0,0,0,0,0,0,0,0,0,0,356,2026-02-07 01:53:59.939042
BYL,49.68,49.67,49.69,50000000.0,50000000.0,0,0,0,0,0,0,0,0,0,0,0,0,0,0,0,0,0,0,0,0,0,0,0,0,0,0,356,2026-02-07 01:53:59.939042
CLD,76.41,76.4,76.42,50000000.0,50000000.0,0,0,0,0,0,0,0,0,0,0,0,0,0,0,0,0,0,0,0,0,0,0,0,0,0,0,356,2026-02-07 01:53:59.939042
GGD,31.57,31.56,31.58,50000000.0,50000000.0,0,0,0,0,0,0,0,0,0,0,0,0,0,0,0,0,0,0,0,0,0,0,0,0,0,0,356,2026-02-07 01:53:59.939042
PNR,59.81,59.8,59.82,50000000.0,50000000.0,0,0,0,0,0,0,0,0,0,0,0,0,0,0,0,0,0,0,0,0,0,0,0,0,0,0,356,2026-02-07 01:53:59.939042
FSR,33.9,33.89,33.91,50000000.0,50000000.0,0,0,0,0,0,0,0,0,0,0,0,0,0,0,0,0,0,0,0,0,0,0,0,0,0,0,356,2026-02-07 01:53:59.939042
ATB,58.78,58.77,58.79,50000000.0,50000000.0,0,0,0,0,0,0,0,0,0,0,0,0,0,0,0,0,0,0,0,0,0,0,0,0,0,0,356,2026-02-07 01:53:59.939042
SPK,55.65,55.64,55.66,50000000.0,50000000.0,0,0,0,0,0,0,0,0,0,0,0,0,0,0,0,0,0,0,0,0,0,0,0,0,0,0,356,2026-02-07 01:53:59.939042
EEC,55.72,55.71,55.73,50000000.0,50000000.0,0,0,0,0,0,0,0,0,0,0,0,0,0,0,0,0,0,0,0,0,0,0,0,0,0,0,356,2026-02-07 01:53:59.939042
TGX,43.99,43.98,44.0,50000000.0,50000000.0,0,0,0,0,0,0,0,0,0,0,0,0,0,0,0,0,0,0,0,0,0,0,0,0,0,0,357,2026-02-07 01:54:01.003372
PHR,48.83,48.82,48.84,50000000.0,50000000.0,0,0,0,0,0,0,0,0,0,0,0,0,0,0,0,0,0,0,0,0,0,0,0,0,0,0,357,2026-02-07 01:54:01.003372
BYL,49.57,49.56,49.58,50000000.0,50000000.0,0,0,0,0,0,0,0,0,0,0,0,0,0,0,0,0,0,0,0,0,0,0,0,0,0,0,357,2026-02-07 01:54:01.003372
CLD,76.24,76.23,76.25,50000000.0,50000000.0,0,0,0,0,0,0,0,0,0,0,0,0,0,0,0,0,0,0,0,0,0,0,0,0,0,0,357,2026-02-07 01:54:01.003372
GGD,31.52,31.51,31.53,50000000.0,50000000.0,0,0,0,0,0,0,0,0,0,0,0,0,0,0,0,0,0,0,0,0,0,0,0,0,0,0,357,2026-02-07 01:54:01.003372
PNR,59.79,59.78,59.8,50000000.0,50000000.0,0,0,0,0,0,0,0,0,0,0,0,0,0,0,0,0,0,0,0,0,0,0,0,0,0,0,357,2026-02-07 01:54:01.003372
FSR,33.94,33.93,33.95,50000000.0,50000000.0,0,0,0,0,0,0,0,0,0,0,0,0,0,0,0,0,0,0,0,0,0,0,0,0,0,0,357,2026-02-07 01:54:01.003372
ATB,58.81,58.8,58.82,50000000.0,50000000.0,0,0,0,0,0,0,0,0,0,0,0,0,0,0,0,0,0,0,0,0,0,0,0,0,0,0,357,2026-02-07 01:54:01.003372
SPK,55.73,55.72,55.74,50000000.0,50000000.0,0,0,0,0,0,0,0,0,0,0,0,0,0,0,0,0,0,0,0,0,0,0,0,0,0,0,357,2026-02-07 01:54:01.003372
EEC,55.93,55.92,55.94,50000000.0,50000000.0,0,0,0,0,0,0,0,0,0,0,0,0,0,0,0,0,0,0,0,0,0,0,0,0,0,0,357,2026-02-07 01:54:01.003372
TGX,44.05,44.04,44.06,50000000.0,50000000.0,0,0,0,0,0,0,0,0,0,0,0,0,0,0,0,0,0,0,0,0,0,0,0,0,0,0,358,2026-02-07 01:54:01.590758,36.0,1.0,357.0,D2-BYL/CLD,Unusual Institutional Trading Activity Observed in BYL,"Market data providers have flagged elevated block trading activity in ByteLayer shares over the past several sessions, with several large institutional orders executed through dark pools. The direction and motivation behind the flows remain unclear, with some observers attributing them to merger arbitrage fund repositioning and others speculating about potential changes in institutional voting intentions ahead of the shareholder meeting."
PHR,49.19,49.18,49.2,50000000.0,50000000.0,0,0,0,0,0,0,0,0,0,0,0,0,0,0,0,0,0,0,0,0,0,0,0,0,0,0,358,2026-02-07 01:54:01.590758,,,,,,
BYL,50.12,50.11,50.13,50000000.0,50000000.0,0,0,0,0,0,0,0,0,0,0,0,0,0,0,0,0,0,0,0,0,0,0,0,0,0,0,358,2026-02-07 01:54:01.590758,,,,,,
CLD,77.19,77.18,77.2,50000000.0,50000000.0,0,0,0,0,0,0,0,0,0,0,0,0,0,0,0,0,0,0,0,0,0,0,0,0,0,0,358,2026-02-07 01:54:01.590758,,,,,,
GGD,31.37,31.36,31.38,50000000.0,50000000.0,0,0,0,0,0,0,0,0,0,0,0,0,0,0,0,0,0,0,0,0,0,0,0,0,0,0,358,2026-02-07 01:54:01.590758,,,,,,
PNR,59.59,59.58,59.6,50000000.0,50000000.0,0,0,0,0,0,0,0,0,0,0,0,0,0,0,0,0,0,0,0,0,0,0,0,0,0,0,358,2026-02-07 01:54:01.590758,,,,,,
FSR,33.97,33.96,33.98,50000000.0,50000000.0,0,0,0,0,0,0,0,0,0,0,0,0,0,0,0,0,0,0,0,0,0,0,0,0,0,0,358,2026-02-07 01:54:01.590758,,,,,,
ATB,58.78,58.77,58.79,50000000.0,50000000.0,0,0,0,0,0,0,0,0,0,0,0,0,0,0,0,0,0,0,0,0,0,0,0,0,0,0,358,2026-02-07 01:54:01.590758,,,,,,
SPK,55.66,55.65,55.67,50000000.0,50000000.0,0,0,0,0,0,0,0,0,0,0,0,0,0,0,0,0,0,0,0,0,0,0,0,0,0,0,358,2026-02-07 01:54:01.590758,,,,,,
EEC,55.75,55.74,55.76,50000000.0,50000000.0,0,0,0,0,0,0,0,0,0,0,0,0,0,0,0,0,0,0,0,0,0,0,0,0,0,0,358,2026-02-07 01:54:01.590758,,,,,,
TGX,44.05,44.04,44.06,50000000.0,50000000.0,0,0,0,0,0,0,0,0,0,0,0,0,0,0,0,0,0,0,0,0,0,0,0,0,0,0,359,2026-02-07 01:54:02.715192,38.0,1.0,358.0,D3-GGD/PNR,Merger Agreement Signed and Announced,Definitive agreement executed with anticipated closing in 9-12 months subject to regulatory approvals.
PHR,49.19,49.18,49.2,50000000.0,50000000.0,0,0,0,0,0,0,0,0,0,0,0,0,0,0,0,0,0,0,0,0,0,0,0,0,0,0,359,2026-02-07 01:54:02.715192,37.0,1.0,358.0,D2-BYL/CLD,Definitive Agreement Executed,ByteLayer and CloudSys execute definitive merger agreement with expected closing in Q3.
BYL,49.97,49.96,49.98,50000000.0,50000000.0,0,0,0,0,0,0,0,0,0,0,0,0,0,0,0,0,0,0,0,0,0,0,0,0,0,0,359,2026-02-07 01:54:02.715192,,,,,,
CLD,77.0,76.99,77.01,50000000.0,50000000.0,0,0,0,0,0,0,0,0,0,0,0,0,0,0,0,0,0,0,0,0,0,0,0,0,0,0,359,2026-02-07 01:54:02.715192,,,,,,
GGD,31.36,31.35,31.37,50000000.0,50000000.0,0,0,0,0,0,0,0,0,0,0,0,0,0,0,0,0,0,0,0,0,0,0,0,0,0,0,359,2026-02-07 01:54:02.715192,,,,,,
PNR,59.6,59.59,59.61,50000000.0,50000000.0,0,0,0,0,0,0,0,0,0,0,0,0,0,0,0,0,0,0,0,0,0,0,0,0,0,0,359,2026-02-07 01:54:02.715192,,,,,,
FSR,33.96,33.95,33.97,50000000.0,50000000.0,0,0,0,0,0,0,0,0,0,0,0,0,0,0,0,0,0,0,0,0,0,0,0,0,0,0,359,2026-02-07 01:54:02.715192,,,,,,
ATB,58.92,58.91,58.93,50000000.0,50000000.0,0,0,0,0,0,0,0,0,0,0,0,0,0,0,0,0,0,0,0,0,0,0,0,0,0,0,359,2026-02-07 01:54:02.715192,,,,,,
SPK,55.74,55.73,55.75,50000000.0,50000000.0,0,0,0,0,0,0,0,0,0,0,0,0,0,0,0,0,0,0,0,0,0,0,0,0,0,0,359,2026-02-07 01:54:02.715192,,,,,,
EEC,55.95,55.94,55.96,50000000.0,50000000.0,0,0,0,0,0,0,0,0,0,0,0,0,0,0,0,0,0,0,0,0,0,0,0,0,0,0,359,2026-02-07 01:54:02.715192,,,,,,
TGX,44.05,44.04,44.06,50000000.0,50000000.0,0,0,0,0,0,0,0,0,0,0,0,0,0,0,0,0,0,0,0,0,0,0,0,0,0,0,360,2026-02-07 01:54:03.926275,40.0,1.0,359.0,D5-SPK/EEC,FERC Grants Expedited Approval,Commission approves transaction on expedited basis citing pro-competitive renewable energy benefits.
PHR,49.3,49.29,49.31,50000000.0,50000000.0,0,0,0,0,0,0,0,0,0,0,0,0,0,0,0,0,0,0,0,0,0,0,0,0,0,0,360,2026-02-07 01:54:03.926275,39.0,1.0,359.0,D1-TGX/PHR,DOJ Antitrust Division Signals Concerns,Sources indicate the DOJ's Antitrust Division has raised preliminary concerns about market concentration in oncology therapeutics. The companies have been asked to provide remedies proposals.
BYL,49.87,49.86,49.88,50000000.0,50000000.0,0,0,0,0,0,0,0,0,0,0,0,0,0,0,0,0,0,0,0,0,0,0,0,0,0,0,360,2026-02-07 01:54:03.926275,,,,,,
CLD,76.84,76.83,76.85,50000000.0,50000000.0,0,0,0,0,0,0,0,0,0,0,0,0,0,0,0,0,0,0,0,0,0,0,0,0,0,0,360,2026-02-07 01:54:03.926275,,,,,,
GGD,31.41,31.4,31.42,50000000.0,50000000.0,0,0,0,0,0,0,0,0,0,0,0,0,0,0,0,0,0,0,0,0,0,0,0,0,0,0,360,2026-02-07 01:54:03.926275,,,,,,
PNR,59.31,59.3,59.32,50000000.0,50000000.0,0,0,0,0,0,0,0,0,0,0,0,0,0,0,0,0,0,0,0,0,0,0,0,0,0,0,360,2026-02-07 01:54:03.926275,,,,,,
FSR,33.96,33.95,33.97,50000000.0,50000000.0,0,0,0,0,0,0,0,0,0,0,0,0,0,0,0,0,0,0,0,0,0,0,0,0,0,0,360,2026-02-07 01:54:03.926275,,,,,,
ATB,58.77,58.76,58.78,50000000.0,50000000.0,0,0,0,0,0,0,0,0,0,0,0,0,0,0,0,0,0,0,0,0,0,0,0,0,0,0,360,2026-02-07 01:54:03.926275,,,,,,
SPK,55.61,55.6,55.62,50000000.0,50000000.0,0,0,0,0,0,0,0,0,0,0,0,0,0,0,0,0,0,0,0,0,0,0,0,0,0,0,360,2026-02-07 01:54:03.926275,,,,,,
EEC,55.7,55.69,55.71,50000000.0,50000000.0,0,0,0,0,0,0,0,0,0,0,0,0,0,0,0,0,0,0,0,0,0,0,0,0,0,0,360,2026-02-07 01:54:03.926275,,,,,,
TGX,44.03,44.02,44.04,50000000.0,50000000.0,0,0,0,0,0,0,0,0,0,0,0,0,0,0,0,0,0,0,0,0,0,0,0,0,0,0,361,2026-02-07 01:54:04.999831
PHR,49.21,49.2,49.22,50000000.0,50000000.0,0,0,0,0,0,0,0,0,0,0,0,0,0,0,0,0,0,0,0,0,0,0,0,0,0,0,361,2026-02-07 01:54:04.999831
BYL,49.79,49.78,49.8,50000000.0,50000000.0,0,0,0,0,0,0,0,0,0,0,0,0,0,0,0,0,0,0,0,0,0,0,0,0,0,0,361,2026-02-07 01:54:04.999831
CLD,76.63,76.62,76.64,50000000.0,50000000.0,0,0,0,0,0,0,0,0,0,0,0,0,0,0,0,0,0,0,0,0,0,0,0,0,0,0,361,2026-02-07 01:54:04.999831
GGD,31.46,31.45,31.47,50000000.0,50000000.0,0,0,0,0,0,0,0,0,0,0,0,0,0,0,0,0,0,0,0,0,0,0,0,0,0,0,361,2026-02-07 01:54:04.999831
PNR,59.2,59.19,59.21,50000000.0,50000000.0,0,0,0,0,0,0,0,0,0,0,0,0,0,0,0,0,0,0,0,0,0,0,0,0,0,0,361,2026-02-07 01:54:04.999831
FSR,33.91,33.9,33.92,50000000.0,50000000.0,0,0,0,0,0,0,0,0,0,0,0,0,0,0,0,0,0,0,0,0,0,0,0,0,0,0,361,2026-02-07 01:54:04.999831
ATB,58.63,58.62,58.64,50000000.0,50000000.0,0,0,0,0,0,0,0,0,0,0,0,0,0,0,0,0,0,0,0,0,0,0,0,0,0,0,361,2026-02-07 01:54:04.999831
SPK,55.48,55.47,55.49,50000000.0,50000000.0,0,0,0,0,0,0,0,0,0,0,0,0,0,0,0,0,0,0,0,0,0,0,0,0,0,0,361,2026-02-07 01:54:04.999831
EEC,55.35,55.34,55.36,50000000.0,50000000.0,0,0,0,0,0,0,0,0,0,0,0,0,0,0,0,0,0,0,0,0,0,0,0,0,0,0,361,2026-02-07 01:54:04.999831
TGX,44.02,44.01,44.03,50000000.0,50000000.0,0,0,0,0,0,0,0,0,0,0,0,0,0,0,0,0,0,0,0,0,0,0,0,0,0,0,362,2026-02-07 01:54:06.062890
PHR,48.81,48.8,48.82,50000000.0,50000000.0,0,0,0,0,0,0,0,0,0,0,0,0,0,0,0,0,0,0,0,0,0,0,0,0,0,0,362,2026-02-07 01:54:06.062890
BYL,49.73,49.72,49.74,50000000.0,50000000.0,0,0,0,0,0,0,0,0,0,0,0,0,0,0,0,0,0,0,0,0,0,0,0,0,0,0,362,2026-02-07 01:54:06.062890
CLD,76.44,76.43,76.45,50000000.0,50000000.0,0,0,0,0,0,0,0,0,0,0,0,0,0,0,0,0,0,0,0,0,0,0,0,0,0,0,362,2026-02-07 01:54:06.062890
GGD,31.43,31.42,31.44,50000000.0,50000000.0,0,0,0,0,0,0,0,0,0,0,0,0,0,0,0,0,0,0,0,0,0,0,0,0,0,0,362,2026-02-07 01:54:06.062890
PNR,59.37,59.36,59.38,50000000.0,50000000.0,0,0,0,0,0,0,0,0,0,0,0,0,0,0,0,0,0,0,0,0,0,0,0,0,0,0,362,2026-02-07 01:54:06.062890
FSR,33.91,33.9,33.92,50000000.0,50000000.0,0,0,0,0,0,0,0,0,0,0,0,0,0,0,0,0,0,0,0,0,0,0,0,0,0,0,362,2026-02-07 01:54:06.062890
ATB,58.63,58.62,58.64,50000000.0,50000000.0,0,0,0,0,0,0,0,0,0,0,0,0,0,0,0,0,0,0,0,0,0,0,0,0,0,0,362,2026-02-07 01:54:06.062890
SPK,55.64,55.63,55.65,50000000.0,50000000.0,0,0,0,0,0,0,0,0,0,0,0,0,0,0,0,0,0,0,0,0,0,0,0,0,0,0,362,2026-02-07 01:54:06.062890
EEC,55.69,55.68,55.7,50000000.0,50000000.0,0,0,0,0,0,0,0,0,0,0,0,0,0,0,0,0,0,0,0,0,0,0,0,0,0,0,362,2026-02-07 01:54:06.062890
TGX,44.05,44.04,44.06,50000000.0,50000000.0,0,0,0,0,0,0,0,0,0,0,0,0,0,0,0,0,0,0,0,0,0,0,0,0,0,0,363,2026-02-07 01:54:06.630391,43.0,1.0,362.0,D5-SPK/EEC,Minority Shareholder Litigation,Class action filed alleging inadequate disclosure and conflicts of interest.
PHR,49.18,49.17,49.19,50000000.0,50000000.0,0,0,0,0,0,0,0,0,0,0,0,0,0,0,0,0,0,0,0,0,0,0,0,0,0,0,363,2026-02-07 01:54:06.630391,42.0,1.0,362.0,D4-FSR/ATB,Early Indications Point to Strong Shareholder Support,"Preliminary proxy tabulations and institutional voting commitments suggest that shareholder support for the FinSure/Atlas Bank merger is tracking well above the required threshold. Major institutional holders have reportedly submitted their votes, with proxy advisory firms' recommendations broadly favorable. While the final count has not been certified and last-minute shifts remain theoretically possible, voting specialists indicate that the margin of support appears comfortable. Dissident shareholders retain the ability to exercise appraisal rights or seek additional judicial review."
BYL,49.6,49.59,49.61,50000000.0,50000000.0,0,0,0,0,0,0,0,0,0,0,0,0,0,0,0,0,0,0,0,0,0,0,0,0,0,0,363,2026-02-07 01:54:06.630391,41.0,1.0,362.0,D3-GGD/PNR,Dividend Suspension Announced,PetroNorth suspends common dividend to preserve cash and accelerate debt paydown post-closing.
CLD,76.26,76.25,76.27,50000000.0,50000000.0,0,0,0,0,0,0,0,0,0,0,0,0,0,0,0,0,0,0,0,0,0,0,0,0,0,0,363,2026-02-07 01:54:06.630391,,,,,,
GGD,31.39,31.38,31.4,50000000.0,50000000.0,0,0,0,0,0,0,0,0,0,0,0,0,0,0,0,0,0,0,0,0,0,0,0,0,0,0,363,2026-02-07 01:54:06.630391,,,,,,
PNR,59.41,59.4,59.42,50000000.0,50000000.0,0,0,0,0,0,0,0,0,0,0,0,0,0,0,0,0,0,0,0,0,0,0,0,0,0,0,363,2026-02-07 01:54:06.630391,,,,,,
FSR,33.87,33.86,33.88,50000000.0,50000000.0,0,0,0,0,0,0,0,0,0,0,0,0,0,0,0,0,0,0,0,0,0,0,0,0,0,0,363,2026-02-07 01:54:06.630391,,,,,,
ATB,58.67,58.66,58.68,50000000.0,50000000.0,0,0,0,0,0,0,0,0,0,0,0,0,0,0,0,0,0,0,0,0,0,0,0,0,0,0,363,2026-02-07 01:54:06.630391,,,,,,
SPK,55.65,55.64,55.66,50000000.0,50000000.0,0,0,0,0,0,0,0,0,0,0,0,0,0,0,0,0,0,0,0,0,0,0,0,0,0,0,363,2026-02-07 01:54:06.630391,,,,,,
EEC,55.68,55.67,55.69,50000000.0,50000000.0,0,0,0,0,0,0,0,0,0,0,0,0,0,0,0,0,0,0,0,0,0,0,0,0,0,0,363,2026-02-07 01:54:06.630391,,,,,,
TGX,44.02,44.01,44.03,50000000.0,50000000.0,0,0,0,0,0,0,0,0,0,0,0,0,0,0,0,0,0,0,0,0,0,0,0,0,0,0,364,2026-02-07 01:54:07.780041
PHR,48.74,48.73,48.75,50000000.0,50000000.0,0,0,0,0,0,0,0,0,0,0,0,0,0,0,0,0,0,0,0,0,0,0,0,0,0,0,364,2026-02-07 01:54:07.780041
BYL,49.41,49.4,49.42,50000000.0,50000000.0,0,0,0,0,0,0,0,0,0,0,0,0,0,0,0,0,0,0,0,0,0,0,0,0,0,0,364,2026-02-07 01:54:07.780041
CLD,76.08,76.07,76.09,50000000.0,50000000.0,0,0,0,0,0,0,0,0,0,0,0,0,0,0,0,0,0,0,0,0,0,0,0,0,0,0,364,2026-02-07 01:54:07.780041
GGD,31.37,31.36,31.38,50000000.0,50000000.0,0,0,0,0,0,0,0,0,0,0,0,0,0,0,0,0,0,0,0,0,0,0,0,0,0,0,364,2026-02-07 01:54:07.780041
PNR,59.43,59.42,59.44,50000000.0,50000000.0,0,0,0,0,0,0,0,0,0,0,0,0,0,0,0,0,0,0,0,0,0,0,0,0,0,0,364,2026-02-07 01:54:07.780041
FSR,33.87,33.86,33.88,50000000.0,50000000.0,0,0,0,0,0,0,0,0,0,0,0,0,0,0,0,0,0,0,0,0,0,0,0,0,0,0,364,2026-02-07 01:54:07.780041
ATB,58.61,58.6,58.62,50000000.0,50000000.0,0,0,0,0,0,0,0,0,0,0,0,0,0,0,0,0,0,0,0,0,0,0,0,0,0,0,364,2026-02-07 01:54:07.780041
SPK,55.96,55.95,55.97,50000000.0,50000000.0,0,0,0,0,0,0,0,0,0,0,0,0,0,0,0,0,0,0,0,0,0,0,0,0,0,0,364,2026-02-07 01:54:07.780041
EEC,56.36,56.35,56.37,50000000.0,50000000.0,0,0,0,0,0,0,0,0,0,0,0,0,0,0,0,0,0,0,0,0,0,0,0,0,0,0,364,2026-02-07 01:54:07.780041
TGX,43.99,43.98,44.0,50000000.0,50000000.0,0,0,0,0,0,0,0,0,0,0,0,0,0,0,0,0,0,0,0,0,0,0,0,0,0,0,365,2026-02-07 01:54:08.844301
PHR,48.79,48.78,48.8,50000000.0,50000000.0,0,0,0,0,0,0,0,0,0,0,0,0,0,0,0,0,0,0,0,0,0,0,0,0,0,0,365,2026-02-07 01:54:08.844301
BYL,49.25,49.24,49.26,50000000.0,50000000.0,0,0,0,0,0,0,0,0,0,0,0,0,0,0,0,0,0,0,0,0,0,0,0,0,0,0,365,2026-02-07 01:54:08.844301
CLD,75.79,75.78,75.8,50000000.0,50000000.0,0,0,0,0,0,0,0,0,0,0,0,0,0,0,0,0,0,0,0,0,0,0,0,0,0,0,365,2026-02-07 01:54:08.844301
GGD,31.36,31.35,31.37,50000000.0,50000000.0,0,0,0,0,0,0,0,0,0,0,0,0,0,0,0,0,0,0,0,0,0,0,0,0,0,0,365,2026-02-07 01:54:08.844301
PNR,59.4,59.39,59.41,50000000.0,50000000.0,0,0,0,0,0,0,0,0,0,0,0,0,0,0,0,0,0,0,0,0,0,0,0,0,0,0,365,2026-02-07 01:54:08.844301
FSR,33.84,33.83,33.85,50000000.0,50000000.0,0,0,0,0,0,0,0,0,0,0,0,0,0,0,0,0,0,0,0,0,0,0,0,0,0,0,365,2026-02-07 01:54:08.844301
ATB,58.66,58.65,58.67,50000000.0,50000000.0,0,0,0,0,0,0,0,0,0,0,0,0,0,0,0,0,0,0,0,0,0,0,0,0,0,0,365,2026-02-07 01:54:08.844301
SPK,55.95,55.94,55.96,50000000.0,50000000.0,0,0,0,0,0,0,0,0,0,0,0,0,0,0,0,0,0,0,0,0,0,0,0,0,0,0,365,2026-02-07 01:54:08.844301
EEC,56.33,56.32,56.34,50000000.0,50000000.0,0,0,0,0,0,0,0,0,0,0,0,0,0,0,0,0,0,0,0,0,0,0,0,0,0,0,365,2026-02-07 01:54:08.844301
TGX,43.94,43.93,43.95,50000000.0,50000000.0,0,0,0,0,0,0,0,0,0,0,0,0,0,0,0,0,0,0,0,0,0,0,0,0,0,0,366,2026-02-07 01:54:09.929769
PHR,48.76,48.75,48.77,50000000.0,50000000.0,0,0,0,0,0,0,0,0,0,0,0,0,0,0,0,0,0,0,0,0,0,0,0,0,0,0,366,2026-02-07 01:54:09.929769
BYL,49.56,49.55,49.57,50000000.0,50000000.0,0,0,0,0,0,0,0,0,0,0,0,0,0,0,0,0,0,0,0,0,0,0,0,0,0,0,366,2026-02-07 01:54:09.929769
CLD,76.33,76.32,76.34,50000000.0,50000000.0,0,0,0,0,0,0,0,0,0,0,0,0,0,0,0,0,0,0,0,0,0,0,0,0,0,0,366,2026-02-07 01:54:09.929769
GGD,31.4,31.39,31.41,50000000.0,50000000.0,0,0,0,0,0,0,0,0,0,0,0,0,0,0,0,0,0,0,0,0,0,0,0,0,0,0,366,2026-02-07 01:54:09.929769
PNR,59.62,59.61,59.63,50000000.0,50000000.0,0,0,0,0,0,0,0,0,0,0,0,0,0,0,0,0,0,0,0,0,0,0,0,0,0,0,366,2026-02-07 01:54:09.929769
FSR,33.85,33.84,33.86,50000000.0,50000000.0,0,0,0,0,0,0,0,0,0,0,0,0,0,0,0,0,0,0,0,0,0,0,0,0,0,0,366,2026-02-07 01:54:09.929769
ATB,58.64,58.63,58.65,50000000.0,50000000.0,0,0,0,0,0,0,0,0,0,0,0,0,0,0,0,0,0,0,0,0,0,0,0,0,0,0,366,2026-02-07 01:54:09.929769
SPK,55.91,55.9,55.92,50000000.0,50000000.0,0,0,0,0,0,0,0,0,0,0,0,0,0,0,0,0,0,0,0,0,0,0,0,0,0,0,366,2026-02-07 01:54:09.929769
EEC,56.31,56.3,56.32,50000000.0,50000000.0,0,0,0,0,0,0,0,0,0,0,0,0,0,0,0,0,0,0,0,0,0,0,0,0,0,0,366,2026-02-07 01:54:09.929769
TGX,43.93,43.92,43.94,50000000.0,50000000.0,0,0,0,0,0,0,0,0,0,0,0,0,0,0,0,0,0,0,0,0,0,0,0,0,0,0,367,2026-02-07 01:54:11.010057
PHR,48.52,48.51,48.53,50000000.0,50000000.0,0,0,0,0,0,0,0,0,0,0,0,0,0,0,0,0,0,0,0,0,0,0,0,0,0,0,367,2026-02-07 01:54:11.010057
BYL,49.72,49.71,49.73,50000000.0,50000000.0,0,0,0,0,0,0,0,0,0,0,0,0,0,0,0,0,0,0,0,0,0,0,0,0,0,0,367,2026-02-07 01:54:11.010057
CLD,76.64,76.63,76.65,50000000.0,50000000.0,0,0,0,0,0,0,0,0,0,0,0,0,0,0,0,0,0,0,0,0,0,0,0,0,0,0,367,2026-02-07 01:54:11.010057
GGD,31.37,31.36,31.38,50000000.0,50000000.0,0,0,0,0,0,0,0,0,0,0,0,0,0,0,0,0,0,0,0,0,0,0,0,0,0,0,367,2026-02-07 01:54:11.010057
PNR,59.56,59.55,59.57,50000000.0,50000000.0,0,0,0,0,0,0,0,0,0,0,0,0,0,0,0,0,0,0,0,0,0,0,0,0,0,0,367,2026-02-07 01:54:11.010057
FSR,33.93,33.92,33.94,50000000.0,50000000.0,0,0,0,0,0,0,0,0,0,0,0,0,0,0,0,0,0,0,0,0,0,0,0,0,0,0,367,2026-02-07 01:54:11.010057
ATB,58.65,58.64,58.66,50000000.0,50000000.0,0,0,0,0,0,0,0,0,0,0,0,0,0,0,0,0,0,0,0,0,0,0,0,0,0,0,367,2026-02-07 01:54:11.010057
SPK,56.04,56.03,56.05,50000000.0,50000000.0,0,0,0,0,0,0,0,0,0,0,0,0,0,0,0,0,0,0,0,0,0,0,0,0,0,0,367,2026-02-07 01:54:11.010057
EEC,56.66,56.65,56.67,50000000.0,50000000.0,0,0,0,0,0,0,0,0,0,0,0,0,0,0,0,0,0,0,0,0,0,0,0,0,0,0,367,2026-02-07 01:54:11.010057
TGX,43.93,43.92,43.94,50000000.0,50000000.0,0,0,0,0,0,0,0,0,0,0,0,0,0,0,0,0,0,0,0,0,0,0,0,0,0,0,368,2026-02-07 01:54:11.678991
PHR,48.44,48.43,48.45,50000000.0,50000000.0,0,0,0,0,0,0,0,0,0,0,0,0,0,0,0,0,0,0,0,0,0,0,0,0,0,0,368,2026-02-07 01:54:11.678991
BYL,49.52,49.51,49.53,50000000.0,50000000.0,0,0,0,0,0,0,0,0,0,0,0,0,0,0,0,0,0,0,0,0,0,0,0,0,0,0,368,2026-02-07 01:54:11.678991
CLD,76.23,76.22,76.24,50000000.0,50000000.0,0,0,0,0,0,0,0,0,0,0,0,0,0,0,0,0,0,0,0,0,0,0,0,0,0,0,368,2026-02-07 01:54:11.678991
GGD,31.39,31.38,31.4,50000000.0,50000000.0,0,0,0,0,0,0,0,0,0,0,0,0,0,0,0,0,0,0,0,0,0,0,0,0,0,0,368,2026-02-07 01:54:11.678991
PNR,59.65,59.64,59.66,50000000.0,50000000.0,0,0,0,0,0,0,0,0,0,0,0,0,0,0,0,0,0,0,0,0,0,0,0,0,0,0,368,2026-02-07 01:54:11.678991
FSR,33.92,33.91,33.93,50000000.0,50000000.0,0,0,0,0,0,0,0,0,0,0,0,0,0,0,0,0,0,0,0,0,0,0,0,0,0,0,368,2026-02-07 01:54:11.678991
ATB,58.73,58.72,58.74,50000000.0,50000000.0,0,0,0,0,0,0,0,0,0,0,0,0,0,0,0,0,0,0,0,0,0,0,0,0,0,0,368,2026-02-07 01:54:11.678991
SPK,56.67,56.66,56.68,50000000.0,50000000.0,0,0,0,0,0,0,0,0,0,0,0,0,0,0,0,0,0,0,0,0,0,0,0,0,0,0,368,2026-02-07 01:54:11.678991
EEC,56.63,56.62,56.64,50000000.0,50000000.0,0,0,0,0,0,0,0,0,0,0,0,0,0,0,0,0,0,0,0,0,0,0,0,0,0,0,368,2026-02-07 01:54:11.678991
TGX,43.98,43.97,43.99,50000000.0,50000000.0,0,0,0,0,0,0,0,0,0,0,0,0,0,0,0,0,0,0,0,0,0,0,0,0,0,0,369,2026-02-07 01:54:12.757768
PHR,48.61,48.6,48.62,50000000.0,50000000.0,0,0,0,0,0,0,0,0,0,0,0,0,0,0,0,0,0,0,0,0,0,0,0,0,0,0,369,2026-02-07 01:54:12.757768
BYL,49.5,49.49,49.51,50000000.0,50000000.0,0,0,0,0,0,0,0,0,0,0,0,0,0,0,0,0,0,0,0,0,0,0,0,0,0,0,369,2026-02-07 01:54:12.757768
CLD,76.22,76.21,76.23,50000000.0,50000000.0,0,0,0,0,0,0,0,0,0,0,0,0,0,0,0,0,0,0,0,0,0,0,0,0,0,0,369,2026-02-07 01:54:12.757768
GGD,31.4,31.39,31.41,50000000.0,50000000.0,0,0,0,0,0,0,0,0,0,0,0,0,0,0,0,0,0,0,0,0,0,0,0,0,0,0,369,2026-02-07 01:54:12.757768
PNR,59.43,59.42,59.44,50000000.0,50000000.0,0,0,0,0,0,0,0,0,0,0,0,0,0,0,0,0,0,0,0,0,0,0,0,0,0,0,369,2026-02-07 01:54:12.757768
FSR,33.94,33.93,33.95,50000000.0,50000000.0,0,0,0,0,0,0,0,0,0,0,0,0,0,0,0,0,0,0,0,0,0,0,0,0,0,0,369,2026-02-07 01:54:12.757768
ATB,58.57,58.56,58.58,50000000.0,50000000.0,0,0,0,0,0,0,0,0,0,0,0,0,0,0,0,0,0,0,0,0,0,0,0,0,0,0,369,2026-02-07 01:54:12.757768
SPK,57.45,57.44,57.46,50000000.0,50000000.0,0,0,0,0,0,0,0,0,0,0,0,0,0,0,0,0,0,0,0,0,0,0,0,0,0,0,369,2026-02-07 01:54:12.757768
EEC,56.91,56.9,56.92,50000000.0,50000000.0,0,0,0,0,0,0,0,0,0,0,0,0,0,0,0,0,0,0,0,0,0,0,0,0,0,0,369,2026-02-07 01:54:12.757768
TGX,43.91,43.9,43.92,50000000.0,50000000.0,0,0,0,0,0,0,0,0,0,0,0,0,0,0,0,0,0,0,0,0,0,0,0,0,0,0,370,2026-02-07 01:54:13.823210
PHR,48.59,48.58,48.6,50000000.0,50000000.0,0,0,0,0,0,0,0,0,0,0,0,0,0,0,0,0,0,0,0,0,0,0,0,0,0,0,370,2026-02-07 01:54:13.823210
BYL,49.4,49.39,49.41,50000000.0,50000000.0,0,0,0,0,0,0,0,0,0,0,0,0,0,0,0,0,0,0,0,0,0,0,0,0,0,0,370,2026-02-07 01:54:13.823210
CLD,75.98,75.97,75.99,50000000.0,50000000.0,0,0,0,0,0,0,0,0,0,0,0,0,0,0,0,0,0,0,0,0,0,0,0,0,0,0,370,2026-02-07 01:54:13.823210
GGD,31.36,31.35,31.37,50000000.0,50000000.0,0,0,0,0,0,0,0,0,0,0,0,0,0,0,0,0,0,0,0,0,0,0,0,0,0,0,370,2026-02-07 01:54:13.823210
PNR,59.53,59.52,59.54,50000000.0,50000000.0,0,0,0,0,0,0,0,0,0,0,0,0,0,0,0,0,0,0,0,0,0,0,0,0,0,0,370,2026-02-07 01:54:13.823210
FSR,33.95,33.94,33.96,50000000.0,50000000.0,0,0,0,0,0,0,0,0,0,0,0,0,0,0,0,0,0,0,0,0,0,0,0,0,0,0,370,2026-02-07 01:54:13.823210
ATB,58.45,58.44,58.46,50000000.0,50000000.0,0,0,0,0,0,0,0,0,0,0,0,0,0,0,0,0,0,0,0,0,0,0,0,0,0,0,370,2026-02-07 01:54:13.823210
SPK,57.29,57.28,57.3,50000000.0,50000000.0,0,0,0,0,0,0,0,0,0,0,0,0,0,0,0,0,0,0,0,0,0,0,0,0,0,0,370,2026-02-07 01:54:13.823210
EEC,56.66,56.65,56.67,50000000.0,50000000.0,0,0,0,0,0,0,0,0,0,0,0,0,0,0,0,0,0,0,0,0,0,0,0,0,0,0,370,2026-02-07 01:54:13.823210
TGX,43.87,43.86,43.88,50000000.0,50000000.0,0,0,0,0,0,0,0,0,0,0,0,0,0,0,0,0,0,0,0,0,0,0,0,0,0,0,371,2026-02-07 01:54:14.895937
PHR,48.38,48.37,48.39,50000000.0,50000000.0,0,0,0,0,0,0,0,0,0,0,0,0,0,0,0,0,0,0,0,0,0,0,0,0,0,0,371,2026-02-07 01:54:14.895937
BYL,49.4,49.39,49.41,50000000.0,50000000.0,0,0,0,0,0,0,0,0,0,0,0,0,0,0,0,0,0,0,0,0,0,0,0,0,0,0,371,2026-02-07 01:54:14.895937
CLD,76.03,76.02,76.04,50000000.0,50000000.0,0,0,0,0,0,0,0,0,0,0,0,0,0,0,0,0,0,0,0,0,0,0,0,0,0,0,371,2026-02-07 01:54:14.895937
GGD,31.38,31.37,31.39,50000000.0,50000000.0,0,0,0,0,0,0,0,0,0,0,0,0,0,0,0,0,0,0,0,0,0,0,0,0,0,0,371,2026-02-07 01:54:14.895937
PNR,59.64,59.63,59.65,50000000.0,50000000.0,0,0,0,0,0,0,0,0,0,0,0,0,0,0,0,0,0,0,0,0,0,0,0,0,0,0,371,2026-02-07 01:54:14.895937
FSR,33.91,33.9,33.92,50000000.0,50000000.0,0,0,0,0,0,0,0,0,0,0,0,0,0,0,0,0,0,0,0,0,0,0,0,0,0,0,371,2026-02-07 01:54:14.895937
ATB,58.4,58.39,58.41,50000000.0,50000000.0,0,0,0,0,0,0,0,0,0,0,0,0,0,0,0,0,0,0,0,0,0,0,0,0,0,0,371,2026-02-07 01:54:14.895937
SPK,57.27,57.26,57.28,50000000.0,50000000.0,0,0,0,0,0,0,0,0,0,0,0,0,0,0,0,0,0,0,0,0,0,0,0,0,0,0,371,2026-02-07 01:54:14.895937
EEC,56.64,56.63,56.65,50000000.0,50000000.0,0,0,0,0,0,0,0,0,0,0,0,0,0,0,0,0,0,0,0,0,0,0,0,0,0,0,371,2026-02-07 01:54:14.895937
TGX,43.84,43.83,43.85,50000000.0,50000000.0,0,0,0,0,0,0,0,0,0,0,0,0,0,0,0,0,0,0,0,0,0,0,0,0,0,0,372,2026-02-07 01:54:16.006141
PHR,48.56,48.55,48.57,50000000.0,50000000.0,0,0,0,0,0,0,0,0,0,0,0,0,0,0,0,0,0,0,0,0,0,0,0,0,0,0,372,2026-02-07 01:54:16.006141
BYL,49.5,49.49,49.51,50000000.0,50000000.0,0,0,0,0,0,0,0,0,0,0,0,0,0,0,0,0,0,0,0,0,0,0,0,0,0,0,372,2026-02-07 01:54:16.006141
CLD,76.2,76.19,76.21,50000000.0,50000000.0,0,0,0,0,0,0,0,0,0,0,0,0,0,0,0,0,0,0,0,0,0,0,0,0,0,0,372,2026-02-07 01:54:16.006141
GGD,31.31,31.3,31.32,50000000.0,50000000.0,0,0,0,0,0,0,0,0,0,0,0,0,0,0,0,0,0,0,0,0,0,0,0,0,0,0,372,2026-02-07 01:54:16.006141
PNR,59.76,59.75,59.77,50000000.0,50000000.0,0,0,0,0,0,0,0,0,0,0,0,0,0,0,0,0,0,0,0,0,0,0,0,0,0,0,372,2026-02-07 01:54:16.006141
FSR,33.93,33.92,33.94,50000000.0,50000000.0,0,0,0,0,0,0,0,0,0,0,0,0,0,0,0,0,0,0,0,0,0,0,0,0,0,0,372,2026-02-07 01:54:16.006141
ATB,58.42,58.41,58.43,50000000.0,50000000.0,0,0,0,0,0,0,0,0,0,0,0,0,0,0,0,0,0,0,0,0,0,0,0,0,0,0,372,2026-02-07 01:54:16.006141
SPK,57.12,57.11,57.13,50000000.0,50000000.0,0,0,0,0,0,0,0,0,0,0,0,0,0,0,0,0,0,0,0,0,0,0,0,0,0,0,372,2026-02-07 01:54:16.006141
EEC,56.41,56.4,56.42,50000000.0,50000000.0,0,0,0,0,0,0,0,0,0,0,0,0,0,0,0,0,0,0,0,0,0,0,0,0,0,0,372,2026-02-07 01:54:16.006141
TGX,43.86,43.85,43.87,50000000.0,50000000.0,0,0,0,0,0,0,0,0,0,0,0,0,0,0,0,0,0,0,0,0,0,0,0,0,0,0,373,2026-02-07 01:54:17.074238
PHR,48.63,48.62,48.64,50000000.0,50000000.0,0,0,0,0,0,0,0,0,0,0,0,0,0,0,0,0,0,0,0,0,0,0,0,0,0,0,373,2026-02-07 01:54:17.074238
BYL,49.15,49.14,49.16,50000000.0,50000000.0,0,0,0,0,0,0,0,0,0,0,0,0,0,0,0,0,0,0,0,0,0,0,0,0,0,0,373,2026-02-07 01:54:17.074238
CLD,75.59,75.58,75.6,50000000.0,50000000.0,0,0,0,0,0,0,0,0,0,0,0,0,0,0,0,0,0,0,0,0,0,0,0,0,0,0,373,2026-02-07 01:54:17.074238
GGD,31.27,31.26,31.28,50000000.0,50000000.0,0,0,0,0,0,0,0,0,0,0,0,0,0,0,0,0,0,0,0,0,0,0,0,0,0,0,373,2026-02-07 01:54:17.074238
PNR,59.73,59.72,59.74,50000000.0,50000000.0,0,0,0,0,0,0,0,0,0,0,0,0,0,0,0,0,0,0,0,0,0,0,0,0,0,0,373,2026-02-07 01:54:17.074238
FSR,33.96,33.95,33.97,50000000.0,50000000.0,0,0,0,0,0,0,0,0,0,0,0,0,0,0,0,0,0,0,0,0,0,0,0,0,0,0,373,2026-02-07 01:54:17.074238
ATB,58.43,58.42,58.44,50000000.0,50000000.0,0,0,0,0,0,0,0,0,0,0,0,0,0,0,0,0,0,0,0,0,0,0,0,0,0,0,373,2026-02-07 01:54:17.074238
SPK,56.97,56.96,56.98,50000000.0,50000000.0,0,0,0,0,0,0,0,0,0,0,0,0,0,0,0,0,0,0,0,0,0,0,0,0,0,0,373,2026-02-07 01:54:17.074238
EEC,56.08,56.07,56.09,50000000.0,50000000.0,0,0,0,0,0,0,0,0,0,0,0,0,0,0,0,0,0,0,0,0,0,0,0,0,0,0,373,2026-02-07 01:54:17.074238
TGX,43.9,43.89,43.91,50000000.0,50000000.0,0,0,0,0,0,0,0,0,0,0,0,0,0,0,0,0,0,0,0,0,0,0,0,0,0,0,374,2026-02-07 01:54:18.137890
PHR,48.71,48.7,48.72,50000000.0,50000000.0,0,0,0,0,0,0,0,0,0,0,0,0,0,0,0,0,0,0,0,0,0,0,0,0,0,0,374,2026-02-07 01:54:18.137890
BYL,49.36,49.35,49.37,50000000.0,50000000.0,0,0,0,0,0,0,0,0,0,0,0,0,0,0,0,0,0,0,0,0,0,0,0,0,0,0,374,2026-02-07 01:54:18.137890
CLD,75.98,75.97,75.99,50000000.0,50000000.0,0,0,0,0,0,0,0,0,0,0,0,0,0,0,0,0,0,0,0,0,0,0,0,0,0,0,374,2026-02-07 01:54:18.137890
GGD,31.3,31.29,31.31,50000000.0,50000000.0,0,0,0,0,0,0,0,0,0,0,0,0,0,0,0,0,0,0,0,0,0,0,0,0,0,0,374,2026-02-07 01:54:18.137890
PNR,59.83,59.82,59.84,50000000.0,50000000.0,0,0,0,0,0,0,0,0,0,0,0,0,0,0,0,0,0,0,0,0,0,0,0,0,0,0,374,2026-02-07 01:54:18.137890
FSR,33.92,33.91,33.93,50000000.0,50000000.0,0,0,0,0,0,0,0,0,0,0,0,0,0,0,0,0,0,0,0,0,0,0,0,0,0,0,374,2026-02-07 01:54:18.137890
ATB,58.38,58.37,58.39,50000000.0,50000000.0,0,0,0,0,0,0,0,0,0,0,0,0,0,0,0,0,0,0,0,0,0,0,0,0,0,0,374,2026-02-07 01:54:18.137890
SPK,57.34,57.33,57.35,50000000.0,50000000.0,0,0,0,0,0,0,0,0,0,0,0,0,0,0,0,0,0,0,0,0,0,0,0,0,0,0,374,2026-02-07 01:54:18.137890
EEC,56.78,56.77,56.79,50000000.0,50000000.0,0,0,0,0,0,0,0,0,0,0,0,0,0,0,0,0,0,0,0,0,0,0,0,0,0,0,374,2026-02-07 01:54:18.137890
TGX,43.87,43.86,43.88,50000000.0,50000000.0,0,0,0,0,0,0,0,0,0,0,0,0,0,0,0,0,0,0,0,0,0,0,0,0,0,0,375,2026-02-07 01:54:18.680471
PHR,48.86,48.85,48.87,50000000.0,50000000.0,0,0,0,0,0,0,0,0,0,0,0,0,0,0,0,0,0,0,0,0,0,0,0,0,0,0,375,2026-02-07 01:54:18.680471
BYL,49.42,49.41,49.43,50000000.0,50000000.0,0,0,0,0,0,0,0,0,0,0,0,0,0,0,0,0,0,0,0,0,0,0,0,0,0,0,375,2026-02-07 01:54:18.680471
CLD,76.15,76.14,76.16,50000000.0,50000000.0,0,0,0,0,0,0,0,0,0,0,0,0,0,0,0,0,0,0,0,0,0,0,0,0,0,0,375,2026-02-07 01:54:18.680471
GGD,33.91,33.9,33.92,50000000.0,50000000.0,0,0,0,0,0,0,0,0,0,0,0,0,0,0,0,0,0,0,0,0,0,0,0,0,0,0,375,2026-02-07 01:54:18.680471
PNR,59.78,59.77,59.79,50000000.0,50000000.0,0,0,0,0,0,0,0,0,0,0,0,0,0,0,0,0,0,0,0,0,0,0,0,0,0,0,375,2026-02-07 01:54:18.680471
FSR,33.9,33.89,33.91,50000000.0,50000000.0,0,0,0,0,0,0,0,0,0,0,0,0,0,0,0,0,0,0,0,0,0,0,0,0,0,0,375,2026-02-07 01:54:18.680471
ATB,58.43,58.42,58.44,50000000.0,50000000.0,0,0,0,0,0,0,0,0,0,0,0,0,0,0,0,0,0,0,0,0,0,0,0,0,0,0,375,2026-02-07 01:54:18.680471
SPK,57.26,57.25,57.27,50000000.0,50000000.0,0,0,0,0,0,0,0,0,0,0,0,0,0,0,0,0,0,0,0,0,0,0,0,0,0,0,375,2026-02-07 01:54:18.680471
EEC,56.7,56.69,56.71,50000000.0,50000000.0,0,0,0,0,0,0,0,0,0,0,0,0,0,0,0,0,0,0,0,0,0,0,0,0,0,0,375,2026-02-07 01:54:18.680471
TGX,43.9,43.89,43.91,50000000.0,50000000.0,0,0,0,0,0,0,0,0,0,0,0,0,0,0,0,0,0,0,0,0,0,0,0,0,0,0,376,2026-02-07 01:54:19.761390
PHR,48.68,48.67,48.69,50000000.0,50000000.0,0,0,0,0,0,0,0,0,0,0,0,0,0,0,0,0,0,0,0,0,0,0,0,0,0,0,376,2026-02-07 01:54:19.761390
BYL,49.46,49.45,49.47,50000000.0,50000000.0,0,0,0,0,0,0,0,0,0,0,0,0,0,0,0,0,0,0,0,0,0,0,0,0,0,0,376,2026-02-07 01:54:19.761390
CLD,76.19,76.18,76.2,50000000.0,50000000.0,0,0,0,0,0,0,0,0,0,0,0,0,0,0,0,0,0,0,0,0,0,0,0,0,0,0,376,2026-02-07 01:54:19.761390
GGD,33.97,33.96,33.98,50000000.0,50000000.0,0,0,0,0,0,0,0,0,0,0,0,0,0,0,0,0,0,0,0,0,0,0,0,0,0,0,376,2026-02-07 01:54:19.761390
PNR,59.98,59.97,59.99,50000000.0,50000000.0,0,0,0,0,0,0,0,0,0,0,0,0,0,0,0,0,0,0,0,0,0,0,0,0,0,0,376,2026-02-07 01:54:19.761390
FSR,33.9,33.89,33.91,50000000.0,50000000.0,0,0,0,0,0,0,0,0,0,0,0,0,0,0,0,0,0,0,0,0,0,0,0,0,0,0,376,2026-02-07 01:54:19.761390
ATB,58.23,58.22,58.24,50000000.0,50000000.0,0,0,0,0,0,0,0,0,0,0,0,0,0,0,0,0,0,0,0,0,0,0,0,0,0,0,376,2026-02-07 01:54:19.761390
SPK,57.26,57.25,57.27,50000000.0,50000000.0,0,0,0,0,0,0,0,0,0,0,0,0,0,0,0,0,0,0,0,0,0,0,0,0,0,0,376,2026-02-07 01:54:19.761390
EEC,56.77,56.76,56.78,50000000.0,50000000.0,0,0,0,0,0,0,0,0,0,0,0,0,0,0,0,0,0,0,0,0,0,0,0,0,0,0,376,2026-02-07 01:54:19.761390
TGX,43.88,43.87,43.89,50000000.0,50000000.0,0,0,0,0,0,0,0,0,0,0,0,0,0,0,0,0,0,0,0,0,0,0,0,0,0,0,377,2026-02-07 01:54:20.815112
PHR,48.59,48.58,48.6,50000000.0,50000000.0,0,0,0,0,0,0,0,0,0,0,0,0,0,0,0,0,0,0,0,0,0,0,0,0,0,0,377,2026-02-07 01:54:20.815112
BYL,49.3,49.29,49.31,50000000.0,50000000.0,0,0,0,0,0,0,0,0,0,0,0,0,0,0,0,0,0,0,0,0,0,0,0,0,0,0,377,2026-02-07 01:54:20.815112
CLD,75.95,75.94,75.96,50000000.0,50000000.0,0,0,0,0,0,0,0,0,0,0,0,0,0,0,0,0,0,0,0,0,0,0,0,0,0,0,377,2026-02-07 01:54:20.815112
GGD,36.56,36.55,36.57,50000000.0,50000000.0,0,0,0,0,0,0,0,0,0,0,0,0,0,0,0,0,0,0,0,0,0,0,0,0,0,0,377,2026-02-07 01:54:20.815112
PNR,60.16,60.15,60.17,50000000.0,50000000.0,0,0,0,0,0,0,0,0,0,0,0,0,0,0,0,0,0,0,0,0,0,0,0,0,0,0,377,2026-02-07 01:54:20.815112
FSR,33.88,33.87,33.89,50000000.0,50000000.0,0,0,0,0,0,0,0,0,0,0,0,0,0,0,0,0,0,0,0,0,0,0,0,0,0,0,377,2026-02-07 01:54:20.815112
ATB,58.17,58.16,58.18,50000000.0,50000000.0,0,0,0,0,0,0,0,0,0,0,0,0,0,0,0,0,0,0,0,0,0,0,0,0,0,0,377,2026-02-07 01:54:20.815112
SPK,57.22,57.21,57.23,50000000.0,50000000.0,0,0,0,0,0,0,0,0,0,0,0,0,0,0,0,0,0,0,0,0,0,0,0,0,0,0,377,2026-02-07 01:54:20.815112
EEC,56.65,56.64,56.66,50000000.0,50000000.0,0,0,0,0,0,0,0,0,0,0,0,0,0,0,0,0,0,0,0,0,0,0,0,0,0,0,377,2026-02-07 01:54:20.815112
TGX,43.82,43.81,43.83,50000000.0,50000000.0,0,0,0,0,0,0,0,0,0,0,0,0,0,0,0,0,0,0,0,0,0,0,0,0,0,0,378,2026-02-07 01:54:21.855934
PHR,48.59,48.58,48.6,50000000.0,50000000.0,0,0,0,0,0,0,0,0,0,0,0,0,0,0,0,0,0,0,0,0,0,0,0,0,0,0,378,2026-02-07 01:54:21.855934
BYL,49.14,49.13,49.15,50000000.0,50000000.0,0,0,0,0,0,0,0,0,0,0,0,0,0,0,0,0,0,0,0,0,0,0,0,0,0,0,378,2026-02-07 01:54:21.855934
CLD,75.69,75.68,75.7,50000000.0,50000000.0,0,0,0,0,0,0,0,0,0,0,0,0,0,0,0,0,0,0,0,0,0,0,0,0,0,0,378,2026-02-07 01:54:21.855934
GGD,36.56,36.55,36.57,50000000.0,50000000.0,0,0,0,0,0,0,0,0,0,0,0,0,0,0,0,0,0,0,0,0,0,0,0,0,0,0,378,2026-02-07 01:54:21.855934
PNR,60.5,60.49,60.51,50000000.0,50000000.0,0,0,0,0,0,0,0,0,0,0,0,0,0,0,0,0,0,0,0,0,0,0,0,0,0,0,378,2026-02-07 01:54:21.855934
FSR,33.92,33.91,33.93,50000000.0,50000000.0,0,0,0,0,0,0,0,0,0,0,0,0,0,0,0,0,0,0,0,0,0,0,0,0,0,0,378,2026-02-07 01:54:21.855934
ATB,58.21,58.2,58.22,50000000.0,50000000.0,0,0,0,0,0,0,0,0,0,0,0,0,0,0,0,0,0,0,0,0,0,0,0,0,0,0,378,2026-02-07 01:54:21.855934
SPK,56.37,56.36,56.38,50000000.0,50000000.0,0,0,0,0,0,0,0,0,0,0,0,0,0,0,0,0,0,0,0,0,0,0,0,0,0,0,378,2026-02-07 01:54:21.855934
EEC,56.51,56.5,56.52,50000000.0,50000000.0,0,0,0,0,0,0,0,0,0,0,0,0,0,0,0,0,0,0,0,0,0,0,0,0,0,0,378,2026-02-07 01:54:21.855934
TGX,43.8,43.79,43.81,50000000.0,50000000.0,0,0,0,0,0,0,0,0,0,0,0,0,0,0,0,0,0,0,0,0,0,0,0,0,0,0,379,2026-02-07 01:54:22.903072
PHR,48.29,48.28,48.3,50000000.0,50000000.0,0,0,0,0,0,0,0,0,0,0,0,0,0,0,0,0,0,0,0,0,0,0,0,0,0,0,379,2026-02-07 01:54:22.903072
BYL,49.39,49.38,49.4,50000000.0,50000000.0,0,0,0,0,0,0,0,0,0,0,0,0,0,0,0,0,0,0,0,0,0,0,0,0,0,0,379,2026-02-07 01:54:22.903072
CLD,76.1,76.09,76.11,50000000.0,50000000.0,0,0,0,0,0,0,0,0,0,0,0,0,0,0,0,0,0,0,0,0,0,0,0,0,0,0,379,2026-02-07 01:54:22.903072
GGD,36.6,36.59,36.61,50000000.0,50000000.0,0,0,0,0,0,0,0,0,0,0,0,0,0,0,0,0,0,0,0,0,0,0,0,0,0,0,379,2026-02-07 01:54:22.903072
PNR,60.69,60.68,60.7,50000000.0,50000000.0,0,0,0,0,0,0,0,0,0,0,0,0,0,0,0,0,0,0,0,0,0,0,0,0,0,0,379,2026-02-07 01:54:22.903072
FSR,33.93,33.92,33.94,50000000.0,50000000.0,0,0,0,0,0,0,0,0,0,0,0,0,0,0,0,0,0,0,0,0,0,0,0,0,0,0,379,2026-02-07 01:54:22.903072
ATB,58.35,58.34,58.36,50000000.0,50000000.0,0,0,0,0,0,0,0,0,0,0,0,0,0,0,0,0,0,0,0,0,0,0,0,0,0,0,379,2026-02-07 01:54:22.903072
SPK,56.39,56.38,56.4,50000000.0,50000000.0,0,0,0,0,0,0,0,0,0,0,0,0,0,0,0,0,0,0,0,0,0,0,0,0,0,0,379,2026-02-07 01:54:22.903072
EEC,56.57,56.56,56.58,50000000.0,50000000.0,0,0,0,0,0,0,0,0,0,0,0,0,0,0,0,0,0,0,0,0,0,0,0,0,0,0,379,2026-02-07 01:54:22.903072
TGX,43.77,43.76,43.78,50000000.0,50000000.0,0,0,0,0,0,0,0,0,0,0,0,0,0,0,0,0,0,0,0,0,0,0,0,0,0,0,380,2026-02-07 01:54:23.965195
PHR,47.88,47.87,47.89,50000000.0,50000000.0,0,0,0,0,0,0,0,0,0,0,0,0,0,0,0,0,0,0,0,0,0,0,0,0,0,0,380,2026-02-07 01:54:23.965195
BYL,49.15,49.14,49.16,50000000.0,50000000.0,0,0,0,0,0,0,0,0,0,0,0,0,0,0,0,0,0,0,0,0,0,0,0,0,0,0,380,2026-02-07 01:54:23.965195
CLD,75.68,75.67,75.69,50000000.0,50000000.0,0,0,0,0,0,0,0,0,0,0,0,0,0,0,0,0,0,0,0,0,0,0,0,0,0,0,380,2026-02-07 01:54:23.965195
GGD,36.58,36.57,36.59,50000000.0,50000000.0,0,0,0,0,0,0,0,0,0,0,0,0,0,0,0,0,0,0,0,0,0,0,0,0,0,0,380,2026-02-07 01:54:23.965195
PNR,60.6,60.59,60.61,50000000.0,50000000.0,0,0,0,0,0,0,0,0,0,0,0,0,0,0,0,0,0,0,0,0,0,0,0,0,0,0,380,2026-02-07 01:54:23.965195
FSR,33.92,33.91,33.93,50000000.0,50000000.0,0,0,0,0,0,0,0,0,0,0,0,0,0,0,0,0,0,0,0,0,0,0,0,0,0,0,380,2026-02-07 01:54:23.965195
ATB,58.37,58.36,58.38,50000000.0,50000000.0,0,0,0,0,0,0,0,0,0,0,0,0,0,0,0,0,0,0,0,0,0,0,0,0,0,0,380,2026-02-07 01:54:23.965195
SPK,56.24,56.23,56.25,50000000.0,50000000.0,0,0,0,0,0,0,0,0,0,0,0,0,0,0,0,0,0,0,0,0,0,0,0,0,0,0,380,2026-02-07 01:54:23.965195
EEC,56.37,56.36,56.38,50000000.0,50000000.0,0,0,0,0,0,0,0,0,0,0,0,0,0,0,0,0,0,0,0,0,0,0,0,0,0,0,380,2026-02-07 01:54:23.965195
TGX,43.71,43.7,43.72,50000000.0,50000000.0,0,0,0,0,0,0,0,0,0,0,0,0,0,0,0,0,0,0,0,0,0,0,0,0,0,0,381,2026-02-07 01:54:25.020392
PHR,48.24,48.23,48.25,50000000.0,50000000.0,0,0,0,0,0,0,0,0,0,0,0,0,0,0,0,0,0,0,0,0,0,0,0,0,0,0,381,2026-02-07 01:54:25.020392
BYL,49.0,48.99,49.01,50000000.0,50000000.0,0,0,0,0,0,0,0,0,0,0,0,0,0,0,0,0,0,0,0,0,0,0,0,0,0,0,381,2026-02-07 01:54:25.020392
CLD,75.49,75.48,75.5,50000000.0,50000000.0,0,0,0,0,0,0,0,0,0,0,0,0,0,0,0,0,0,0,0,0,0,0,0,0,0,0,381,2026-02-07 01:54:25.020392
GGD,36.62,36.61,36.63,50000000.0,50000000.0,0,0,0,0,0,0,0,0,0,0,0,0,0,0,0,0,0,0,0,0,0,0,0,0,0,0,381,2026-02-07 01:54:25.020392
PNR,60.67,60.66,60.68,50000000.0,50000000.0,0,0,0,0,0,0,0,0,0,0,0,0,0,0,0,0,0,0,0,0,0,0,0,0,0,0,381,2026-02-07 01:54:25.020392
FSR,33.92,33.91,33.93,50000000.0,50000000.0,0,0,0,0,0,0,0,0,0,0,0,0,0,0,0,0,0,0,0,0,0,0,0,0,0,0,381,2026-02-07 01:54:25.020392
ATB,58.46,58.45,58.47,50000000.0,50000000.0,0,0,0,0,0,0,0,0,0,0,0,0,0,0,0,0,0,0,0,0,0,0,0,0,0,0,381,2026-02-07 01:54:25.020392
SPK,56.15,56.14,56.16,50000000.0,50000000.0,0,0,0,0,0,0,0,0,0,0,0,0,0,0,0,0,0,0,0,0,0,0,0,0,0,0,381,2026-02-07 01:54:25.020392
EEC,56.19,56.18,56.2,50000000.0,50000000.0,0,0,0,0,0,0,0,0,0,0,0,0,0,0,0,0,0,0,0,0,0,0,0,0,0,0,381,2026-02-07 01:54:25.020392
TGX,43.69,43.68,43.7,50000000.0,50000000.0,0,0,0,0,0,0,0,0,0,0,0,0,0,0,0,0,0,0,0,0,0,0,0,0,0,0,382,2026-02-07 01:54:26.071901
PHR,48.4,48.39,48.41,50000000.0,50000000.0,0,0,0,0,0,0,0,0,0,0,0,0,0,0,0,0,0,0,0,0,0,0,0,0,0,0,382,2026-02-07 01:54:26.071901
BYL,48.94,48.93,48.95,50000000.0,50000000.0,0,0,0,0,0,0,0,0,0,0,0,0,0,0,0,0,0,0,0,0,0,0,0,0,0,0,382,2026-02-07 01:54:26.071901
CLD,75.28,75.27,75.29,50000000.0,50000000.0,0,0,0,0,0,0,0,0,0,0,0,0,0,0,0,0,0,0,0,0,0,0,0,0,0,0,382,2026-02-07 01:54:26.071901
GGD,36.65,36.64,36.66,50000000.0,50000000.0,0,0,0,0,0,0,0,0,0,0,0,0,0,0,0,0,0,0,0,0,0,0,0,0,0,0,382,2026-02-07 01:54:26.071901
PNR,60.57,60.56,60.58,50000000.0,50000000.0,0,0,0,0,0,0,0,0,0,0,0,0,0,0,0,0,0,0,0,0,0,0,0,0,0,0,382,2026-02-07 01:54:26.071901
FSR,33.94,33.93,33.95,50000000.0,50000000.0,0,0,0,0,0,0,0,0,0,0,0,0,0,0,0,0,0,0,0,0,0,0,0,0,0,0,382,2026-02-07 01:54:26.071901
ATB,58.39,58.38,58.4,50000000.0,50000000.0,0,0,0,0,0,0,0,0,0,0,0,0,0,0,0,0,0,0,0,0,0,0,0,0,0,0,382,2026-02-07 01:54:26.071901
SPK,56.3,56.29,56.31,50000000.0,50000000.0,0,0,0,0,0,0,0,0,0,0,0,0,0,0,0,0,0,0,0,0,0,0,0,0,0,0,382,2026-02-07 01:54:26.071901
EEC,56.5,56.49,56.51,50000000.0,50000000.0,0,0,0,0,0,0,0,0,0,0,0,0,0,0,0,0,0,0,0,0,0,0,0,0,0,0,382,2026-02-07 01:54:26.071901
TGX,43.71,43.7,43.72,50000000.0,50000000.0,0,0,0,0,0,0,0,0,0,0,0,0,0,0,0,0,0,0,0,0,0,0,0,0,0,0,383,2026-02-07 01:54:27.162140
PHR,48.32,48.31,48.33,50000000.0,50000000.0,0,0,0,0,0,0,0,0,0,0,0,0,0,0,0,0,0,0,0,0,0,0,0,0,0,0,383,2026-02-07 01:54:27.162140
BYL,48.62,48.61,48.63,50000000.0,50000000.0,0,0,0,0,0,0,0,0,0,0,0,0,0,0,0,0,0,0,0,0,0,0,0,0,0,0,383,2026-02-07 01:54:27.162140
CLD,74.77,74.76,74.78,50000000.0,50000000.0,0,0,0,0,0,0,0,0,0,0,0,0,0,0,0,0,0,0,0,0,0,0,0,0,0,0,383,2026-02-07 01:54:27.162140
GGD,36.64,36.63,36.65,50000000.0,50000000.0,0,0,0,0,0,0,0,0,0,0,0,0,0,0,0,0,0,0,0,0,0,0,0,0,0,0,383,2026-02-07 01:54:27.162140
PNR,60.4,60.39,60.41,50000000.0,50000000.0,0,0,0,0,0,0,0,0,0,0,0,0,0,0,0,0,0,0,0,0,0,0,0,0,0,0,383,2026-02-07 01:54:27.162140
FSR,36.43,36.42,36.44,50000000.0,50000000.0,0,0,0,0,0,0,0,0,0,0,0,0,0,0,0,0,0,0,0,0,0,0,0,0,0,0,383,2026-02-07 01:54:27.162140
ATB,58.27,58.26,58.28,50000000.0,50000000.0,0,0,0,0,0,0,0,0,0,0,0,0,0,0,0,0,0,0,0,0,0,0,0,0,0,0,383,2026-02-07 01:54:27.162140
SPK,55.46,55.45,55.47,50000000.0,50000000.0,0,0,0,0,0,0,0,0,0,0,0,0,0,0,0,0,0,0,0,0,0,0,0,0,0,0,383,2026-02-07 01:54:27.162140
EEC,56.55,56.54,56.56,50000000.0,50000000.0,0,0,0,0,0,0,0,0,0,0,0,0,0,0,0,0,0,0,0,0,0,0,0,0,0,0,383,2026-02-07 01:54:27.162140
TGX,43.72,43.71,43.73,50000000.0,50000000.0,0,0,0,0,0,0,0,0,0,0,0,0,0,0,0,0,0,0,0,0,0,0,0,0,0,0,384,2026-02-07 01:54:27.723548
PHR,48.44,48.43,48.45,50000000.0,50000000.0,0,0,0,0,0,0,0,0,0,0,0,0,0,0,0,0,0,0,0,0,0,0,0,0,0,0,384,2026-02-07 01:54:27.723548
BYL,48.61,48.6,48.62,50000000.0,50000000.0,0,0,0,0,0,0,0,0,0,0,0,0,0,0,0,0,0,0,0,0,0,0,0,0,0,0,384,2026-02-07 01:54:27.723548
CLD,74.75,74.74,74.76,50000000.0,50000000.0,0,0,0,0,0,0,0,0,0,0,0,0,0,0,0,0,0,0,0,0,0,0,0,0,0,0,384,2026-02-07 01:54:27.723548
GGD,36.7,36.69,36.71,50000000.0,50000000.0,0,0,0,0,0,0,0,0,0,0,0,0,0,0,0,0,0,0,0,0,0,0,0,0,0,0,384,2026-02-07 01:54:27.723548
PNR,60.59,60.58,60.6,50000000.0,50000000.0,0,0,0,0,0,0,0,0,0,0,0,0,0,0,0,0,0,0,0,0,0,0,0,0,0,0,384,2026-02-07 01:54:27.723548
FSR,38.94,38.93,38.95,50000000.0,50000000.0,0,0,0,0,0,0,0,0,0,0,0,0,0,0,0,0,0,0,0,0,0,0,0,0,0,0,384,2026-02-07 01:54:27.723548
ATB,58.35,58.34,58.36,50000000.0,50000000.0,0,0,0,0,0,0,0,0,0,0,0,0,0,0,0,0,0,0,0,0,0,0,0,0,0,0,384,2026-02-07 01:54:27.723548
SPK,59.21,59.2,59.22,50000000.0,50000000.0,0,0,0,0,0,0,0,0,0,0,0,0,0,0,0,0,0,0,0,0,0,0,0,0,0,0,384,2026-02-07 01:54:27.723548
EEC,56.4,56.39,56.41,50000000.0,50000000.0,0,0,0,0,0,0,0,0,0,0,0,0,0,0,0,0,0,0,0,0,0,0,0,0,0,0,384,2026-02-07 01:54:27.723548
TGX,43.74,43.73,43.75,50000000.0,50000000.0,0,0,0,0,0,0,0,0,0,0,0,0,0,0,0,0,0,0,0,0,0,0,0,0,0,0,385,2026-02-07 01:54:28.771139
PHR,48.64,48.63,48.65,50000000.0,50000000.0,0,0,0,0,0,0,0,0,0,0,0,0,0,0,0,0,0,0,0,0,0,0,0,0,0,0,385,2026-02-07 01:54:28.771139
BYL,48.47,48.46,48.48,50000000.0,50000000.0,0,0,0,0,0,0,0,0,0,0,0,0,0,0,0,0,0,0,0,0,0,0,0,0,0,0,385,2026-02-07 01:54:28.771139
CLD,74.56,74.55,74.57,50000000.0,50000000.0,0,0,0,0,0,0,0,0,0,0,0,0,0,0,0,0,0,0,0,0,0,0,0,0,0,0,385,2026-02-07 01:54:28.771139
GGD,36.68,36.67,36.69,50000000.0,50000000.0,0,0,0,0,0,0,0,0,0,0,0,0,0,0,0,0,0,0,0,0,0,0,0,0,0,0,385,2026-02-07 01:54:28.771139
PNR,60.51,60.5,60.52,50000000.0,50000000.0,0,0,0,0,0,0,0,0,0,0,0,0,0,0,0,0,0,0,0,0,0,0,0,0,0,0,385,2026-02-07 01:54:28.771139
FSR,38.9,38.89,38.91,50000000.0,50000000.0,0,0,0,0,0,0,0,0,0,0,0,0,0,0,0,0,0,0,0,0,0,0,0,0,0,0,385,2026-02-07 01:54:28.771139
ATB,58.33,58.32,58.34,50000000.0,50000000.0,0,0,0,0,0,0,0,0,0,0,0,0,0,0,0,0,0,0,0,0,0,0,0,0,0,0,385,2026-02-07 01:54:28.771139
SPK,59.2,59.19,59.21,50000000.0,50000000.0,0,0,0,0,0,0,0,0,0,0,0,0,0,0,0,0,0,0,0,0,0,0,0,0,0,0,385,2026-02-07 01:54:28.771139
EEC,56.33,56.32,56.34,50000000.0,50000000.0,0,0,0,0,0,0,0,0,0,0,0,0,0,0,0,0,0,0,0,0,0,0,0,0,0,0,385,2026-02-07 01:54:28.771139
TGX,43.73,43.72,43.74,50000000.0,50000000.0,0,0,0,0,0,0,0,0,0,0,0,0,0,0,0,0,0,0,0,0,0,0,0,0,0,0,386,2026-02-07 01:54:29.825810
PHR,48.66,48.65,48.67,50000000.0,50000000.0,0,0,0,0,0,0,0,0,0,0,0,0,0,0,0,0,0,0,0,0,0,0,0,0,0,0,386,2026-02-07 01:54:29.825810
BYL,48.51,48.5,48.52,50000000.0,50000000.0,0,0,0,0,0,0,0,0,0,0,0,0,0,0,0,0,0,0,0,0,0,0,0,0,0,0,386,2026-02-07 01:54:29.825810
CLD,74.58,74.57,74.59,50000000.0,50000000.0,0,0,0,0,0,0,0,0,0,0,0,0,0,0,0,0,0,0,0,0,0,0,0,0,0,0,386,2026-02-07 01:54:29.825810
GGD,36.64,36.63,36.65,50000000.0,50000000.0,0,0,0,0,0,0,0,0,0,0,0,0,0,0,0,0,0,0,0,0,0,0,0,0,0,0,386,2026-02-07 01:54:29.825810
PNR,60.38,60.37,60.39,50000000.0,50000000.0,0,0,0,0,0,0,0,0,0,0,0,0,0,0,0,0,0,0,0,0,0,0,0,0,0,0,386,2026-02-07 01:54:29.825810
FSR,38.9,38.89,38.91,50000000.0,50000000.0,0,0,0,0,0,0,0,0,0,0,0,0,0,0,0,0,0,0,0,0,0,0,0,0,0,0,386,2026-02-07 01:54:29.825810
ATB,58.41,58.4,58.42,50000000.0,50000000.0,0,0,0,0,0,0,0,0,0,0,0,0,0,0,0,0,0,0,0,0,0,0,0,0,0,0,386,2026-02-07 01:54:29.825810
SPK,58.59,58.58,58.6,50000000.0,50000000.0,0,0,0,0,0,0,0,0,0,0,0,0,0,0,0,0,0,0,0,0,0,0,0,0,0,0,386,2026-02-07 01:54:29.825810
EEC,56.55,56.54,56.56,50000000.0,50000000.0,0,0,0,0,0,0,0,0,0,0,0,0,0,0,0,0,0,0,0,0,0,0,0,0,0,0,386,2026-02-07 01:54:29.825810
TGX,43.74,43.73,43.75,50000000.0,50000000.0,0,0,0,0,0,0,0,0,0,0,0,0,0,0,0,0,0,0,0,0,0,0,0,0,0,0,387,2026-02-07 01:54:30.898085
PHR,49.2,49.19,49.21,50000000.0,50000000.0,0,0,0,0,0,0,0,0,0,0,0,0,0,0,0,0,0,0,0,0,0,0,0,0,0,0,387,2026-02-07 01:54:30.898085
BYL,48.29,48.28,48.3,50000000.0,50000000.0,0,0,0,0,0,0,0,0,0,0,0,0,0,0,0,0,0,0,0,0,0,0,0,0,0,0,387,2026-02-07 01:54:30.898085
CLD,74.21,74.2,74.22,50000000.0,50000000.0,0,0,0,0,0,0,0,0,0,0,0,0,0,0,0,0,0,0,0,0,0,0,0,0,0,0,387,2026-02-07 01:54:30.898085
GGD,36.6,36.59,36.61,50000000.0,50000000.0,0,0,0,0,0,0,0,0,0,0,0,0,0,0,0,0,0,0,0,0,0,0,0,0,0,0,387,2026-02-07 01:54:30.898085
PNR,60.42,60.41,60.43,50000000.0,50000000.0,0,0,0,0,0,0,0,0,0,0,0,0,0,0,0,0,0,0,0,0,0,0,0,0,0,0,387,2026-02-07 01:54:30.898085
FSR,38.9,38.89,38.91,50000000.0,50000000.0,0,0,0,0,0,0,0,0,0,0,0,0,0,0,0,0,0,0,0,0,0,0,0,0,0,0,387,2026-02-07 01:54:30.898085
ATB,58.32,58.31,58.33,50000000.0,50000000.0,0,0,0,0,0,0,0,0,0,0,0,0,0,0,0,0,0,0,0,0,0,0,0,0,0,0,387,2026-02-07 01:54:30.898085
SPK,58.96,58.95,58.97,50000000.0,50000000.0,0,0,0,0,0,0,0,0,0,0,0,0,0,0,0,0,0,0,0,0,0,0,0,0,0,0,387,2026-02-07 01:54:30.898085
EEC,57.09,57.08,57.1,50000000.0,50000000.0,0,0,0,0,0,0,0,0,0,0,0,0,0,0,0,0,0,0,0,0,0,0,0,0,0,0,387,2026-02-07 01:54:30.898085
TGX,43.73,43.72,43.74,50000000.0,50000000.0,0,0,0,0,0,0,0,0,0,0,0,0,0,0,0,0,0,0,0,0,0,0,0,0,0,0,388,2026-02-07 01:54:31.968265
PHR,49.17,49.16,49.18,50000000.0,50000000.0,0,0,0,0,0,0,0,0,0,0,0,0,0,0,0,0,0,0,0,0,0,0,0,0,0,0,388,2026-02-07 01:54:31.968265
BYL,48.25,48.24,48.26,50000000.0,50000000.0,0,0,0,0,0,0,0,0,0,0,0,0,0,0,0,0,0,0,0,0,0,0,0,0,0,0,388,2026-02-07 01:54:31.968265
CLD,74.14,74.13,74.15,50000000.0,50000000.0,0,0,0,0,0,0,0,0,0,0,0,0,0,0,0,0,0,0,0,0,0,0,0,0,0,0,388,2026-02-07 01:54:31.968265
GGD,36.65,36.64,36.66,50000000.0,50000000.0,0,0,0,0,0,0,0,0,0,0,0,0,0,0,0,0,0,0,0,0,0,0,0,0,0,0,388,2026-02-07 01:54:31.968265
PNR,60.56,60.55,60.57,50000000.0,50000000.0,0,0,0,0,0,0,0,0,0,0,0,0,0,0,0,0,0,0,0,0,0,0,0,0,0,0,388,2026-02-07 01:54:31.968265
FSR,38.89,38.88,38.9,50000000.0,50000000.0,0,0,0,0,0,0,0,0,0,0,0,0,0,0,0,0,0,0,0,0,0,0,0,0,0,0,388,2026-02-07 01:54:31.968265
ATB,58.28,58.27,58.29,50000000.0,50000000.0,0,0,0,0,0,0,0,0,0,0,0,0,0,0,0,0,0,0,0,0,0,0,0,0,0,0,388,2026-02-07 01:54:31.968265
SPK,58.98,58.97,58.99,50000000.0,50000000.0,0,0,0,0,0,0,0,0,0,0,0,0,0,0,0,0,0,0,0,0,0,0,0,0,0,0,388,2026-02-07 01:54:31.968265
EEC,57.08,57.07,57.09,50000000.0,50000000.0,0,0,0,0,0,0,0,0,0,0,0,0,0,0,0,0,0,0,0,0,0,0,0,0,0,0,388,2026-02-07 01:54:31.968265
TGX,43.72,43.71,43.73,50000000.0,50000000.0,0,0,0,0,0,0,0,0,0,0,0,0,0,0,0,0,0,0,0,0,0,0,0,0,0,0,389,2026-02-07 01:54:33.051933
PHR,49.77,49.76,49.78,50000000.0,50000000.0,0,0,0,0,0,0,0,0,0,0,0,0,0,0,0,0,0,0,0,0,0,0,0,0,0,0,389,2026-02-07 01:54:33.051933
BYL,48.31,48.3,48.32,50000000.0,50000000.0,0,0,0,0,0,0,0,0,0,0,0,0,0,0,0,0,0,0,0,0,0,0,0,0,0,0,389,2026-02-07 01:54:33.051933
CLD,74.25,74.24,74.26,50000000.0,50000000.0,0,0,0,0,0,0,0,0,0,0,0,0,0,0,0,0,0,0,0,0,0,0,0,0,0,0,389,2026-02-07 01:54:33.051933
GGD,36.7,36.69,36.71,50000000.0,50000000.0,0,0,0,0,0,0,0,0,0,0,0,0,0,0,0,0,0,0,0,0,0,0,0,0,0,0,389,2026-02-07 01:54:33.051933
PNR,60.55,60.54,60.56,50000000.0,50000000.0,0,0,0,0,0,0,0,0,0,0,0,0,0,0,0,0,0,0,0,0,0,0,0,0,0,0,389,2026-02-07 01:54:33.051933
FSR,38.92,38.91,38.93,50000000.0,50000000.0,0,0,0,0,0,0,0,0,0,0,0,0,0,0,0,0,0,0,0,0,0,0,0,0,0,0,389,2026-02-07 01:54:33.051933
ATB,58.34,58.33,58.35,50000000.0,50000000.0,0,0,0,0,0,0,0,0,0,0,0,0,0,0,0,0,0,0,0,0,0,0,0,0,0,0,389,2026-02-07 01:54:33.051933
SPK,58.85,58.84,58.86,50000000.0,50000000.0,0,0,0,0,0,0,0,0,0,0,0,0,0,0,0,0,0,0,0,0,0,0,0,0,0,0,389,2026-02-07 01:54:33.051933
EEC,56.95,56.94,56.96,50000000.0,50000000.0,0,0,0,0,0,0,0,0,0,0,0,0,0,0,0,0,0,0,0,0,0,0,0,0,0,0,389,2026-02-07 01:54:33.051933
TGX,43.72,43.71,43.73,50000000.0,50000000.0,0,0,0,0,0,0,0,0,0,0,0,0,0,0,0,0,0,0,0,0,0,0,0,0,0,0,390,2026-02-07 01:54:34.163282
PHR,49.43,49.42,49.44,50000000.0,50000000.0,0,0,0,0,0,0,0,0,0,0,0,0,0,0,0,0,0,0,0,0,0,0,0,0,0,0,390,2026-02-07 01:54:34.163282
BYL,48.43,48.42,48.44,50000000.0,50000000.0,0,0,0,0,0,0,0,0,0,0,0,0,0,0,0,0,0,0,0,0,0,0,0,0,0,0,390,2026-02-07 01:54:34.163282
CLD,74.53,74.52,74.54,50000000.0,50000000.0,0,0,0,0,0,0,0,0,0,0,0,0,0,0,0,0,0,0,0,0,0,0,0,0,0,0,390,2026-02-07 01:54:34.163282
GGD,36.6,36.59,36.61,50000000.0,50000000.0,0,0,0,0,0,0,0,0,0,0,0,0,0,0,0,0,0,0,0,0,0,0,0,0,0,0,390,2026-02-07 01:54:34.163282
PNR,60.53,60.52,60.54,50000000.0,50000000.0,0,0,0,0,0,0,0,0,0,0,0,0,0,0,0,0,0,0,0,0,0,0,0,0,0,0,390,2026-02-07 01:54:34.163282
FSR,38.87,38.86,38.88,50000000.0,50000000.0,0,0,0,0,0,0,0,0,0,0,0,0,0,0,0,0,0,0,0,0,0,0,0,0,0,0,390,2026-02-07 01:54:34.163282
ATB,58.07,58.06,58.08,50000000.0,50000000.0,0,0,0,0,0,0,0,0,0,0,0,0,0,0,0,0,0,0,0,0,0,0,0,0,0,0,390,2026-02-07 01:54:34.163282
SPK,58.79,58.78,58.8,50000000.0,50000000.0,0,0,0,0,0,0,0,0,0,0,0,0,0,0,0,0,0,0,0,0,0,0,0,0,0,0,390,2026-02-07 01:54:34.163282
EEC,56.81,56.8,56.82,50000000.0,50000000.0,0,0,0,0,0,0,0,0,0,0,0,0,0,0,0,0,0,0,0,0,0,0,0,0,0,0,390,2026-02-07 01:54:34.163282
TGX,43.7,43.69,43.71,50000000.0,50000000.0,0,0,0,0,0,0,0,0,0,0,0,0,0,0,0,0,0,0,0,0,0,0,0,0,0,0,391,2026-02-07 01:54:34.721762
PHR,49.18,49.17,49.19,50000000.0,50000000.0,0,0,0,0,0,0,0,0,0,0,0,0,0,0,0,0,0,0,0,0,0,0,0,0,0,0,391,2026-02-07 01:54:34.721762
BYL,48.65,48.64,48.66,50000000.0,50000000.0,0,0,0,0,0,0,0,0,0,0,0,0,0,0,0,0,0,0,0,0,0,0,0,0,0,0,391,2026-02-07 01:54:34.721762
CLD,74.9,74.89,74.91,50000000.0,50000000.0,0,0,0,0,0,0,0,0,0,0,0,0,0,0,0,0,0,0,0,0,0,0,0,0,0,0,391,2026-02-07 01:54:34.721762
GGD,36.53,36.52,36.54,50000000.0,50000000.0,0,0,0,0,0,0,0,0,0,0,0,0,0,0,0,0,0,0,0,0,0,0,0,0,0,0,391,2026-02-07 01:54:34.721762
PNR,60.14,60.13,60.15,50000000.0,50000000.0,0,0,0,0,0,0,0,0,0,0,0,0,0,0,0,0,0,0,0,0,0,0,0,0,0,0,391,2026-02-07 01:54:34.721762
FSR,38.9,38.89,38.91,50000000.0,50000000.0,0,0,0,0,0,0,0,0,0,0,0,0,0,0,0,0,0,0,0,0,0,0,0,0,0,0,391,2026-02-07 01:54:34.721762
ATB,58.07,58.06,58.08,50000000.0,50000000.0,0,0,0,0,0,0,0,0,0,0,0,0,0,0,0,0,0,0,0,0,0,0,0,0,0,0,391,2026-02-07 01:54:34.721762
SPK,59.0,58.99,59.01,50000000.0,50000000.0,0,0,0,0,0,0,0,0,0,0,0,0,0,0,0,0,0,0,0,0,0,0,0,0,0,0,391,2026-02-07 01:54:34.721762
EEC,57.17,57.16,57.18,50000000.0,50000000.0,0,0,0,0,0,0,0,0,0,0,0,0,0,0,0,0,0,0,0,0,0,0,0,0,0,0,391,2026-02-07 01:54:34.721762
TGX,43.75,43.74,43.76,50000000.0,50000000.0,0,0,0,0,0,0,0,0,0,0,0,0,0,0,0,0,0,0,0,0,0,0,0,0,0,0,392,2026-02-07 01:54:35.781775
PHR,49.5,49.49,49.51,50000000.0,50000000.0,0,0,0,0,0,0,0,0,0,0,0,0,0,0,0,0,0,0,0,0,0,0,0,0,0,0,392,2026-02-07 01:54:35.781775
BYL,48.56,48.55,48.57,50000000.0,50000000.0,0,0,0,0,0,0,0,0,0,0,0,0,0,0,0,0,0,0,0,0,0,0,0,0,0,0,392,2026-02-07 01:54:35.781775
CLD,74.71,74.7,74.72,50000000.0,50000000.0,0,0,0,0,0,0,0,0,0,0,0,0,0,0,0,0,0,0,0,0,0,0,0,0,0,0,392,2026-02-07 01:54:35.781775
GGD,36.5,36.49,36.51,50000000.0,50000000.0,0,0,0,0,0,0,0,0,0,0,0,0,0,0,0,0,0,0,0,0,0,0,0,0,0,0,392,2026-02-07 01:54:35.781775
PNR,60.24,60.23,60.25,50000000.0,50000000.0,0,0,0,0,0,0,0,0,0,0,0,0,0,0,0,0,0,0,0,0,0,0,0,0,0,0,392,2026-02-07 01:54:35.781775
FSR,38.87,38.86,38.88,50000000.0,50000000.0,0,0,0,0,0,0,0,0,0,0,0,0,0,0,0,0,0,0,0,0,0,0,0,0,0,0,392,2026-02-07 01:54:35.781775
ATB,58.04,58.03,58.05,50000000.0,50000000.0,0,0,0,0,0,0,0,0,0,0,0,0,0,0,0,0,0,0,0,0,0,0,0,0,0,0,392,2026-02-07 01:54:35.781775
SPK,58.96,58.95,58.97,50000000.0,50000000.0,0,0,0,0,0,0,0,0,0,0,0,0,0,0,0,0,0,0,0,0,0,0,0,0,0,0,392,2026-02-07 01:54:35.781775
EEC,57.1,57.09,57.11,50000000.0,50000000.0,0,0,0,0,0,0,0,0,0,0,0,0,0,0,0,0,0,0,0,0,0,0,0,0,0,0,392,2026-02-07 01:54:35.781775
TGX,43.78,43.77,43.79,50000000.0,50000000.0,0,0,0,0,0,0,0,0,0,0,0,0,0,0,0,0,0,0,0,0,0,0,0,0,0,0,393,2026-02-07 01:54:36.848713
PHR,49.3,49.29,49.31,50000000.0,50000000.0,0,0,0,0,0,0,0,0,0,0,0,0,0,0,0,0,0,0,0,0,0,0,0,0,0,0,393,2026-02-07 01:54:36.848713
BYL,48.67,48.66,48.68,50000000.0,50000000.0,0,0,0,0,0,0,0,0,0,0,0,0,0,0,0,0,0,0,0,0,0,0,0,0,0,0,393,2026-02-07 01:54:36.848713
CLD,74.93,74.92,74.94,50000000.0,50000000.0,0,0,0,0,0,0,0,0,0,0,0,0,0,0,0,0,0,0,0,0,0,0,0,0,0,0,393,2026-02-07 01:54:36.848713
GGD,36.51,36.5,36.52,50000000.0,50000000.0,0,0,0,0,0,0,0,0,0,0,0,0,0,0,0,0,0,0,0,0,0,0,0,0,0,0,393,2026-02-07 01:54:36.848713
PNR,60.14,60.13,60.15,50000000.0,50000000.0,0,0,0,0,0,0,0,0,0,0,0,0,0,0,0,0,0,0,0,0,0,0,0,0,0,0,393,2026-02-07 01:54:36.848713
FSR,38.86,38.85,38.87,50000000.0,50000000.0,0,0,0,0,0,0,0,0,0,0,0,0,0,0,0,0,0,0,0,0,0,0,0,0,0,0,393,2026-02-07 01:54:36.848713
ATB,57.98,57.97,57.99,50000000.0,50000000.0,0,0,0,0,0,0,0,0,0,0,0,0,0,0,0,0,0,0,0,0,0,0,0,0,0,0,393,2026-02-07 01:54:36.848713
SPK,59.07,59.06,59.08,50000000.0,50000000.0,0,0,0,0,0,0,0,0,0,0,0,0,0,0,0,0,0,0,0,0,0,0,0,0,0,0,393,2026-02-07 01:54:36.848713
EEC,57.25,57.24,57.26,50000000.0,50000000.0,0,0,0,0,0,0,0,0,0,0,0,0,0,0,0,0,0,0,0,0,0,0,0,0,0,0,393,2026-02-07 01:54:36.848713
TGX,43.79,43.78,43.8,50000000.0,50000000.0,0,0,0,0,0,0,0,0,0,0,0,0,0,0,0,0,0,0,0,0,0,0,0,0,0,0,394,2026-02-07 01:54:37.924870,44.0,1.0,393.0,ALL,DOJ Antitrust Division Signals Stricter Merger Enforcement,"The Department of Justice Antitrust Division has published updated merger enforcement guidelines, signaling a more aggressive posture toward horizontal consolidation in technology, healthcare, and financial services. The new framework lowers concentration thresholds that trigger presumptive challenges and expands the scope of competitive effects analysis. Legal advisors to pending transactions are assessing the implications for ongoing reviews, with cloud computing and pharmaceutical deals seen as most directly affected. The guidelines do not retroactively alter existing consent decrees but may influence remedies under negotiation."
PHR,49.26,49.25,49.27,50000000.0,50000000.0,0,0,0,0,0,0,0,0,0,0,0,0,0,0,0,0,0,0,0,0,0,0,0,0,0,0,394,2026-02-07 01:54:37.924870,,,,,,
BYL,48.72,48.71,48.73,50000000.0,50000000.0,0,0,0,0,0,0,0,0,0,0,0,0,0,0,0,0,0,0,0,0,0,0,0,0,0,0,394,2026-02-07 01:54:37.924870,,,,,,
CLD,74.97,74.96,74.98,50000000.0,50000000.0,0,0,0,0,0,0,0,0,0,0,0,0,0,0,0,0,0,0,0,0,0,0,0,0,0,0,394,2026-02-07 01:54:37.924870,,,,,,
GGD,36.48,36.47,36.49,50000000.0,50000000.0,0,0,0,0,0,0,0,0,0,0,0,0,0,0,0,0,0,0,0,0,0,0,0,0,0,0,394,2026-02-07 01:54:37.924870,,,,,,
PNR,60.02,60.01,60.03,50000000.0,50000000.0,0,0,0,0,0,0,0,0,0,0,0,0,0,0,0,0,0,0,0,0,0,0,0,0,0,0,394,2026-02-07 01:54:37.924870,,,,,,
FSR,38.87,38.86,38.88,50000000.0,50000000.0,0,0,0,0,0,0,0,0,0,0,0,0,0,0,0,0,0,0,0,0,0,0,0,0,0,0,394,2026-02-07 01:54:37.924870,,,,,,
ATB,57.88,57.87,57.89,50000000.0,50000000.0,0,0,0,0,0,0,0,0,0,0,0,0,0,0,0,0,0,0,0,0,0,0,0,0,0,0,394,2026-02-07 01:54:37.924870,,,,,,
SPK,59.3,59.29,59.31,50000000.0,50000000.0,0,0,0,0,0,0,0,0,0,0,0,0,0,0,0,0,0,0,0,0,0,0,0,0,0,0,394,2026-02-07 01:54:37.924870,,,,,,
EEC,57.61,57.6,57.62,50000000.0,50000000.0,0,0,0,0,0,0,0,0,0,0,0,0,0,0,0,0,0,0,0,0,0,0,0,0,0,0,394,2026-02-07 01:54:37.924870,,,,,,
TGX,43.75,43.74,43.76,50000000.0,50000000.0,0,0,0,0,0,0,0,0,0,0,0,0,0,0,0,0,0,0,0,0,0,0,0,0,0,0,395,2026-02-07 01:54:39.006655
PHR,49.37,49.36,49.38,50000000.0,50000000.0,0,0,0,0,0,0,0,0,0,0,0,0,0,0,0,0,0,0,0,0,0,0,0,0,0,0,395,2026-02-07 01:54:39.006655
BYL,48.73,48.72,48.74,50000000.0,50000000.0,0,0,0,0,0,0,0,0,0,0,0,0,0,0,0,0,0,0,0,0,0,0,0,0,0,0,395,2026-02-07 01:54:39.006655
CLD,75.0,74.99,75.01,50000000.0,50000000.0,0,0,0,0,0,0,0,0,0,0,0,0,0,0,0,0,0,0,0,0,0,0,0,0,0,0,395,2026-02-07 01:54:39.006655
GGD,36.48,36.47,36.49,50000000.0,50000000.0,0,0,0,0,0,0,0,0,0,0,0,0,0,0,0,0,0,0,0,0,0,0,0,0,0,0,395,2026-02-07 01:54:39.006655
PNR,60.11,60.1,60.12,50000000.0,50000000.0,0,0,0,0,0,0,0,0,0,0,0,0,0,0,0,0,0,0,0,0,0,0,0,0,0,0,395,2026-02-07 01:54:39.006655
FSR,38.85,38.84,38.86,50000000.0,50000000.0,0,0,0,0,0,0,0,0,0,0,0,0,0,0,0,0,0,0,0,0,0,0,0,0,0,0,395,2026-02-07 01:54:39.006655
ATB,57.8,57.79,57.81,50000000.0,50000000.0,0,0,0,0,0,0,0,0,0,0,0,0,0,0,0,0,0,0,0,0,0,0,0,0,0,0,395,2026-02-07 01:54:39.006655
SPK,59.42,59.41,59.43,50000000.0,50000000.0,0,0,0,0,0,0,0,0,0,0,0,0,0,0,0,0,0,0,0,0,0,0,0,0,0,0,395,2026-02-07 01:54:39.006655
EEC,57.82,57.81,57.83,50000000.0,50000000.0,0,0,0,0,0,0,0,0,0,0,0,0,0,0,0,0,0,0,0,0,0,0,0,0,0,0,395,2026-02-07 01:54:39.006655
TGX,43.74,43.73,43.75,50000000.0,50000000.0,0,0,0,0,0,0,0,0,0,0,0,0,0,0,0,0,0,0,0,0,0,0,0,0,0,0,396,2026-02-07 01:54:40.059006
PHR,49.23,49.22,49.24,50000000.0,50000000.0,0,0,0,0,0,0,0,0,0,0,0,0,0,0,0,0,0,0,0,0,0,0,0,0,0,0,396,2026-02-07 01:54:40.059006
BYL,48.87,48.86,48.88,50000000.0,50000000.0,0,0,0,0,0,0,0,0,0,0,0,0,0,0,0,0,0,0,0,0,0,0,0,0,0,0,396,2026-02-07 01:54:40.059006
CLD,75.24,75.23,75.25,50000000.0,50000000.0,0,0,0,0,0,0,0,0,0,0,0,0,0,0,0,0,0,0,0,0,0,0,0,0,0,0,396,2026-02-07 01:54:40.059006
GGD,36.55,36.54,36.56,50000000.0,50000000.0,0,0,0,0,0,0,0,0,0,0,0,0,0,0,0,0,0,0,0,0,0,0,0,0,0,0,396,2026-02-07 01:54:40.059006
PNR,60.42,60.41,60.43,50000000.0,50000000.0,0,0,0,0,0,0,0,0,0,0,0,0,0,0,0,0,0,0,0,0,0,0,0,0,0,0,396,2026-02-07 01:54:40.059006
FSR,38.87,38.86,38.88,50000000.0,50000000.0,0,0,0,0,0,0,0,0,0,0,0,0,0,0,0,0,0,0,0,0,0,0,0,0,0,0,396,2026-02-07 01:54:40.059006
ATB,57.89,57.88,57.9,50000000.0,50000000.0,0,0,0,0,0,0,0,0,0,0,0,0,0,0,0,0,0,0,0,0,0,0,0,0,0,0,396,2026-02-07 01:54:40.059006
SPK,59.32,59.31,59.33,50000000.0,50000000.0,0,0,0,0,0,0,0,0,0,0,0,0,0,0,0,0,0,0,0,0,0,0,0,0,0,0,396,2026-02-07 01:54:40.059006
EEC,57.72,57.71,57.73,50000000.0,50000000.0,0,0,0,0,0,0,0,0,0,0,0,0,0,0,0,0,0,0,0,0,0,0,0,0,0,0,396,2026-02-07 01:54:40.059006
TGX,43.71,43.7,43.72,50000000.0,50000000.0,0,0,0,0,0,0,0,0,0,0,0,0,0,0,0,0,0,0,0,0,0,0,0,0,0,0,397,2026-02-07 01:54:41.137152
PHR,49.03,49.02,49.04,50000000.0,50000000.0,0,0,0,0,0,0,0,0,0,0,0,0,0,0,0,0,0,0,0,0,0,0,0,0,0,0,397,2026-02-07 01:54:41.137152
BYL,48.66,48.65,48.67,50000000.0,50000000.0,0,0,0,0,0,0,0,0,0,0,0,0,0,0,0,0,0,0,0,0,0,0,0,0,0,0,397,2026-02-07 01:54:41.137152
CLD,74.87,74.86,74.88,50000000.0,50000000.0,0,0,0,0,0,0,0,0,0,0,0,0,0,0,0,0,0,0,0,0,0,0,0,0,0,0,397,2026-02-07 01:54:41.137152
GGD,36.59,36.58,36.6,50000000.0,50000000.0,0,0,0,0,0,0,0,0,0,0,0,0,0,0,0,0,0,0,0,0,0,0,0,0,0,0,397,2026-02-07 01:54:41.137152
PNR,60.3,60.29,60.31,50000000.0,50000000.0,0,0,0,0,0,0,0,0,0,0,0,0,0,0,0,0,0,0,0,0,0,0,0,0,0,0,397,2026-02-07 01:54:41.137152
FSR,38.91,38.9,38.92,50000000.0,50000000.0,0,0,0,0,0,0,0,0,0,0,0,0,0,0,0,0,0,0,0,0,0,0,0,0,0,0,397,2026-02-07 01:54:41.137152
ATB,58.06,58.05,58.07,50000000.0,50000000.0,0,0,0,0,0,0,0,0,0,0,0,0,0,0,0,0,0,0,0,0,0,0,0,0,0,0,397,2026-02-07 01:54:41.137152
SPK,59.41,59.4,59.42,50000000.0,50000000.0,0,0,0,0,0,0,0,0,0,0,0,0,0,0,0,0,0,0,0,0,0,0,0,0,0,0,397,2026-02-07 01:54:41.137152
EEC,57.87,57.86,57.88,50000000.0,50000000.0,0,0,0,0,0,0,0,0,0,0,0,0,0,0,0,0,0,0,0,0,0,0,0,0,0,0,397,2026-02-07 01:54:41.137152
TGX,43.7,43.69,43.71,50000000.0,50000000.0,0,0,0,0,0,0,0,0,0,0,0,0,0,0,0,0,0,0,0,0,0,0,0,0,0,0,398,2026-02-07 01:54:42.204457
PHR,49.22,49.21,49.23,50000000.0,50000000.0,0,0,0,0,0,0,0,0,0,0,0,0,0,0,0,0,0,0,0,0,0,0,0,0,0,0,398,2026-02-07 01:54:42.204457
BYL,48.63,48.62,48.64,50000000.0,50000000.0,0,0,0,0,0,0,0,0,0,0,0,0,0,0,0,0,0,0,0,0,0,0,0,0,0,0,398,2026-02-07 01:54:42.204457
CLD,74.75,74.74,74.76,50000000.0,50000000.0,0,0,0,0,0,0,0,0,0,0,0,0,0,0,0,0,0,0,0,0,0,0,0,0,0,0,398,2026-02-07 01:54:42.204457
GGD,36.56,36.55,36.57,50000000.0,50000000.0,0,0,0,0,0,0,0,0,0,0,0,0,0,0,0,0,0,0,0,0,0,0,0,0,0,0,398,2026-02-07 01:54:42.204457
PNR,60.29,60.28,60.3,50000000.0,50000000.0,0,0,0,0,0,0,0,0,0,0,0,0,0,0,0,0,0,0,0,0,0,0,0,0,0,0,398,2026-02-07 01:54:42.204457
FSR,38.9,38.89,38.91,50000000.0,50000000.0,0,0,0,0,0,0,0,0,0,0,0,0,0,0,0,0,0,0,0,0,0,0,0,0,0,0,398,2026-02-07 01:54:42.204457
ATB,58.15,58.14,58.16,50000000.0,50000000.0,0,0,0,0,0,0,0,0,0,0,0,0,0,0,0,0,0,0,0,0,0,0,0,0,0,0,398,2026-02-07 01:54:42.204457
SPK,59.37,59.36,59.38,50000000.0,50000000.0,0,0,0,0,0,0,0,0,0,0,0,0,0,0,0,0,0,0,0,0,0,0,0,0,0,0,398,2026-02-07 01:54:42.204457
EEC,57.88,57.87,57.89,50000000.0,50000000.0,0,0,0,0,0,0,0,0,0,0,0,0,0,0,0,0,0,0,0,0,0,0,0,0,0,0,398,2026-02-07 01:54:42.204457
TGX,43.71,43.7,43.72,50000000.0,50000000.0,0,0,0,0,0,0,0,0,0,0,0,0,0,0,0,0,0,0,0,0,0,0,0,0,0,0,399,2026-02-07 01:54:43.267346
PHR,49.2,49.19,49.21,50000000.0,50000000.0,0,0,0,0,0,0,0,0,0,0,0,0,0,0,0,0,0,0,0,0,0,0,0,0,0,0,399,2026-02-07 01:54:43.267346
BYL,48.66,48.65,48.67,50000000.0,50000000.0,0,0,0,0,0,0,0,0,0,0,0,0,0,0,0,0,0,0,0,0,0,0,0,0,0,0,399,2026-02-07 01:54:43.267346
CLD,74.85,74.84,74.86,50000000.0,50000000.0,0,0,0,0,0,0,0,0,0,0,0,0,0,0,0,0,0,0,0,0,0,0,0,0,0,0,399,2026-02-07 01:54:43.267346
GGD,36.59,36.58,36.6,50000000.0,50000000.0,0,0,0,0,0,0,0,0,0,0,0,0,0,0,0,0,0,0,0,0,0,0,0,0,0,0,399,2026-02-07 01:54:43.267346
PNR,60.3,60.29,60.31,50000000.0,50000000.0,0,0,0,0,0,0,0,0,0,0,0,0,0,0,0,0,0,0,0,0,0,0,0,0,0,0,399,2026-02-07 01:54:43.267346
FSR,38.91,38.9,38.92,50000000.0,50000000.0,0,0,0,0,0,0,0,0,0,0,0,0,0,0,0,0,0,0,0,0,0,0,0,0,0,0,399,2026-02-07 01:54:43.267346
ATB,58.12,58.11,58.13,50000000.0,50000000.0,0,0,0,0,0,0,0,0,0,0,0,0,0,0,0,0,0,0,0,0,0,0,0,0,0,0,399,2026-02-07 01:54:43.267346
SPK,59.37,59.36,59.38,50000000.0,50000000.0,0,0,0,0,0,0,0,0,0,0,0,0,0,0,0,0,0,0,0,0,0,0,0,0,0,0,399,2026-02-07 01:54:43.267346
EEC,57.86,57.85,57.87,50000000.0,50000000.0,0,0,0,0,0,0,0,0,0,0,0,0,0,0,0,0,0,0,0,0,0,0,0,0,0,0,399,2026-02-07 01:54:43.267346
TGX,43.76,43.75,43.77,50000000.0,50000000.0,0,0,0,0,0,0,0,0,0,0,0,0,0,0,0,0,0,0,0,0,0,0,0,0,0,0,400,2026-02-07 01:54:43.820088
PHR,49.04,49.03,49.05,50000000.0,50000000.0,0,0,0,0,0,0,0,0,0,0,0,0,0,0,0,0,0,0,0,0,0,0,0,0,0,0,400,2026-02-07 01:54:43.820088
BYL,48.79,48.78,48.8,50000000.0,50000000.0,0,0,0,0,0,0,0,0,0,0,0,0,0,0,0,0,0,0,0,0,0,0,0,0,0,0,400,2026-02-07 01:54:43.820088
CLD,75.06,75.05,75.07,50000000.0,50000000.0,0,0,0,0,0,0,0,0,0,0,0,0,0,0,0,0,0,0,0,0,0,0,0,0,0,0,400,2026-02-07 01:54:43.820088
GGD,36.54,36.53,36.55,50000000.0,50000000.0,0,0,0,0,0,0,0,0,0,0,0,0,0,0,0,0,0,0,0,0,0,0,0,0,0,0,400,2026-02-07 01:54:43.820088
PNR,60.21,60.2,60.22,50000000.0,50000000.0,0,0,0,0,0,0,0,0,0,0,0,0,0,0,0,0,0,0,0,0,0,0,0,0,0,0,400,2026-02-07 01:54:43.820088
FSR,38.92,38.91,38.93,50000000.0,50000000.0,0,0,0,0,0,0,0,0,0,0,0,0,0,0,0,0,0,0,0,0,0,0,0,0,0,0,400,2026-02-07 01:54:43.820088
ATB,58.27,58.26,58.28,50000000.0,50000000.0,0,0,0,0,0,0,0,0,0,0,0,0,0,0,0,0,0,0,0,0,0,0,0,0,0,0,400,2026-02-07 01:54:43.820088
SPK,59.3,59.29,59.31,50000000.0,50000000.0,0,0,0,0,0,0,0,0,0,0,0,0,0,0,0,0,0,0,0,0,0,0,0,0,0,0,400,2026-02-07 01:54:43.820088
EEC,57.73,57.72,57.74,50000000.0,50000000.0,0,0,0,0,0,0,0,0,0,0,0,0,0,0,0,0,0,0,0,0,0,0,0,0,0,0,400,2026-02-07 01:54:43.820088
TGX,43.77,43.76,43.78,50000000.0,50000000.0,0,0,0,0,0,0,0,0,0,0,0,0,0,0,0,0,0,0,0,0,0,0,0,0,0,0,401,2026-02-07 01:54:44.886688
PHR,48.85,48.84,48.86,50000000.0,50000000.0,0,0,0,0,0,0,0,0,0,0,0,0,0,0,0,0,0,0,0,0,0,0,0,0,0,0,401,2026-02-07 01:54:44.886688
BYL,48.82,48.81,48.83,50000000.0,50000000.0,0,0,0,0,0,0,0,0,0,0,0,0,0,0,0,0,0,0,0,0,0,0,0,0,0,0,401,2026-02-07 01:54:44.886688
CLD,75.04,75.03,75.05,50000000.0,50000000.0,0,0,0,0,0,0,0,0,0,0,0,0,0,0,0,0,0,0,0,0,0,0,0,0,0,0,401,2026-02-07 01:54:44.886688
GGD,36.49,36.48,36.5,50000000.0,50000000.0,0,0,0,0,0,0,0,0,0,0,0,0,0,0,0,0,0,0,0,0,0,0,0,0,0,0,401,2026-02-07 01:54:44.886688
PNR,59.95,59.94,59.96,50000000.0,50000000.0,0,0,0,0,0,0,0,0,0,0,0,0,0,0,0,0,0,0,0,0,0,0,0,0,0,0,401,2026-02-07 01:54:44.886688
FSR,38.96,38.95,38.97,50000000.0,50000000.0,0,0,0,0,0,0,0,0,0,0,0,0,0,0,0,0,0,0,0,0,0,0,0,0,0,0,401,2026-02-07 01:54:44.886688
ATB,58.24,58.23,58.25,50000000.0,50000000.0,0,0,0,0,0,0,0,0,0,0,0,0,0,0,0,0,0,0,0,0,0,0,0,0,0,0,401,2026-02-07 01:54:44.886688
SPK,59.01,59.0,59.02,50000000.0,50000000.0,0,0,0,0,0,0,0,0,0,0,0,0,0,0,0,0,0,0,0,0,0,0,0,0,0,0,401,2026-02-07 01:54:44.886688
EEC,57.26,57.25,57.27,50000000.0,50000000.0,0,0,0,0,0,0,0,0,0,0,0,0,0,0,0,0,0,0,0,0,0,0,0,0,0,0,401,2026-02-07 01:54:44.886688
TGX,43.77,43.76,43.78,50000000.0,50000000.0,0,0,0,0,0,0,0,0,0,0,0,0,0,0,0,0,0,0,0,0,0,0,0,0,0,0,402,2026-02-07 01:54:45.957978
PHR,49.0,48.99,49.01,50000000.0,50000000.0,0,0,0,0,0,0,0,0,0,0,0,0,0,0,0,0,0,0,0,0,0,0,0,0,0,0,402,2026-02-07 01:54:45.957978
BYL,49.02,49.01,49.03,50000000.0,50000000.0,0,0,0,0,0,0,0,0,0,0,0,0,0,0,0,0,0,0,0,0,0,0,0,0,0,0,402,2026-02-07 01:54:45.957978
CLD,75.29,75.28,75.3,50000000.0,50000000.0,0,0,0,0,0,0,0,0,0,0,0,0,0,0,0,0,0,0,0,0,0,0,0,0,0,0,402,2026-02-07 01:54:45.957978
GGD,36.46,36.45,36.47,50000000.0,50000000.0,0,0,0,0,0,0,0,0,0,0,0,0,0,0,0,0,0,0,0,0,0,0,0,0,0,0,402,2026-02-07 01:54:45.957978
PNR,59.81,59.8,59.82,50000000.0,50000000.0,0,0,0,0,0,0,0,0,0,0,0,0,0,0,0,0,0,0,0,0,0,0,0,0,0,0,402,2026-02-07 01:54:45.957978
FSR,38.94,38.93,38.95,50000000.0,50000000.0,0,0,0,0,0,0,0,0,0,0,0,0,0,0,0,0,0,0,0,0,0,0,0,0,0,0,402,2026-02-07 01:54:45.957978
ATB,58.33,58.32,58.34,50000000.0,50000000.0,0,0,0,0,0,0,0,0,0,0,0,0,0,0,0,0,0,0,0,0,0,0,0,0,0,0,402,2026-02-07 01:54:45.957978
SPK,58.95,58.94,58.96,50000000.0,50000000.0,0,0,0,0,0,0,0,0,0,0,0,0,0,0,0,0,0,0,0,0,0,0,0,0,0,0,402,2026-02-07 01:54:45.957978
EEC,57.23,57.22,57.24,50000000.0,50000000.0,0,0,0,0,0,0,0,0,0,0,0,0,0,0,0,0,0,0,0,0,0,0,0,0,0,0,402,2026-02-07 01:54:45.957978
TGX,43.74,43.73,43.75,50000000.0,50000000.0,0,0,0,0,0,0,0,0,0,0,0,0,0,0,0,0,0,0,0,0,0,0,0,0,0,0,403,2026-02-07 01:54:47.022853
PHR,48.99,48.98,49.0,50000000.0,50000000.0,0,0,0,0,0,0,0,0,0,0,0,0,0,0,0,0,0,0,0,0,0,0,0,0,0,0,403,2026-02-07 01:54:47.022853
BYL,49.27,49.26,49.28,50000000.0,50000000.0,0,0,0,0,0,0,0,0,0,0,0,0,0,0,0,0,0,0,0,0,0,0,0,0,0,0,403,2026-02-07 01:54:47.022853
CLD,75.78,75.77,75.79,50000000.0,50000000.0,0,0,0,0,0,0,0,0,0,0,0,0,0,0,0,0,0,0,0,0,0,0,0,0,0,0,403,2026-02-07 01:54:47.022853
GGD,36.46,36.45,36.47,50000000.0,50000000.0,0,0,0,0,0,0,0,0,0,0,0,0,0,0,0,0,0,0,0,0,0,0,0,0,0,0,403,2026-02-07 01:54:47.022853
PNR,59.74,59.73,59.75,50000000.0,50000000.0,0,0,0,0,0,0,0,0,0,0,0,0,0,0,0,0,0,0,0,0,0,0,0,0,0,0,403,2026-02-07 01:54:47.022853
FSR,38.85,38.84,38.86,50000000.0,50000000.0,0,0,0,0,0,0,0,0,0,0,0,0,0,0,0,0,0,0,0,0,0,0,0,0,0,0,403,2026-02-07 01:54:47.022853
ATB,58.28,58.27,58.29,50000000.0,50000000.0,0,0,0,0,0,0,0,0,0,0,0,0,0,0,0,0,0,0,0,0,0,0,0,0,0,0,403,2026-02-07 01:54:47.022853
SPK,58.9,58.89,58.91,50000000.0,50000000.0,0,0,0,0,0,0,0,0,0,0,0,0,0,0,0,0,0,0,0,0,0,0,0,0,0,0,403,2026-02-07 01:54:47.022853
EEC,57.11,57.1,57.12,50000000.0,50000000.0,0,0,0,0,0,0,0,0,0,0,0,0,0,0,0,0,0,0,0,0,0,0,0,0,0,0,403,2026-02-07 01:54:47.022853
TGX,43.73,43.72,43.74,50000000.0,50000000.0,0,0,0,0,0,0,0,0,0,0,0,0,0,0,0,0,0,0,0,0,0,0,0,0,0,0,404,2026-02-07 01:54:48.075241
PHR,49.21,49.2,49.22,50000000.0,50000000.0,0,0,0,0,0,0,0,0,0,0,0,0,0,0,0,0,0,0,0,0,0,0,0,0,0,0,404,2026-02-07 01:54:48.075241
BYL,49.36,49.35,49.37,50000000.0,50000000.0,0,0,0,0,0,0,0,0,0,0,0,0,0,0,0,0,0,0,0,0,0,0,0,0,0,0,404,2026-02-07 01:54:48.075241
CLD,75.95,75.94,75.96,50000000.0,50000000.0,0,0,0,0,0,0,0,0,0,0,0,0,0,0,0,0,0,0,0,0,0,0,0,0,0,0,404,2026-02-07 01:54:48.075241
GGD,36.42,36.41,36.43,50000000.0,50000000.0,0,0,0,0,0,0,0,0,0,0,0,0,0,0,0,0,0,0,0,0,0,0,0,0,0,0,404,2026-02-07 01:54:48.075241
PNR,59.46,59.45,59.47,50000000.0,50000000.0,0,0,0,0,0,0,0,0,0,0,0,0,0,0,0,0,0,0,0,0,0,0,0,0,0,0,404,2026-02-07 01:54:48.075241
FSR,38.84,38.83,38.85,50000000.0,50000000.0,0,0,0,0,0,0,0,0,0,0,0,0,0,0,0,0,0,0,0,0,0,0,0,0,0,0,404,2026-02-07 01:54:48.075241
ATB,58.27,58.26,58.28,50000000.0,50000000.0,0,0,0,0,0,0,0,0,0,0,0,0,0,0,0,0,0,0,0,0,0,0,0,0,0,0,404,2026-02-07 01:54:48.075241
SPK,58.99,58.98,59.0,50000000.0,50000000.0,0,0,0,0,0,0,0,0,0,0,0,0,0,0,0,0,0,0,0,0,0,0,0,0,0,0,404,2026-02-07 01:54:48.075241
EEC,57.27,57.26,57.28,50000000.0,50000000.0,0,0,0,0,0,0,0,0,0,0,0,0,0,0,0,0,0,0,0,0,0,0,0,0,0,0,404,2026-02-07 01:54:48.075241
TGX,43.72,43.71,43.73,50000000.0,50000000.0,0,0,0,0,0,0,0,0,0,0,0,0,0,0,0,0,0,0,0,0,0,0,0,0,0,0,405,2026-02-07 01:54:49.133400
PHR,49.15,49.14,49.16,50000000.0,50000000.0,0,0,0,0,0,0,0,0,0,0,0,0,0,0,0,0,0,0,0,0,0,0,0,0,0,0,405,2026-02-07 01:54:49.133400
BYL,49.14,49.13,49.15,50000000.0,50000000.0,0,0,0,0,0,0,0,0,0,0,0,0,0,0,0,0,0,0,0,0,0,0,0,0,0,0,405,2026-02-07 01:54:49.133400
CLD,75.48,75.47,75.49,50000000.0,50000000.0,0,0,0,0,0,0,0,0,0,0,0,0,0,0,0,0,0,0,0,0,0,0,0,0,0,0,405,2026-02-07 01:54:49.133400
GGD,36.36,36.35,36.37,50000000.0,50000000.0,0,0,0,0,0,0,0,0,0,0,0,0,0,0,0,0,0,0,0,0,0,0,0,0,0,0,405,2026-02-07 01:54:49.133400
PNR,59.51,59.5,59.52,50000000.0,50000000.0,0,0,0,0,0,0,0,0,0,0,0,0,0,0,0,0,0,0,0,0,0,0,0,0,0,0,405,2026-02-07 01:54:49.133400
FSR,38.87,38.86,38.88,50000000.0,50000000.0,0,0,0,0,0,0,0,0,0,0,0,0,0,0,0,0,0,0,0,0,0,0,0,0,0,0,405,2026-02-07 01:54:49.133400
ATB,58.19,58.18,58.2,50000000.0,50000000.0,0,0,0,0,0,0,0,0,0,0,0,0,0,0,0,0,0,0,0,0,0,0,0,0,0,0,405,2026-02-07 01:54:49.133400
SPK,59.11,59.1,59.12,50000000.0,50000000.0,0,0,0,0,0,0,0,0,0,0,0,0,0,0,0,0,0,0,0,0,0,0,0,0,0,0,405,2026-02-07 01:54:49.133400
EEC,57.47,57.46,57.48,50000000.0,50000000.0,0,0,0,0,0,0,0,0,0,0,0,0,0,0,0,0,0,0,0,0,0,0,0,0,0,0,405,2026-02-07 01:54:49.133400
TGX,43.72,43.71,43.73,50000000.0,50000000.0,0,0,0,0,0,0,0,0,0,0,0,0,0,0,0,0,0,0,0,0,0,0,0,0,0,0,406,2026-02-07 01:54:50.187784
PHR,49.14,49.13,49.15,50000000.0,50000000.0,0,0,0,0,0,0,0,0,0,0,0,0,0,0,0,0,0,0,0,0,0,0,0,0,0,0,406,2026-02-07 01:54:50.187784
BYL,49.2,49.19,49.21,50000000.0,50000000.0,0,0,0,0,0,0,0,0,0,0,0,0,0,0,0,0,0,0,0,0,0,0,0,0,0,0,406,2026-02-07 01:54:50.187784
CLD,75.53,75.52,75.54,50000000.0,50000000.0,0,0,0,0,0,0,0,0,0,0,0,0,0,0,0,0,0,0,0,0,0,0,0,0,0,0,406,2026-02-07 01:54:50.187784
GGD,36.41,36.4,36.42,50000000.0,50000000.0,0,0,0,0,0,0,0,0,0,0,0,0,0,0,0,0,0,0,0,0,0,0,0,0,0,0,406,2026-02-07 01:54:50.187784
PNR,59.71,59.7,59.72,50000000.0,50000000.0,0,0,0,0,0,0,0,0,0,0,0,0,0,0,0,0,0,0,0,0,0,0,0,0,0,0,406,2026-02-07 01:54:50.187784
FSR,38.94,38.93,38.95,50000000.0,50000000.0,0,0,0,0,0,0,0,0,0,0,0,0,0,0,0,0,0,0,0,0,0,0,0,0,0,0,406,2026-02-07 01:54:50.187784
ATB,58.24,58.23,58.25,50000000.0,50000000.0,0,0,0,0,0,0,0,0,0,0,0,0,0,0,0,0,0,0,0,0,0,0,0,0,0,0,406,2026-02-07 01:54:50.187784
SPK,59.11,59.1,59.12,50000000.0,50000000.0,0,0,0,0,0,0,0,0,0,0,0,0,0,0,0,0,0,0,0,0,0,0,0,0,0,0,406,2026-02-07 01:54:50.187784
EEC,57.44,57.43,57.45,50000000.0,50000000.0,0,0,0,0,0,0,0,0,0,0,0,0,0,0,0,0,0,0,0,0,0,0,0,0,0,0,406,2026-02-07 01:54:50.187784
TGX,43.72,43.71,43.73,50000000.0,50000000.0,0,0,0,0,0,0,0,0,0,0,0,0,0,0,0,0,0,0,0,0,0,0,0,0,0,0,407,2026-02-07 01:54:51.246243,45.0,1.0,406.0,D1-TGX/PHR,Bridge Loan Replaced with Term Facility,"The company successfully refinances its bridge facility with a longer-dated term loan, improving financial flexibility post-closing."
PHR,49.04,49.03,49.05,50000000.0,50000000.0,0,0,0,0,0,0,0,0,0,0,0,0,0,0,0,0,0,0,0,0,0,0,0,0,0,0,407,2026-02-07 01:54:51.246243,,,,,,
BYL,49.18,49.17,49.19,50000000.0,50000000.0,0,0,0,0,0,0,0,0,0,0,0,0,0,0,0,0,0,0,0,0,0,0,0,0,0,0,407,2026-02-07 01:54:51.246243,,,,,,
CLD,75.5,75.49,75.51,50000000.0,50000000.0,0,0,0,0,0,0,0,0,0,0,0,0,0,0,0,0,0,0,0,0,0,0,0,0,0,0,407,2026-02-07 01:54:51.246243,,,,,,
GGD,36.53,36.52,36.54,50000000.0,50000000.0,0,0,0,0,0,0,0,0,0,0,0,0,0,0,0,0,0,0,0,0,0,0,0,0,0,0,407,2026-02-07 01:54:51.246243,,,,,,
PNR,59.72,59.71,59.73,50000000.0,50000000.0,0,0,0,0,0,0,0,0,0,0,0,0,0,0,0,0,0,0,0,0,0,0,0,0,0,0,407,2026-02-07 01:54:51.246243,,,,,,
FSR,38.97,38.96,38.98,50000000.0,50000000.0,0,0,0,0,0,0,0,0,0,0,0,0,0,0,0,0,0,0,0,0,0,0,0,0,0,0,407,2026-02-07 01:54:51.246243,,,,,,
ATB,58.19,58.18,58.2,50000000.0,50000000.0,0,0,0,0,0,0,0,0,0,0,0,0,0,0,0,0,0,0,0,0,0,0,0,0,0,0,407,2026-02-07 01:54:51.246243,,,,,,
SPK,58.99,58.98,59.0,50000000.0,50000000.0,0,0,0,0,0,0,0,0,0,0,0,0,0,0,0,0,0,0,0,0,0,0,0,0,0,0,407,2026-02-07 01:54:51.246243,,,,,,
EEC,57.27,57.26,57.28,50000000.0,50000000.0,0,0,0,0,0,0,0,0,0,0,0,0,0,0,0,0,0,0,0,0,0,0,0,0,0,0,407,2026-02-07 01:54:51.246243,,,,,,
TGX,43.76,43.75,43.77,50000000.0,50000000.0,0,0,0,0,0,0,0,0,0,0,0,0,0,0,0,0,0,0,0,0,0,0,0,0,0,0,408,2026-02-07 01:54:51.873148,46.0,1.0,407.0,D3-GGD/PNR,Legal Challenge Dismissed,Federal court dismisses environmental group challenge to FERC approval order.
PHR,49.3,49.29,49.31,50000000.0,50000000.0,0,0,0,0,0,0,0,0,0,0,0,0,0,0,0,0,0,0,0,0,0,0,0,0,0,0,408,2026-02-07 01:54:51.873148,,,,,,
BYL,49.29,49.28,49.3,50000000.0,50000000.0,0,0,0,0,0,0,0,0,0,0,0,0,0,0,0,0,0,0,0,0,0,0,0,0,0,0,408,2026-02-07 01:54:51.873148,,,,,,
CLD,75.73,75.72,75.74,50000000.0,50000000.0,0,0,0,0,0,0,0,0,0,0,0,0,0,0,0,0,0,0,0,0,0,0,0,0,0,0,408,2026-02-07 01:54:51.873148,,,,,,
GGD,36.52,36.51,36.53,50000000.0,50000000.0,0,0,0,0,0,0,0,0,0,0,0,0,0,0,0,0,0,0,0,0,0,0,0,0,0,0,408,2026-02-07 01:54:51.873148,,,,,,
PNR,59.98,59.97,59.99,50000000.0,50000000.0,0,0,0,0,0,0,0,0,0,0,0,0,0,0,0,0,0,0,0,0,0,0,0,0,0,0,408,2026-02-07 01:54:51.873148,,,,,,
FSR,38.97,38.96,38.98,50000000.0,50000000.0,0,0,0,0,0,0,0,0,0,0,0,0,0,0,0,0,0,0,0,0,0,0,0,0,0,0,408,2026-02-07 01:54:51.873148,,,,,,
ATB,58.15,58.14,58.16,50000000.0,50000000.0,0,0,0,0,0,0,0,0,0,0,0,0,0,0,0,0,0,0,0,0,0,0,0,0,0,0,408,2026-02-07 01:54:51.873148,,,,,,
SPK,58.66,58.65,58.67,50000000.0,50000000.0,0,0,0,0,0,0,0,0,0,0,0,0,0,0,0,0,0,0,0,0,0,0,0,0,0,0,408,2026-02-07 01:54:51.873148,,,,,,
EEC,56.69,56.68,56.7,50000000.0,50000000.0,0,0,0,0,0,0,0,0,0,0,0,0,0,0,0,0,0,0,0,0,0,0,0,0,0,0,408,2026-02-07 01:54:51.873148,,,,,,
TGX,43.78,43.77,43.79,50000000.0,50000000.0,0,0,0,0,0,0,0,0,0,0,0,0,0,0,0,0,0,0,0,0,0,0,0,0,0,0,409,2026-02-07 01:54:53.082847
PHR,49.2,49.19,49.21,50000000.0,50000000.0,0,0,0,0,0,0,0,0,0,0,0,0,0,0,0,0,0,0,0,0,0,0,0,0,0,0,409,2026-02-07 01:54:53.082847
BYL,49.36,49.35,49.37,50000000.0,50000000.0,0,0,0,0,0,0,0,0,0,0,0,0,0,0,0,0,0,0,0,0,0,0,0,0,0,0,409,2026-02-07 01:54:53.082847
CLD,75.83,75.82,75.84,50000000.0,50000000.0,0,0,0,0,0,0,0,0,0,0,0,0,0,0,0,0,0,0,0,0,0,0,0,0,0,0,409,2026-02-07 01:54:53.082847
GGD,36.47,36.46,36.48,50000000.0,50000000.0,0,0,0,0,0,0,0,0,0,0,0,0,0,0,0,0,0,0,0,0,0,0,0,0,0,0,409,2026-02-07 01:54:53.082847
PNR,60.13,60.12,60.14,50000000.0,50000000.0,0,0,0,0,0,0,0,0,0,0,0,0,0,0,0,0,0,0,0,0,0,0,0,0,0,0,409,2026-02-07 01:54:53.082847
FSR,38.98,38.97,38.99,50000000.0,50000000.0,0,0,0,0,0,0,0,0,0,0,0,0,0,0,0,0,0,0,0,0,0,0,0,0,0,0,409,2026-02-07 01:54:53.082847
ATB,58.22,58.21,58.23,50000000.0,50000000.0,0,0,0,0,0,0,0,0,0,0,0,0,0,0,0,0,0,0,0,0,0,0,0,0,0,0,409,2026-02-07 01:54:53.082847
SPK,58.62,58.61,58.63,50000000.0,50000000.0,0,0,0,0,0,0,0,0,0,0,0,0,0,0,0,0,0,0,0,0,0,0,0,0,0,0,409,2026-02-07 01:54:53.082847
EEC,56.6,56.59,56.61,50000000.0,50000000.0,0,0,0,0,0,0,0,0,0,0,0,0,0,0,0,0,0,0,0,0,0,0,0,0,0,0,409,2026-02-07 01:54:53.082847
TGX,43.74,43.73,43.75,50000000.0,50000000.0,0,0,0,0,0,0,0,0,0,0,0,0,0,0,0,0,0,0,0,0,0,0,0,0,0,0,410,2026-02-07 01:54:54.155859
PHR,49.27,49.26,49.28,50000000.0,50000000.0,0,0,0,0,0,0,0,0,0,0,0,0,0,0,0,0,0,0,0,0,0,0,0,0,0,0,410,2026-02-07 01:54:54.155859
BYL,49.85,49.84,49.86,50000000.0,50000000.0,0,0,0,0,0,0,0,0,0,0,0,0,0,0,0,0,0,0,0,0,0,0,0,0,0,0,410,2026-02-07 01:54:54.155859
CLD,76.75,76.74,76.76,50000000.0,50000000.0,0,0,0,0,0,0,0,0,0,0,0,0,0,0,0,0,0,0,0,0,0,0,0,0,0,0,410,2026-02-07 01:54:54.155859
GGD,36.47,36.46,36.48,50000000.0,50000000.0,0,0,0,0,0,0,0,0,0,0,0,0,0,0,0,0,0,0,0,0,0,0,0,0,0,0,410,2026-02-07 01:54:54.155859
PNR,60.08,60.07,60.09,50000000.0,50000000.0,0,0,0,0,0,0,0,0,0,0,0,0,0,0,0,0,0,0,0,0,0,0,0,0,0,0,410,2026-02-07 01:54:54.155859
FSR,38.68,38.67,38.69,50000000.0,50000000.0,0,0,0,0,0,0,0,0,0,0,0,0,0,0,0,0,0,0,0,0,0,0,0,0,0,0,410,2026-02-07 01:54:54.155859
ATB,57.98,57.97,57.99,50000000.0,50000000.0,0,0,0,0,0,0,0,0,0,0,0,0,0,0,0,0,0,0,0,0,0,0,0,0,0,0,410,2026-02-07 01:54:54.155859
SPK,58.48,58.47,58.49,50000000.0,50000000.0,0,0,0,0,0,0,0,0,0,0,0,0,0,0,0,0,0,0,0,0,0,0,0,0,0,0,410,2026-02-07 01:54:54.155859
EEC,56.49,56.48,56.5,50000000.0,50000000.0,0,0,0,0,0,0,0,0,0,0,0,0,0,0,0,0,0,0,0,0,0,0,0,0,0,0,410,2026-02-07 01:54:54.155859
TGX,43.73,43.72,43.74,50000000.0,50000000.0,0,0,0,0,0,0,0,0,0,0,0,0,0,0,0,0,0,0,0,0,0,0,0,0,0,0,411,2026-02-07 01:54:55.237585
PHR,49.55,49.54,49.56,50000000.0,50000000.0,0,0,0,0,0,0,0,0,0,0,0,0,0,0,0,0,0,0,0,0,0,0,0,0,0,0,411,2026-02-07 01:54:55.237585
BYL,49.86,49.85,49.87,50000000.0,50000000.0,0,0,0,0,0,0,0,0,0,0,0,0,0,0,0,0,0,0,0,0,0,0,0,0,0,0,411,2026-02-07 01:54:55.237585
CLD,76.74,76.73,76.75,50000000.0,50000000.0,0,0,0,0,0,0,0,0,0,0,0,0,0,0,0,0,0,0,0,0,0,0,0,0,0,0,411,2026-02-07 01:54:55.237585
GGD,36.54,36.53,36.55,50000000.0,50000000.0,0,0,0,0,0,0,0,0,0,0,0,0,0,0,0,0,0,0,0,0,0,0,0,0,0,0,411,2026-02-07 01:54:55.237585
PNR,60.01,60.0,60.02,50000000.0,50000000.0,0,0,0,0,0,0,0,0,0,0,0,0,0,0,0,0,0,0,0,0,0,0,0,0,0,0,411,2026-02-07 01:54:55.237585
FSR,38.68,38.67,38.69,50000000.0,50000000.0,0,0,0,0,0,0,0,0,0,0,0,0,0,0,0,0,0,0,0,0,0,0,0,0,0,0,411,2026-02-07 01:54:55.237585
ATB,58.01,58.0,58.02,50000000.0,50000000.0,0,0,0,0,0,0,0,0,0,0,0,0,0,0,0,0,0,0,0,0,0,0,0,0,0,0,411,2026-02-07 01:54:55.237585
SPK,58.47,58.46,58.48,50000000.0,50000000.0,0,0,0,0,0,0,0,0,0,0,0,0,0,0,0,0,0,0,0,0,0,0,0,0,0,0,411,2026-02-07 01:54:55.237585
EEC,56.43,56.42,56.44,50000000.0,50000000.0,0,0,0,0,0,0,0,0,0,0,0,0,0,0,0,0,0,0,0,0,0,0,0,0,0,0,411,2026-02-07 01:54:55.237585
TGX,43.75,43.74,43.76,50000000.0,50000000.0,0,0,0,0,0,0,0,0,0,0,0,0,0,0,0,0,0,0,0,0,0,0,0,0,0,0,412,2026-02-07 01:54:56.289422
PHR,49.64,49.63,49.65,50000000.0,50000000.0,0,0,0,0,0,0,0,0,0,0,0,0,0,0,0,0,0,0,0,0,0,0,0,0,0,0,412,2026-02-07 01:54:56.289422
BYL,50.1,50.09,50.11,50000000.0,50000000.0,0,0,0,0,0,0,0,0,0,0,0,0,0,0,0,0,0,0,0,0,0,0,0,0,0,0,412,2026-02-07 01:54:56.289422
CLD,77.08,77.07,77.09,50000000.0,50000000.0,0,0,0,0,0,0,0,0,0,0,0,0,0,0,0,0,0,0,0,0,0,0,0,0,0,0,412,2026-02-07 01:54:56.289422
GGD,36.56,36.55,36.57,50000000.0,50000000.0,0,0,0,0,0,0,0,0,0,0,0,0,0,0,0,0,0,0,0,0,0,0,0,0,0,0,412,2026-02-07 01:54:56.289422
PNR,60.24,60.23,60.25,50000000.0,50000000.0,0,0,0,0,0,0,0,0,0,0,0,0,0,0,0,0,0,0,0,0,0,0,0,0,0,0,412,2026-02-07 01:54:56.289422
FSR,38.71,38.7,38.72,50000000.0,50000000.0,0,0,0,0,0,0,0,0,0,0,0,0,0,0,0,0,0,0,0,0,0,0,0,0,0,0,412,2026-02-07 01:54:56.289422
ATB,57.9,57.89,57.91,50000000.0,50000000.0,0,0,0,0,0,0,0,0,0,0,0,0,0,0,0,0,0,0,0,0,0,0,0,0,0,0,412,2026-02-07 01:54:56.289422
SPK,58.72,58.71,58.73,50000000.0,50000000.0,0,0,0,0,0,0,0,0,0,0,0,0,0,0,0,0,0,0,0,0,0,0,0,0,0,0,412,2026-02-07 01:54:56.289422
EEC,56.83,56.82,56.84,50000000.0,50000000.0,0,0,0,0,0,0,0,0,0,0,0,0,0,0,0,0,0,0,0,0,0,0,0,0,0,0,412,2026-02-07 01:54:56.289422
TGX,43.73,43.72,43.74,50000000.0,50000000.0,0,0,0,0,0,0,0,0,0,0,0,0,0,0,0,0,0,0,0,0,0,0,0,0,0,0,413,2026-02-07 01:54:56.866598
PHR,49.68,49.67,49.69,50000000.0,50000000.0,0,0,0,0,0,0,0,0,0,0,0,0,0,0,0,0,0,0,0,0,0,0,0,0,0,0,413,2026-02-07 01:54:56.866598
BYL,50.04,50.03,50.05,50000000.0,50000000.0,0,0,0,0,0,0,0,0,0,0,0,0,0,0,0,0,0,0,0,0,0,0,0,0,0,0,413,2026-02-07 01:54:56.866598
CLD,77.0,76.99,77.01,50000000.0,50000000.0,0,0,0,0,0,0,0,0,0,0,0,0,0,0,0,0,0,0,0,0,0,0,0,0,0,0,413,2026-02-07 01:54:56.866598
GGD,36.53,36.52,36.54,50000000.0,50000000.0,0,0,0,0,0,0,0,0,0,0,0,0,0,0,0,0,0,0,0,0,0,0,0,0,0,0,413,2026-02-07 01:54:56.866598
PNR,60.22,60.21,60.23,50000000.0,50000000.0,0,0,0,0,0,0,0,0,0,0,0,0,0,0,0,0,0,0,0,0,0,0,0,0,0,0,413,2026-02-07 01:54:56.866598
FSR,38.73,38.72,38.74,50000000.0,50000000.0,0,0,0,0,0,0,0,0,0,0,0,0,0,0,0,0,0,0,0,0,0,0,0,0,0,0,413,2026-02-07 01:54:56.866598
ATB,57.96,57.95,57.97,50000000.0,50000000.0,0,0,0,0,0,0,0,0,0,0,0,0,0,0,0,0,0,0,0,0,0,0,0,0,0,0,413,2026-02-07 01:54:56.866598
SPK,58.84,58.83,58.85,50000000.0,50000000.0,0,0,0,0,0,0,0,0,0,0,0,0,0,0,0,0,0,0,0,0,0,0,0,0,0,0,413,2026-02-07 01:54:56.866598
EEC,57.02,57.01,57.03,50000000.0,50000000.0,0,0,0,0,0,0,0,0,0,0,0,0,0,0,0,0,0,0,0,0,0,0,0,0,0,0,413,2026-02-07 01:54:56.866598
TGX,43.73,43.72,43.74,50000000.0,50000000.0,0,0,0,0,0,0,0,0,0,0,0,0,0,0,0,0,0,0,0,0,0,0,0,0,0,0,414,2026-02-07 01:54:57.924845,47.0,1.0,413.0,D3-GGD/PNR,Credit Facility Amendment Negotiated,Successfully negotiates amendment to credit agreement providing additional financial flexibility.
PHR,49.88,49.87,49.89,50000000.0,50000000.0,0,0,0,0,0,0,0,0,0,0,0,0,0,0,0,0,0,0,0,0,0,0,0,0,0,0,414,2026-02-07 01:54:57.924845,,,,,,
BYL,49.88,49.87,49.89,50000000.0,50000000.0,0,0,0,0,0,0,0,0,0,0,0,0,0,0,0,0,0,0,0,0,0,0,0,0,0,0,414,2026-02-07 01:54:57.924845,,,,,,
CLD,76.71,76.7,76.72,50000000.0,50000000.0,0,0,0,0,0,0,0,0,0,0,0,0,0,0,0,0,0,0,0,0,0,0,0,0,0,0,414,2026-02-07 01:54:57.924845,,,,,,
GGD,36.56,36.55,36.57,50000000.0,50000000.0,0,0,0,0,0,0,0,0,0,0,0,0,0,0,0,0,0,0,0,0,0,0,0,0,0,0,414,2026-02-07 01:54:57.924845,,,,,,
PNR,60.08,60.07,60.09,50000000.0,50000000.0,0,0,0,0,0,0,0,0,0,0,0,0,0,0,0,0,0,0,0,0,0,0,0,0,0,0,414,2026-02-07 01:54:57.924845,,,,,,
FSR,38.48,38.47,38.49,50000000.0,50000000.0,0,0,0,0,0,0,0,0,0,0,0,0,0,0,0,0,0,0,0,0,0,0,0,0,0,0,414,2026-02-07 01:54:57.924845,,,,,,
ATB,57.96,57.95,57.97,50000000.0,50000000.0,0,0,0,0,0,0,0,0,0,0,0,0,0,0,0,0,0,0,0,0,0,0,0,0,0,0,414,2026-02-07 01:54:57.924845,,,,,,
SPK,58.8,58.79,58.81,50000000.0,50000000.0,0,0,0,0,0,0,0,0,0,0,0,0,0,0,0,0,0,0,0,0,0,0,0,0,0,0,414,2026-02-07 01:54:57.924845,,,,,,
EEC,56.96,56.95,56.97,50000000.0,50000000.0,0,0,0,0,0,0,0,0,0,0,0,0,0,0,0,0,0,0,0,0,0,0,0,0,0,0,414,2026-02-07 01:54:57.924845,,,,,,
TGX,43.74,43.73,43.75,50000000.0,50000000.0,0,0,0,0,0,0,0,0,0,0,0,0,0,0,0,0,0,0,0,0,0,0,0,0,0,0,415,2026-02-07 01:54:59.047519
PHR,50.02,50.01,50.03,50000000.0,50000000.0,0,0,0,0,0,0,0,0,0,0,0,0,0,0,0,0,0,0,0,0,0,0,0,0,0,0,415,2026-02-07 01:54:59.047519
BYL,49.9,49.89,49.91,50000000.0,50000000.0,0,0,0,0,0,0,0,0,0,0,0,0,0,0,0,0,0,0,0,0,0,0,0,0,0,0,415,2026-02-07 01:54:59.047519
CLD,76.74,76.73,76.75,50000000.0,50000000.0,0,0,0,0,0,0,0,0,0,0,0,0,0,0,0,0,0,0,0,0,0,0,0,0,0,0,415,2026-02-07 01:54:59.047519
GGD,36.5,36.49,36.51,50000000.0,50000000.0,0,0,0,0,0,0,0,0,0,0,0,0,0,0,0,0,0,0,0,0,0,0,0,0,0,0,415,2026-02-07 01:54:59.047519
PNR,59.93,59.92,59.94,50000000.0,50000000.0,0,0,0,0,0,0,0,0,0,0,0,0,0,0,0,0,0,0,0,0,0,0,0,0,0,0,415,2026-02-07 01:54:59.047519
FSR,38.17,38.16,38.18,50000000.0,50000000.0,0,0,0,0,0,0,0,0,0,0,0,0,0,0,0,0,0,0,0,0,0,0,0,0,0,0,415,2026-02-07 01:54:59.047519
ATB,58.05,58.04,58.06,50000000.0,50000000.0,0,0,0,0,0,0,0,0,0,0,0,0,0,0,0,0,0,0,0,0,0,0,0,0,0,0,415,2026-02-07 01:54:59.047519
SPK,58.72,58.71,58.73,50000000.0,50000000.0,0,0,0,0,0,0,0,0,0,0,0,0,0,0,0,0,0,0,0,0,0,0,0,0,0,0,415,2026-02-07 01:54:59.047519
EEC,56.72,56.71,56.73,50000000.0,50000000.0,0,0,0,0,0,0,0,0,0,0,0,0,0,0,0,0,0,0,0,0,0,0,0,0,0,0,415,2026-02-07 01:54:59.047519
TGX,43.73,43.72,43.74,50000000.0,50000000.0,0,0,0,0,0,0,0,0,0,0,0,0,0,0,0,0,0,0,0,0,0,0,0,0,0,0,416,2026-02-07 01:55:00.122780,49.0,1.0,415.0,D5-SPK/EEC,Interconnection Rights Confirmed,FERC confirms existing power purchase agreements and interconnection rights remain valid.
PHR,49.62,49.61,49.63,50000000.0,50000000.0,0,0,0,0,0,0,0,0,0,0,0,0,0,0,0,0,0,0,0,0,0,0,0,0,0,0,416,2026-02-07 01:55:00.122780,48.0,1.0,415.0,D3-GGD/PNR,Canadian Regulators Provide Clearance,Canadian Energy Regulator approves cross-border aspects of transaction without additional conditions.
BYL,48.13,48.12,48.14,50000000.0,50000000.0,0,0,0,0,0,0,0,0,0,0,0,0,0,0,0,0,0,0,0,0,0,0,0,0,0,0,416,2026-02-07 01:55:00.122780,,,,,,
CLD,77.24,77.23,77.25,50000000.0,50000000.0,0,0,0,0,0,0,0,0,0,0,0,0,0,0,0,0,0,0,0,0,0,0,0,0,0,0,416,2026-02-07 01:55:00.122780,,,,,,
GGD,36.49,36.48,36.5,50000000.0,50000000.0,0,0,0,0,0,0,0,0,0,0,0,0,0,0,0,0,0,0,0,0,0,0,0,0,0,0,416,2026-02-07 01:55:00.122780,,,,,,
PNR,60.1,60.09,60.11,50000000.0,50000000.0,0,0,0,0,0,0,0,0,0,0,0,0,0,0,0,0,0,0,0,0,0,0,0,0,0,0,416,2026-02-07 01:55:00.122780,,,,,,
FSR,38.14,38.13,38.15,50000000.0,50000000.0,0,0,0,0,0,0,0,0,0,0,0,0,0,0,0,0,0,0,0,0,0,0,0,0,0,0,416,2026-02-07 01:55:00.122780,,,,,,
ATB,57.96,57.95,57.97,50000000.0,50000000.0,0,0,0,0,0,0,0,0,0,0,0,0,0,0,0,0,0,0,0,0,0,0,0,0,0,0,416,2026-02-07 01:55:00.122780,,,,,,
SPK,58.88,58.87,58.89,50000000.0,50000000.0,0,0,0,0,0,0,0,0,0,0,0,0,0,0,0,0,0,0,0,0,0,0,0,0,0,0,416,2026-02-07 01:55:00.122780,,,,,,
EEC,56.95,56.94,56.96,50000000.0,50000000.0,0,0,0,0,0,0,0,0,0,0,0,0,0,0,0,0,0,0,0,0,0,0,0,0,0,0,416,2026-02-07 01:55:00.122780,,,,,,
TGX,43.72,43.71,43.73,50000000.0,50000000.0,0,0,0,0,0,0,0,0,0,0,0,0,0,0,0,0,0,0,0,0,0,0,0,0,0,0,417,2026-02-07 01:55:01.197693,50.0,1.0,416.0,D5-SPK/EEC,ISS Strongly Recommends Approval,Proxy advisor issues strong buy recommendation citing strategic fit and valuation.
PHR,49.66,49.65,49.67,50000000.0,50000000.0,0,0,0,0,0,0,0,0,0,0,0,0,0,0,0,0,0,0,0,0,0,0,0,0,0,0,417,2026-02-07 01:55:01.197693,,,,,,
BYL,47.87,47.86,47.88,50000000.0,50000000.0,0,0,0,0,0,0,0,0,0,0,0,0,0,0,0,0,0,0,0,0,0,0,0,0,0,0,417,2026-02-07 01:55:01.197693,,,,,,
CLD,76.82,76.81,76.83,50000000.0,50000000.0,0,0,0,0,0,0,0,0,0,0,0,0,0,0,0,0,0,0,0,0,0,0,0,0,0,0,417,2026-02-07 01:55:01.197693,,,,,,
GGD,35.7,35.69,35.71,50000000.0,50000000.0,0,0,0,0,0,0,0,0,0,0,0,0,0,0,0,0,0,0,0,0,0,0,0,0,0,0,417,2026-02-07 01:55:01.197693,,,,,,
PNR,60.13,60.12,60.14,50000000.0,50000000.0,0,0,0,0,0,0,0,0,0,0,0,0,0,0,0,0,0,0,0,0,0,0,0,0,0,0,417,2026-02-07 01:55:01.197693,,,,,,
FSR,38.15,38.14,38.16,50000000.0,50000000.0,0,0,0,0,0,0,0,0,0,0,0,0,0,0,0,0,0,0,0,0,0,0,0,0,0,0,417,2026-02-07 01:55:01.197693,,,,,,
ATB,57.99,57.98,58.0,50000000.0,50000000.0,0,0,0,0,0,0,0,0,0,0,0,0,0,0,0,0,0,0,0,0,0,0,0,0,0,0,417,2026-02-07 01:55:01.197693,,,,,,
SPK,58.85,58.84,58.86,50000000.0,50000000.0,0,0,0,0,0,0,0,0,0,0,0,0,0,0,0,0,0,0,0,0,0,0,0,0,0,0,417,2026-02-07 01:55:01.197693,,,,,,
EEC,56.97,56.96,56.98,50000000.0,50000000.0,0,0,0,0,0,0,0,0,0,0,0,0,0,0,0,0,0,0,0,0,0,0,0,0,0,0,417,2026-02-07 01:55:01.197693,,,,,,
TGX,43.73,43.72,43.74,50000000.0,50000000.0,0,0,0,0,0,0,0,0,0,0,0,0,0,0,0,0,0,0,0,0,0,0,0,0,0,0,418,2026-02-07 01:55:01.891811
PHR,49.96,49.95,49.97,50000000.0,50000000.0,0,0,0,0,0,0,0,0,0,0,0,0,0,0,0,0,0,0,0,0,0,0,0,0,0,0,418,2026-02-07 01:55:01.891811
BYL,47.76,47.75,47.77,50000000.0,50000000.0,0,0,0,0,0,0,0,0,0,0,0,0,0,0,0,0,0,0,0,0,0,0,0,0,0,0,418,2026-02-07 01:55:01.891811
CLD,76.62,76.61,76.63,50000000.0,50000000.0,0,0,0,0,0,0,0,0,0,0,0,0,0,0,0,0,0,0,0,0,0,0,0,0,0,0,418,2026-02-07 01:55:01.891811
GGD,35.56,35.55,35.57,50000000.0,50000000.0,0,0,0,0,0,0,0,0,0,0,0,0,0,0,0,0,0,0,0,0,0,0,0,0,0,0,418,2026-02-07 01:55:01.891811
PNR,59.79,59.78,59.8,50000000.0,50000000.0,0,0,0,0,0,0,0,0,0,0,0,0,0,0,0,0,0,0,0,0,0,0,0,0,0,0,418,2026-02-07 01:55:01.891811
FSR,38.12,38.11,38.13,50000000.0,50000000.0,0,0,0,0,0,0,0,0,0,0,0,0,0,0,0,0,0,0,0,0,0,0,0,0,0,0,418,2026-02-07 01:55:01.891811
ATB,57.95,57.94,57.96,50000000.0,50000000.0,0,0,0,0,0,0,0,0,0,0,0,0,0,0,0,0,0,0,0,0,0,0,0,0,0,0,418,2026-02-07 01:55:01.891811
SPK,58.86,58.85,58.87,50000000.0,50000000.0,0,0,0,0,0,0,0,0,0,0,0,0,0,0,0,0,0,0,0,0,0,0,0,0,0,0,418,2026-02-07 01:55:01.891811
EEC,56.98,56.97,56.99,50000000.0,50000000.0,0,0,0,0,0,0,0,0,0,0,0,0,0,0,0,0,0,0,0,0,0,0,0,0,0,0,418,2026-02-07 01:55:01.891811
TGX,43.72,43.71,43.73,50000000.0,50000000.0,0,0,0,0,0,0,0,0,0,0,0,0,0,0,0,0,0,0,0,0,0,0,0,0,0,0,419,2026-02-07 01:55:02.984897
PHR,49.92,49.91,49.93,50000000.0,50000000.0,0,0,0,0,0,0,0,0,0,0,0,0,0,0,0,0,0,0,0,0,0,0,0,0,0,0,419,2026-02-07 01:55:02.984897
BYL,47.78,47.77,47.79,50000000.0,50000000.0,0,0,0,0,0,0,0,0,0,0,0,0,0,0,0,0,0,0,0,0,0,0,0,0,0,0,419,2026-02-07 01:55:02.984897
CLD,76.75,76.74,76.76,50000000.0,50000000.0,0,0,0,0,0,0,0,0,0,0,0,0,0,0,0,0,0,0,0,0,0,0,0,0,0,0,419,2026-02-07 01:55:02.984897
GGD,35.56,35.55,35.57,50000000.0,50000000.0,0,0,0,0,0,0,0,0,0,0,0,0,0,0,0,0,0,0,0,0,0,0,0,0,0,0,419,2026-02-07 01:55:02.984897
PNR,60.02,60.01,60.03,50000000.0,50000000.0,0,0,0,0,0,0,0,0,0,0,0,0,0,0,0,0,0,0,0,0,0,0,0,0,0,0,419,2026-02-07 01:55:02.984897
FSR,38.16,38.15,38.17,50000000.0,50000000.0,0,0,0,0,0,0,0,0,0,0,0,0,0,0,0,0,0,0,0,0,0,0,0,0,0,0,419,2026-02-07 01:55:02.984897
ATB,57.8,57.79,57.81,50000000.0,50000000.0,0,0,0,0,0,0,0,0,0,0,0,0,0,0,0,0,0,0,0,0,0,0,0,0,0,0,419,2026-02-07 01:55:02.984897
SPK,58.62,58.61,58.63,50000000.0,50000000.0,0,0,0,0,0,0,0,0,0,0,0,0,0,0,0,0,0,0,0,0,0,0,0,0,0,0,419,2026-02-07 01:55:02.984897
EEC,56.62,56.61,56.63,50000000.0,50000000.0,0,0,0,0,0,0,0,0,0,0,0,0,0,0,0,0,0,0,0,0,0,0,0,0,0,0,419,2026-02-07 01:55:02.984897
TGX,43.73,43.72,43.74,50000000.0,50000000.0,0,0,0,0,0,0,0,0,0,0,0,0,0,0,0,0,0,0,0,0,0,0,0,0,0,0,420,2026-02-07 01:55:04.061204
PHR,50.18,50.17,50.19,50000000.0,50000000.0,0,0,0,0,0,0,0,0,0,0,0,0,0,0,0,0,0,0,0,0,0,0,0,0,0,0,420,2026-02-07 01:55:04.061204
BYL,47.88,47.87,47.89,50000000.0,50000000.0,0,0,0,0,0,0,0,0,0,0,0,0,0,0,0,0,0,0,0,0,0,0,0,0,0,0,420,2026-02-07 01:55:04.061204
CLD,76.94,76.93,76.95,50000000.0,50000000.0,0,0,0,0,0,0,0,0,0,0,0,0,0,0,0,0,0,0,0,0,0,0,0,0,0,0,420,2026-02-07 01:55:04.061204
GGD,35.55,35.54,35.56,50000000.0,50000000.0,0,0,0,0,0,0,0,0,0,0,0,0,0,0,0,0,0,0,0,0,0,0,0,0,0,0,420,2026-02-07 01:55:04.061204
PNR,60.09,60.08,60.1,50000000.0,50000000.0,0,0,0,0,0,0,0,0,0,0,0,0,0,0,0,0,0,0,0,0,0,0,0,0,0,0,420,2026-02-07 01:55:04.061204
FSR,38.16,38.15,38.17,50000000.0,50000000.0,0,0,0,0,0,0,0,0,0,0,0,0,0,0,0,0,0,0,0,0,0,0,0,0,0,0,420,2026-02-07 01:55:04.061204
ATB,57.63,57.62,57.64,50000000.0,50000000.0,0,0,0,0,0,0,0,0,0,0,0,0,0,0,0,0,0,0,0,0,0,0,0,0,0,0,420,2026-02-07 01:55:04.061204
SPK,58.73,58.72,58.74,50000000.0,50000000.0,0,0,0,0,0,0,0,0,0,0,0,0,0,0,0,0,0,0,0,0,0,0,0,0,0,0,420,2026-02-07 01:55:04.061204
EEC,56.71,56.7,56.72,50000000.0,50000000.0,0,0,0,0,0,0,0,0,0,0,0,0,0,0,0,0,0,0,0,0,0,0,0,0,0,0,420,2026-02-07 01:55:04.061204
TGX,43.71,43.7,43.72,50000000.0,50000000.0,0,0,0,0,0,0,0,0,0,0,0,0,0,0,0,0,0,0,0,0,0,0,0,0,0,0,421,2026-02-07 01:55:05.161201
PHR,49.87,49.86,49.88,50000000.0,50000000.0,0,0,0,0,0,0,0,0,0,0,0,0,0,0,0,0,0,0,0,0,0,0,0,0,0,0,421,2026-02-07 01:55:05.161201
BYL,48.18,48.17,48.19,50000000.0,50000000.0,0,0,0,0,0,0,0,0,0,0,0,0,0,0,0,0,0,0,0,0,0,0,0,0,0,0,421,2026-02-07 01:55:05.161201
CLD,77.51,77.5,77.52,50000000.0,50000000.0,0,0,0,0,0,0,0,0,0,0,0,0,0,0,0,0,0,0,0,0,0,0,0,0,0,0,421,2026-02-07 01:55:05.161201
GGD,35.6,35.59,35.61,50000000.0,50000000.0,0,0,0,0,0,0,0,0,0,0,0,0,0,0,0,0,0,0,0,0,0,0,0,0,0,0,421,2026-02-07 01:55:05.161201
PNR,60.18,60.17,60.19,50000000.0,50000000.0,0,0,0,0,0,0,0,0,0,0,0,0,0,0,0,0,0,0,0,0,0,0,0,0,0,0,421,2026-02-07 01:55:05.161201
FSR,38.19,38.18,38.2,50000000.0,50000000.0,0,0,0,0,0,0,0,0,0,0,0,0,0,0,0,0,0,0,0,0,0,0,0,0,0,0,421,2026-02-07 01:55:05.161201
ATB,57.66,57.65,57.67,50000000.0,50000000.0,0,0,0,0,0,0,0,0,0,0,0,0,0,0,0,0,0,0,0,0,0,0,0,0,0,0,421,2026-02-07 01:55:05.161201
SPK,58.68,58.67,58.69,50000000.0,50000000.0,0,0,0,0,0,0,0,0,0,0,0,0,0,0,0,0,0,0,0,0,0,0,0,0,0,0,421,2026-02-07 01:55:05.161201
EEC,56.63,56.62,56.64,50000000.0,50000000.0,0,0,0,0,0,0,0,0,0,0,0,0,0,0,0,0,0,0,0,0,0,0,0,0,0,0,421,2026-02-07 01:55:05.161201
TGX,43.72,43.71,43.73,50000000.0,50000000.0,0,0,0,0,0,0,0,0,0,0,0,0,0,0,0,0,0,0,0,0,0,0,0,0,0,0,422,2026-02-07 01:55:06.288247,51.0,1.0,421.0,D1-TGX/PHR,Company Offers Divestiture Package,"In response to regulatory feedback, the companies have proposed divesting two oncology drug candidates and related manufacturing assets to address competition concerns."
PHR,50.06,50.05,50.07,50000000.0,50000000.0,0,0,0,0,0,0,0,0,0,0,0,0,0,0,0,0,0,0,0,0,0,0,0,0,0,0,422,2026-02-07 01:55:06.288247,,,,,,
BYL,48.05,48.04,48.06,50000000.0,50000000.0,0,0,0,0,0,0,0,0,0,0,0,0,0,0,0,0,0,0,0,0,0,0,0,0,0,0,422,2026-02-07 01:55:06.288247,,,,,,
CLD,77.28,77.27,77.29,50000000.0,50000000.0,0,0,0,0,0,0,0,0,0,0,0,0,0,0,0,0,0,0,0,0,0,0,0,0,0,0,422,2026-02-07 01:55:06.288247,,,,,,
GGD,35.66,35.65,35.67,50000000.0,50000000.0,0,0,0,0,0,0,0,0,0,0,0,0,0,0,0,0,0,0,0,0,0,0,0,0,0,0,422,2026-02-07 01:55:06.288247,,,,,,
PNR,60.23,60.22,60.24,50000000.0,50000000.0,0,0,0,0,0,0,0,0,0,0,0,0,0,0,0,0,0,0,0,0,0,0,0,0,0,0,422,2026-02-07 01:55:06.288247,,,,,,
FSR,38.16,38.15,38.17,50000000.0,50000000.0,0,0,0,0,0,0,0,0,0,0,0,0,0,0,0,0,0,0,0,0,0,0,0,0,0,0,422,2026-02-07 01:55:06.288247,,,,,,
ATB,57.49,57.48,57.5,50000000.0,50000000.0,0,0,0,0,0,0,0,0,0,0,0,0,0,0,0,0,0,0,0,0,0,0,0,0,0,0,422,2026-02-07 01:55:06.288247,,,,,,
SPK,58.62,58.61,58.63,50000000.0,50000000.0,0,0,0,0,0,0,0,0,0,0,0,0,0,0,0,0,0,0,0,0,0,0,0,0,0,0,422,2026-02-07 01:55:06.288247,,,,,,
EEC,56.46,56.45,56.47,50000000.0,50000000.0,0,0,0,0,0,0,0,0,0,0,0,0,0,0,0,0,0,0,0,0,0,0,0,0,0,0,422,2026-02-07 01:55:06.288247,,,,,,
TGX,43.73,43.72,43.74,50000000.0,50000000.0,0,0,0,0,0,0,0,0,0,0,0,0,0,0,0,0,0,0,0,0,0,0,0,0,0,0,423,2026-02-07 01:55:07.377443
PHR,49.97,49.96,49.98,50000000.0,50000000.0,0,0,0,0,0,0,0,0,0,0,0,0,0,0,0,0,0,0,0,0,0,0,0,0,0,0,423,2026-02-07 01:55:07.377443
BYL,48.09,48.08,48.1,50000000.0,50000000.0,0,0,0,0,0,0,0,0,0,0,0,0,0,0,0,0,0,0,0,0,0,0,0,0,0,0,423,2026-02-07 01:55:07.377443
CLD,77.34,77.33,77.35,50000000.0,50000000.0,0,0,0,0,0,0,0,0,0,0,0,0,0,0,0,0,0,0,0,0,0,0,0,0,0,0,423,2026-02-07 01:55:07.377443
GGD,35.67,35.66,35.68,50000000.0,50000000.0,0,0,0,0,0,0,0,0,0,0,0,0,0,0,0,0,0,0,0,0,0,0,0,0,0,0,423,2026-02-07 01:55:07.377443
PNR,60.46,60.45,60.47,50000000.0,50000000.0,0,0,0,0,0,0,0,0,0,0,0,0,0,0,0,0,0,0,0,0,0,0,0,0,0,0,423,2026-02-07 01:55:07.377443
FSR,38.18,38.17,38.19,50000000.0,50000000.0,0,0,0,0,0,0,0,0,0,0,0,0,0,0,0,0,0,0,0,0,0,0,0,0,0,0,423,2026-02-07 01:55:07.377443
ATB,57.72,57.71,57.73,50000000.0,50000000.0,0,0,0,0,0,0,0,0,0,0,0,0,0,0,0,0,0,0,0,0,0,0,0,0,0,0,423,2026-02-07 01:55:07.377443
SPK,58.65,58.64,58.66,50000000.0,50000000.0,0,0,0,0,0,0,0,0,0,0,0,0,0,0,0,0,0,0,0,0,0,0,0,0,0,0,423,2026-02-07 01:55:07.377443
EEC,56.56,56.55,56.57,50000000.0,50000000.0,0,0,0,0,0,0,0,0,0,0,0,0,0,0,0,0,0,0,0,0,0,0,0,0,0,0,423,2026-02-07 01:55:07.377443
TGX,43.73,43.72,43.74,50000000.0,50000000.0,0,0,0,0,0,0,0,0,0,0,0,0,0,0,0,0,0,0,0,0,0,0,0,0,0,0,424,2026-02-07 01:55:07.946681
PHR,50.34,50.33,50.35,50000000.0,50000000.0,0,0,0,0,0,0,0,0,0,0,0,0,0,0,0,0,0,0,0,0,0,0,0,0,0,0,424,2026-02-07 01:55:07.946681
BYL,48.07,48.06,48.08,50000000.0,50000000.0,0,0,0,0,0,0,0,0,0,0,0,0,0,0,0,0,0,0,0,0,0,0,0,0,0,0,424,2026-02-07 01:55:07.946681
CLD,77.2,77.19,77.21,50000000.0,50000000.0,0,0,0,0,0,0,0,0,0,0,0,0,0,0,0,0,0,0,0,0,0,0,0,0,0,0,424,2026-02-07 01:55:07.946681
GGD,35.67,35.66,35.68,50000000.0,50000000.0,0,0,0,0,0,0,0,0,0,0,0,0,0,0,0,0,0,0,0,0,0,0,0,0,0,0,424,2026-02-07 01:55:07.946681
PNR,60.37,60.36,60.38,50000000.0,50000000.0,0,0,0,0,0,0,0,0,0,0,0,0,0,0,0,0,0,0,0,0,0,0,0,0,0,0,424,2026-02-07 01:55:07.946681
FSR,38.18,38.17,38.19,50000000.0,50000000.0,0,0,0,0,0,0,0,0,0,0,0,0,0,0,0,0,0,0,0,0,0,0,0,0,0,0,424,2026-02-07 01:55:07.946681
ATB,57.82,57.81,57.83,50000000.0,50000000.0,0,0,0,0,0,0,0,0,0,0,0,0,0,0,0,0,0,0,0,0,0,0,0,0,0,0,424,2026-02-07 01:55:07.946681
SPK,58.61,58.6,58.62,50000000.0,50000000.0,0,0,0,0,0,0,0,0,0,0,0,0,0,0,0,0,0,0,0,0,0,0,0,0,0,0,424,2026-02-07 01:55:07.946681
EEC,56.5,56.49,56.51,50000000.0,50000000.0,0,0,0,0,0,0,0,0,0,0,0,0,0,0,0,0,0,0,0,0,0,0,0,0,0,0,424,2026-02-07 01:55:07.946681
TGX,43.75,43.74,43.76,50000000.0,50000000.0,0,0,0,0,0,0,0,0,0,0,0,0,0,0,0,0,0,0,0,0,0,0,0,0,0,0,425,2026-02-07 01:55:09.034658
PHR,50.3,50.29,50.31,50000000.0,50000000.0,0,0,0,0,0,0,0,0,0,0,0,0,0,0,0,0,0,0,0,0,0,0,0,0,0,0,425,2026-02-07 01:55:09.034658
BYL,48.07,48.06,48.08,50000000.0,50000000.0,0,0,0,0,0,0,0,0,0,0,0,0,0,0,0,0,0,0,0,0,0,0,0,0,0,0,425,2026-02-07 01:55:09.034658
CLD,77.33,77.32,77.34,50000000.0,50000000.0,0,0,0,0,0,0,0,0,0,0,0,0,0,0,0,0,0,0,0,0,0,0,0,0,0,0,425,2026-02-07 01:55:09.034658
GGD,35.69,35.68,35.7,50000000.0,50000000.0,0,0,0,0,0,0,0,0,0,0,0,0,0,0,0,0,0,0,0,0,0,0,0,0,0,0,425,2026-02-07 01:55:09.034658
PNR,60.36,60.35,60.37,50000000.0,50000000.0,0,0,0,0,0,0,0,0,0,0,0,0,0,0,0,0,0,0,0,0,0,0,0,0,0,0,425,2026-02-07 01:55:09.034658
FSR,38.16,38.15,38.17,50000000.0,50000000.0,0,0,0,0,0,0,0,0,0,0,0,0,0,0,0,0,0,0,0,0,0,0,0,0,0,0,425,2026-02-07 01:55:09.034658
ATB,57.89,57.88,57.9,50000000.0,50000000.0,0,0,0,0,0,0,0,0,0,0,0,0,0,0,0,0,0,0,0,0,0,0,0,0,0,0,425,2026-02-07 01:55:09.034658
SPK,58.6,58.59,58.61,50000000.0,50000000.0,0,0,0,0,0,0,0,0,0,0,0,0,0,0,0,0,0,0,0,0,0,0,0,0,0,0,425,2026-02-07 01:55:09.034658
EEC,56.47,56.46,56.48,50000000.0,50000000.0,0,0,0,0,0,0,0,0,0,0,0,0,0,0,0,0,0,0,0,0,0,0,0,0,0,0,425,2026-02-07 01:55:09.034658
TGX,43.74,43.73,43.75,50000000.0,50000000.0,0,0,0,0,0,0,0,0,0,0,0,0,0,0,0,0,0,0,0,0,0,0,0,0,0,0,426,2026-02-07 01:55:10.101520
PHR,50.09,50.08,50.1,50000000.0,50000000.0,0,0,0,0,0,0,0,0,0,0,0,0,0,0,0,0,0,0,0,0,0,0,0,0,0,0,426,2026-02-07 01:55:10.101520
BYL,48.01,48.0,48.02,50000000.0,50000000.0,0,0,0,0,0,0,0,0,0,0,0,0,0,0,0,0,0,0,0,0,0,0,0,0,0,0,426,2026-02-07 01:55:10.101520
CLD,77.18,77.17,77.19,50000000.0,50000000.0,0,0,0,0,0,0,0,0,0,0,0,0,0,0,0,0,0,0,0,0,0,0,0,0,0,0,426,2026-02-07 01:55:10.101520
GGD,35.77,35.76,35.78,50000000.0,50000000.0,0,0,0,0,0,0,0,0,0,0,0,0,0,0,0,0,0,0,0,0,0,0,0,0,0,0,426,2026-02-07 01:55:10.101520
PNR,60.4,60.39,60.41,50000000.0,50000000.0,0,0,0,0,0,0,0,0,0,0,0,0,0,0,0,0,0,0,0,0,0,0,0,0,0,0,426,2026-02-07 01:55:10.101520
FSR,38.12,38.11,38.13,50000000.0,50000000.0,0,0,0,0,0,0,0,0,0,0,0,0,0,0,0,0,0,0,0,0,0,0,0,0,0,0,426,2026-02-07 01:55:10.101520
ATB,57.89,57.88,57.9,50000000.0,50000000.0,0,0,0,0,0,0,0,0,0,0,0,0,0,0,0,0,0,0,0,0,0,0,0,0,0,0,426,2026-02-07 01:55:10.101520
SPK,58.54,58.53,58.55,50000000.0,50000000.0,0,0,0,0,0,0,0,0,0,0,0,0,0,0,0,0,0,0,0,0,0,0,0,0,0,0,426,2026-02-07 01:55:10.101520
EEC,56.38,56.37,56.39,50000000.0,50000000.0,0,0,0,0,0,0,0,0,0,0,0,0,0,0,0,0,0,0,0,0,0,0,0,0,0,0,426,2026-02-07 01:55:10.101520
TGX,43.75,43.74,43.76,50000000.0,50000000.0,0,0,0,0,0,0,0,0,0,0,0,0,0,0,0,0,0,0,0,0,0,0,0,0,0,0,427,2026-02-07 01:55:11.188181
PHR,50.51,50.5,50.52,50000000.0,50000000.0,0,0,0,0,0,0,0,0,0,0,0,0,0,0,0,0,0,0,0,0,0,0,0,0,0,0,427,2026-02-07 01:55:11.188181
BYL,48.09,48.08,48.1,50000000.0,50000000.0,0,0,0,0,0,0,0,0,0,0,0,0,0,0,0,0,0,0,0,0,0,0,0,0,0,0,427,2026-02-07 01:55:11.188181
CLD,77.26,77.25,77.27,50000000.0,50000000.0,0,0,0,0,0,0,0,0,0,0,0,0,0,0,0,0,0,0,0,0,0,0,0,0,0,0,427,2026-02-07 01:55:11.188181
GGD,38.37,38.36,38.38,50000000.0,50000000.0,0,0,0,0,0,0,0,0,0,0,0,0,0,0,0,0,0,0,0,0,0,0,0,0,0,0,427,2026-02-07 01:55:11.188181
PNR,60.4,60.39,60.41,50000000.0,50000000.0,0,0,0,0,0,0,0,0,0,0,0,0,0,0,0,0,0,0,0,0,0,0,0,0,0,0,427,2026-02-07 01:55:11.188181
FSR,38.08,38.07,38.09,50000000.0,50000000.0,0,0,0,0,0,0,0,0,0,0,0,0,0,0,0,0,0,0,0,0,0,0,0,0,0,0,427,2026-02-07 01:55:11.188181
ATB,57.91,57.9,57.92,50000000.0,50000000.0,0,0,0,0,0,0,0,0,0,0,0,0,0,0,0,0,0,0,0,0,0,0,0,0,0,0,427,2026-02-07 01:55:11.188181
SPK,58.38,58.37,58.39,50000000.0,50000000.0,0,0,0,0,0,0,0,0,0,0,0,0,0,0,0,0,0,0,0,0,0,0,0,0,0,0,427,2026-02-07 01:55:11.188181
EEC,56.22,56.21,56.23,50000000.0,50000000.0,0,0,0,0,0,0,0,0,0,0,0,0,0,0,0,0,0,0,0,0,0,0,0,0,0,0,427,2026-02-07 01:55:11.188181
TGX,43.78,43.77,43.79,50000000.0,50000000.0,0,0,0,0,0,0,0,0,0,0,0,0,0,0,0,0,0,0,0,0,0,0,0,0,0,0,428,2026-02-07 01:55:12.261720
PHR,49.96,49.95,49.97,50000000.0,50000000.0,0,0,0,0,0,0,0,0,0,0,0,0,0,0,0,0,0,0,0,0,0,0,0,0,0,0,428,2026-02-07 01:55:12.261720
BYL,48.5,48.49,48.51,50000000.0,50000000.0,0,0,0,0,0,0,0,0,0,0,0,0,0,0,0,0,0,0,0,0,0,0,0,0,0,0,428,2026-02-07 01:55:12.261720
CLD,78.02,78.01,78.03,50000000.0,50000000.0,0,0,0,0,0,0,0,0,0,0,0,0,0,0,0,0,0,0,0,0,0,0,0,0,0,0,428,2026-02-07 01:55:12.261720
GGD,38.41,38.4,38.42,50000000.0,50000000.0,0,0,0,0,0,0,0,0,0,0,0,0,0,0,0,0,0,0,0,0,0,0,0,0,0,0,428,2026-02-07 01:55:12.261720
PNR,60.34,60.33,60.35,50000000.0,50000000.0,0,0,0,0,0,0,0,0,0,0,0,0,0,0,0,0,0,0,0,0,0,0,0,0,0,0,428,2026-02-07 01:55:12.261720
FSR,38.03,38.02,38.04,50000000.0,50000000.0,0,0,0,0,0,0,0,0,0,0,0,0,0,0,0,0,0,0,0,0,0,0,0,0,0,0,428,2026-02-07 01:55:12.261720
ATB,57.67,57.66,57.68,50000000.0,50000000.0,0,0,0,0,0,0,0,0,0,0,0,0,0,0,0,0,0,0,0,0,0,0,0,0,0,0,428,2026-02-07 01:55:12.261720
SPK,58.28,58.27,58.29,50000000.0,50000000.0,0,0,0,0,0,0,0,0,0,0,0,0,0,0,0,0,0,0,0,0,0,0,0,0,0,0,428,2026-02-07 01:55:12.261720
EEC,56.07,56.06,56.08,50000000.0,50000000.0,0,0,0,0,0,0,0,0,0,0,0,0,0,0,0,0,0,0,0,0,0,0,0,0,0,0,428,2026-02-07 01:55:12.261720
TGX,43.76,43.75,43.77,50000000.0,50000000.0,0,0,0,0,0,0,0,0,0,0,0,0,0,0,0,0,0,0,0,0,0,0,0,0,0,0,429,2026-02-07 01:55:13.328337
PHR,50.22,50.21,50.23,50000000.0,50000000.0,0,0,0,0,0,0,0,0,0,0,0,0,0,0,0,0,0,0,0,0,0,0,0,0,0,0,429,2026-02-07 01:55:13.328337
BYL,48.43,48.42,48.44,50000000.0,50000000.0,0,0,0,0,0,0,0,0,0,0,0,0,0,0,0,0,0,0,0,0,0,0,0,0,0,0,429,2026-02-07 01:55:13.328337
CLD,77.87,77.86,77.88,50000000.0,50000000.0,0,0,0,0,0,0,0,0,0,0,0,0,0,0,0,0,0,0,0,0,0,0,0,0,0,0,429,2026-02-07 01:55:13.328337
GGD,38.39,38.38,38.4,50000000.0,50000000.0,0,0,0,0,0,0,0,0,0,0,0,0,0,0,0,0,0,0,0,0,0,0,0,0,0,0,429,2026-02-07 01:55:13.328337
PNR,60.39,60.38,60.4,50000000.0,50000000.0,0,0,0,0,0,0,0,0,0,0,0,0,0,0,0,0,0,0,0,0,0,0,0,0,0,0,429,2026-02-07 01:55:13.328337
FSR,38.04,38.03,38.05,50000000.0,50000000.0,0,0,0,0,0,0,0,0,0,0,0,0,0,0,0,0,0,0,0,0,0,0,0,0,0,0,429,2026-02-07 01:55:13.328337
ATB,57.7,57.69,57.71,50000000.0,50000000.0,0,0,0,0,0,0,0,0,0,0,0,0,0,0,0,0,0,0,0,0,0,0,0,0,0,0,429,2026-02-07 01:55:13.328337
SPK,58.21,58.2,58.22,50000000.0,50000000.0,0,0,0,0,0,0,0,0,0,0,0,0,0,0,0,0,0,0,0,0,0,0,0,0,0,0,429,2026-02-07 01:55:13.328337
EEC,56.04,56.03,56.05,50000000.0,50000000.0,0,0,0,0,0,0,0,0,0,0,0,0,0,0,0,0,0,0,0,0,0,0,0,0,0,0,429,2026-02-07 01:55:13.328337
TGX,43.8,43.79,43.81,50000000.0,50000000.0,0,0,0,0,0,0,0,0,0,0,0,0,0,0,0,0,0,0,0,0,0,0,0,0,0,0,430,2026-02-07 01:55:14.439565
PHR,50.37,50.36,50.38,50000000.0,50000000.0,0,0,0,0,0,0,0,0,0,0,0,0,0,0,0,0,0,0,0,0,0,0,0,0,0,0,430,2026-02-07 01:55:14.439565
BYL,48.36,48.35,48.37,50000000.0,50000000.0,0,0,0,0,0,0,0,0,0,0,0,0,0,0,0,0,0,0,0,0,0,0,0,0,0,0,430,2026-02-07 01:55:14.439565
CLD,77.78,77.77,77.79,50000000.0,50000000.0,0,0,0,0,0,0,0,0,0,0,0,0,0,0,0,0,0,0,0,0,0,0,0,0,0,0,430,2026-02-07 01:55:14.439565
GGD,38.31,38.3,38.32,50000000.0,50000000.0,0,0,0,0,0,0,0,0,0,0,0,0,0,0,0,0,0,0,0,0,0,0,0,0,0,0,430,2026-02-07 01:55:14.439565
PNR,60.08,60.07,60.09,50000000.0,50000000.0,0,0,0,0,0,0,0,0,0,0,0,0,0,0,0,0,0,0,0,0,0,0,0,0,0,0,430,2026-02-07 01:55:14.439565
FSR,38.05,38.04,38.06,50000000.0,50000000.0,0,0,0,0,0,0,0,0,0,0,0,0,0,0,0,0,0,0,0,0,0,0,0,0,0,0,430,2026-02-07 01:55:14.439565
ATB,57.5,57.49,57.51,50000000.0,50000000.0,0,0,0,0,0,0,0,0,0,0,0,0,0,0,0,0,0,0,0,0,0,0,0,0,0,0,430,2026-02-07 01:55:14.439565
SPK,58.11,58.1,58.12,50000000.0,50000000.0,0,0,0,0,0,0,0,0,0,0,0,0,0,0,0,0,0,0,0,0,0,0,0,0,0,0,430,2026-02-07 01:55:14.439565
EEC,55.89,55.88,55.9,50000000.0,50000000.0,0,0,0,0,0,0,0,0,0,0,0,0,0,0,0,0,0,0,0,0,0,0,0,0,0,0,430,2026-02-07 01:55:14.439565
TGX,43.78,43.77,43.79,50000000.0,50000000.0,0,0,0,0,0,0,0,0,0,0,0,0,0,0,0,0,0,0,0,0,0,0,0,0,0,0,431,2026-02-07 01:55:14.994925
PHR,50.66,50.65,50.67,50000000.0,50000000.0,0,0,0,0,0,0,0,0,0,0,0,0,0,0,0,0,0,0,0,0,0,0,0,0,0,0,431,2026-02-07 01:55:14.994925
BYL,48.29,48.28,48.3,50000000.0,50000000.0,0,0,0,0,0,0,0,0,0,0,0,0,0,0,0,0,0,0,0,0,0,0,0,0,0,0,431,2026-02-07 01:55:14.994925
CLD,77.68,77.67,77.69,50000000.0,50000000.0,0,0,0,0,0,0,0,0,0,0,0,0,0,0,0,0,0,0,0,0,0,0,0,0,0,0,431,2026-02-07 01:55:14.994925
GGD,38.34,38.33,38.35,50000000.0,50000000.0,0,0,0,0,0,0,0,0,0,0,0,0,0,0,0,0,0,0,0,0,0,0,0,0,0,0,431,2026-02-07 01:55:14.994925
PNR,60.08,60.07,60.09,50000000.0,50000000.0,0,0,0,0,0,0,0,0,0,0,0,0,0,0,0,0,0,0,0,0,0,0,0,0,0,0,431,2026-02-07 01:55:14.994925
FSR,38.0,37.99,38.01,50000000.0,50000000.0,0,0,0,0,0,0,0,0,0,0,0,0,0,0,0,0,0,0,0,0,0,0,0,0,0,0,431,2026-02-07 01:55:14.994925
ATB,57.51,57.5,57.52,50000000.0,50000000.0,0,0,0,0,0,0,0,0,0,0,0,0,0,0,0,0,0,0,0,0,0,0,0,0,0,0,431,2026-02-07 01:55:14.994925
SPK,58.2,58.19,58.21,50000000.0,50000000.0,0,0,0,0,0,0,0,0,0,0,0,0,0,0,0,0,0,0,0,0,0,0,0,0,0,0,431,2026-02-07 01:55:14.994925
EEC,56.05,56.04,56.06,50000000.0,50000000.0,0,0,0,0,0,0,0,0,0,0,0,0,0,0,0,0,0,0,0,0,0,0,0,0,0,0,431,2026-02-07 01:55:14.994925
TGX,43.78,43.77,43.79,50000000.0,50000000.0,0,0,0,0,0,0,0,0,0,0,0,0,0,0,0,0,0,0,0,0,0,0,0,0,0,0,432,2026-02-07 01:55:16.092408
PHR,50.39,50.38,50.4,50000000.0,50000000.0,0,0,0,0,0,0,0,0,0,0,0,0,0,0,0,0,0,0,0,0,0,0,0,0,0,0,432,2026-02-07 01:55:16.092408
BYL,48.59,48.58,48.6,50000000.0,50000000.0,0,0,0,0,0,0,0,0,0,0,0,0,0,0,0,0,0,0,0,0,0,0,0,0,0,0,432,2026-02-07 01:55:16.092408
CLD,78.22,78.21,78.23,50000000.0,50000000.0,0,0,0,0,0,0,0,0,0,0,0,0,0,0,0,0,0,0,0,0,0,0,0,0,0,0,432,2026-02-07 01:55:16.092408
GGD,38.39,38.38,38.4,50000000.0,50000000.0,0,0,0,0,0,0,0,0,0,0,0,0,0,0,0,0,0,0,0,0,0,0,0,0,0,0,432,2026-02-07 01:55:16.092408
PNR,60.27,60.26,60.28,50000000.0,50000000.0,0,0,0,0,0,0,0,0,0,0,0,0,0,0,0,0,0,0,0,0,0,0,0,0,0,0,432,2026-02-07 01:55:16.092408
FSR,37.96,37.95,37.97,50000000.0,50000000.0,0,0,0,0,0,0,0,0,0,0,0,0,0,0,0,0,0,0,0,0,0,0,0,0,0,0,432,2026-02-07 01:55:16.092408
ATB,57.4,57.39,57.41,50000000.0,50000000.0,0,0,0,0,0,0,0,0,0,0,0,0,0,0,0,0,0,0,0,0,0,0,0,0,0,0,432,2026-02-07 01:55:16.092408
SPK,58.0,57.99,58.01,50000000.0,50000000.0,0,0,0,0,0,0,0,0,0,0,0,0,0,0,0,0,0,0,0,0,0,0,0,0,0,0,432,2026-02-07 01:55:16.092408
EEC,55.71,55.7,55.72,50000000.0,50000000.0,0,0,0,0,0,0,0,0,0,0,0,0,0,0,0,0,0,0,0,0,0,0,0,0,0,0,432,2026-02-07 01:55:16.092408
TGX,43.81,43.8,43.82,50000000.0,50000000.0,0,0,0,0,0,0,0,0,0,0,0,0,0,0,0,0,0,0,0,0,0,0,0,0,0,0,433,2026-02-07 01:55:17.164152
PHR,50.62,50.61,50.63,50000000.0,50000000.0,0,0,0,0,0,0,0,0,0,0,0,0,0,0,0,0,0,0,0,0,0,0,0,0,0,0,433,2026-02-07 01:55:17.164152
BYL,48.68,48.67,48.69,50000000.0,50000000.0,0,0,0,0,0,0,0,0,0,0,0,0,0,0,0,0,0,0,0,0,0,0,0,0,0,0,433,2026-02-07 01:55:17.164152
CLD,78.34,78.33,78.35,50000000.0,50000000.0,0,0,0,0,0,0,0,0,0,0,0,0,0,0,0,0,0,0,0,0,0,0,0,0,0,0,433,2026-02-07 01:55:17.164152
GGD,38.43,38.42,38.44,50000000.0,50000000.0,0,0,0,0,0,0,0,0,0,0,0,0,0,0,0,0,0,0,0,0,0,0,0,0,0,0,433,2026-02-07 01:55:17.164152
PNR,60.34,60.33,60.35,50000000.0,50000000.0,0,0,0,0,0,0,0,0,0,0,0,0,0,0,0,0,0,0,0,0,0,0,0,0,0,0,433,2026-02-07 01:55:17.164152
FSR,37.93,37.92,37.94,50000000.0,50000000.0,0,0,0,0,0,0,0,0,0,0,0,0,0,0,0,0,0,0,0,0,0,0,0,0,0,0,433,2026-02-07 01:55:17.164152
ATB,57.47,57.46,57.48,50000000.0,50000000.0,0,0,0,0,0,0,0,0,0,0,0,0,0,0,0,0,0,0,0,0,0,0,0,0,0,0,433,2026-02-07 01:55:17.164152
SPK,58.1,58.09,58.11,50000000.0,50000000.0,0,0,0,0,0,0,0,0,0,0,0,0,0,0,0,0,0,0,0,0,0,0,0,0,0,0,433,2026-02-07 01:55:17.164152
EEC,55.84,55.83,55.85,50000000.0,50000000.0,0,0,0,0,0,0,0,0,0,0,0,0,0,0,0,0,0,0,0,0,0,0,0,0,0,0,433,2026-02-07 01:55:17.164152
TGX,43.82,43.81,43.83,50000000.0,50000000.0,0,0,0,0,0,0,0,0,0,0,0,0,0,0,0,0,0,0,0,0,0,0,0,0,0,0,434,2026-02-07 01:55:18.214049
PHR,50.91,50.9,50.92,50000000.0,50000000.0,0,0,0,0,0,0,0,0,0,0,0,0,0,0,0,0,0,0,0,0,0,0,0,0,0,0,434,2026-02-07 01:55:18.214049
BYL,48.77,48.76,48.78,50000000.0,50000000.0,0,0,0,0,0,0,0,0,0,0,0,0,0,0,0,0,0,0,0,0,0,0,0,0,0,0,434,2026-02-07 01:55:18.214049
CLD,78.55,78.54,78.56,50000000.0,50000000.0,0,0,0,0,0,0,0,0,0,0,0,0,0,0,0,0,0,0,0,0,0,0,0,0,0,0,434,2026-02-07 01:55:18.214049
GGD,38.4,38.39,38.41,50000000.0,50000000.0,0,0,0,0,0,0,0,0,0,0,0,0,0,0,0,0,0,0,0,0,0,0,0,0,0,0,434,2026-02-07 01:55:18.214049
PNR,60.25,60.24,60.26,50000000.0,50000000.0,0,0,0,0,0,0,0,0,0,0,0,0,0,0,0,0,0,0,0,0,0,0,0,0,0,0,434,2026-02-07 01:55:18.214049
FSR,37.89,37.88,37.9,50000000.0,50000000.0,0,0,0,0,0,0,0,0,0,0,0,0,0,0,0,0,0,0,0,0,0,0,0,0,0,0,434,2026-02-07 01:55:18.214049
ATB,57.27,57.26,57.28,50000000.0,50000000.0,0,0,0,0,0,0,0,0,0,0,0,0,0,0,0,0,0,0,0,0,0,0,0,0,0,0,434,2026-02-07 01:55:18.214049
SPK,57.97,57.96,57.98,50000000.0,50000000.0,0,0,0,0,0,0,0,0,0,0,0,0,0,0,0,0,0,0,0,0,0,0,0,0,0,0,434,2026-02-07 01:55:18.214049
EEC,55.67,55.66,55.68,50000000.0,50000000.0,0,0,0,0,0,0,0,0,0,0,0,0,0,0,0,0,0,0,0,0,0,0,0,0,0,0,434,2026-02-07 01:55:18.214049
TGX,43.78,43.77,43.79,50000000.0,50000000.0,0,0,0,0,0,0,0,0,0,0,0,0,0,0,0,0,0,0,0,0,0,0,0,0,0,0,435,2026-02-07 01:55:19.257178
PHR,51.24,51.23,51.25,50000000.0,50000000.0,0,0,0,0,0,0,0,0,0,0,0,0,0,0,0,0,0,0,0,0,0,0,0,0,0,0,435,2026-02-07 01:55:19.257178
BYL,49.17,49.16,49.18,50000000.0,50000000.0,0,0,0,0,0,0,0,0,0,0,0,0,0,0,0,0,0,0,0,0,0,0,0,0,0,0,435,2026-02-07 01:55:19.257178
CLD,79.32,79.31,79.33,50000000.0,50000000.0,0,0,0,0,0,0,0,0,0,0,0,0,0,0,0,0,0,0,0,0,0,0,0,0,0,0,435,2026-02-07 01:55:19.257178
GGD,39.54,39.53,39.55,50000000.0,50000000.0,0,0,0,0,0,0,0,0,0,0,0,0,0,0,0,0,0,0,0,0,0,0,0,0,0,0,435,2026-02-07 01:55:19.257178
PNR,60.44,60.43,60.45,50000000.0,50000000.0,0,0,0,0,0,0,0,0,0,0,0,0,0,0,0,0,0,0,0,0,0,0,0,0,0,0,435,2026-02-07 01:55:19.257178
FSR,37.87,37.86,37.88,50000000.0,50000000.0,0,0,0,0,0,0,0,0,0,0,0,0,0,0,0,0,0,0,0,0,0,0,0,0,0,0,435,2026-02-07 01:55:19.257178
ATB,57.42,57.41,57.43,50000000.0,50000000.0,0,0,0,0,0,0,0,0,0,0,0,0,0,0,0,0,0,0,0,0,0,0,0,0,0,0,435,2026-02-07 01:55:19.257178
SPK,57.9,57.89,57.91,50000000.0,50000000.0,0,0,0,0,0,0,0,0,0,0,0,0,0,0,0,0,0,0,0,0,0,0,0,0,0,0,435,2026-02-07 01:55:19.257178
EEC,55.56,55.55,55.57,50000000.0,50000000.0,0,0,0,0,0,0,0,0,0,0,0,0,0,0,0,0,0,0,0,0,0,0,0,0,0,0,435,2026-02-07 01:55:19.257178
TGX,43.78,43.77,43.79,50000000.0,50000000.0,0,0,0,0,0,0,0,0,0,0,0,0,0,0,0,0,0,0,0,0,0,0,0,0,0,0,436,2026-02-07 01:55:20.308685
PHR,51.26,51.25,51.27,50000000.0,50000000.0,0,0,0,0,0,0,0,0,0,0,0,0,0,0,0,0,0,0,0,0,0,0,0,0,0,0,436,2026-02-07 01:55:20.308685
BYL,49.06,49.05,49.07,50000000.0,50000000.0,0,0,0,0,0,0,0,0,0,0,0,0,0,0,0,0,0,0,0,0,0,0,0,0,0,0,436,2026-02-07 01:55:20.308685
CLD,79.07,79.06,79.08,50000000.0,50000000.0,0,0,0,0,0,0,0,0,0,0,0,0,0,0,0,0,0,0,0,0,0,0,0,0,0,0,436,2026-02-07 01:55:20.308685
GGD,39.52,39.51,39.53,50000000.0,50000000.0,0,0,0,0,0,0,0,0,0,0,0,0,0,0,0,0,0,0,0,0,0,0,0,0,0,0,436,2026-02-07 01:55:20.308685
PNR,60.36,60.35,60.37,50000000.0,50000000.0,0,0,0,0,0,0,0,0,0,0,0,0,0,0,0,0,0,0,0,0,0,0,0,0,0,0,436,2026-02-07 01:55:20.308685
FSR,37.85,37.84,37.86,50000000.0,50000000.0,0,0,0,0,0,0,0,0,0,0,0,0,0,0,0,0,0,0,0,0,0,0,0,0,0,0,436,2026-02-07 01:55:20.308685
ATB,57.49,57.48,57.5,50000000.0,50000000.0,0,0,0,0,0,0,0,0,0,0,0,0,0,0,0,0,0,0,0,0,0,0,0,0,0,0,436,2026-02-07 01:55:20.308685
SPK,57.99,57.98,58.0,50000000.0,50000000.0,0,0,0,0,0,0,0,0,0,0,0,0,0,0,0,0,0,0,0,0,0,0,0,0,0,0,436,2026-02-07 01:55:20.308685
EEC,55.67,55.66,55.68,50000000.0,50000000.0,0,0,0,0,0,0,0,0,0,0,0,0,0,0,0,0,0,0,0,0,0,0,0,0,0,0,436,2026-02-07 01:55:20.308685
TGX,43.79,43.78,43.8,50000000.0,50000000.0,0,0,0,0,0,0,0,0,0,0,0,0,0,0,0,0,0,0,0,0,0,0,0,0,0,0,437,2026-02-07 01:55:21.368562
PHR,51.58,51.57,51.59,50000000.0,50000000.0,0,0,0,0,0,0,0,0,0,0,0,0,0,0,0,0,0,0,0,0,0,0,0,0,0,0,437,2026-02-07 01:55:21.368562
BYL,48.86,48.85,48.87,50000000.0,50000000.0,0,0,0,0,0,0,0,0,0,0,0,0,0,0,0,0,0,0,0,0,0,0,0,0,0,0,437,2026-02-07 01:55:21.368562
CLD,78.67,78.66,78.68,50000000.0,50000000.0,0,0,0,0,0,0,0,0,0,0,0,0,0,0,0,0,0,0,0,0,0,0,0,0,0,0,437,2026-02-07 01:55:21.368562
GGD,39.62,39.61,39.63,50000000.0,50000000.0,0,0,0,0,0,0,0,0,0,0,0,0,0,0,0,0,0,0,0,0,0,0,0,0,0,0,437,2026-02-07 01:55:21.368562
PNR,60.53,60.52,60.54,50000000.0,50000000.0,0,0,0,0,0,0,0,0,0,0,0,0,0,0,0,0,0,0,0,0,0,0,0,0,0,0,437,2026-02-07 01:55:21.368562
FSR,37.86,37.85,37.87,50000000.0,50000000.0,0,0,0,0,0,0,0,0,0,0,0,0,0,0,0,0,0,0,0,0,0,0,0,0,0,0,437,2026-02-07 01:55:21.368562
ATB,57.57,57.56,57.58,50000000.0,50000000.0,0,0,0,0,0,0,0,0,0,0,0,0,0,0,0,0,0,0,0,0,0,0,0,0,0,0,437,2026-02-07 01:55:21.368562
SPK,57.78,57.77,57.79,50000000.0,50000000.0,0,0,0,0,0,0,0,0,0,0,0,0,0,0,0,0,0,0,0,0,0,0,0,0,0,0,437,2026-02-07 01:55:21.368562
EEC,55.32,55.31,55.33,50000000.0,50000000.0,0,0,0,0,0,0,0,0,0,0,0,0,0,0,0,0,0,0,0,0,0,0,0,0,0,0,437,2026-02-07 01:55:21.368562
TGX,43.82,43.81,43.83,50000000.0,50000000.0,0,0,0,0,0,0,0,0,0,0,0,0,0,0,0,0,0,0,0,0,0,0,0,0,0,0,438,2026-02-07 01:55:22.417927
PHR,51.78,51.77,51.79,50000000.0,50000000.0,0,0,0,0,0,0,0,0,0,0,0,0,0,0,0,0,0,0,0,0,0,0,0,0,0,0,438,2026-02-07 01:55:22.417927
BYL,48.76,48.75,48.77,50000000.0,50000000.0,0,0,0,0,0,0,0,0,0,0,0,0,0,0,0,0,0,0,0,0,0,0,0,0,0,0,438,2026-02-07 01:55:22.417927
CLD,78.44,78.43,78.45,50000000.0,50000000.0,0,0,0,0,0,0,0,0,0,0,0,0,0,0,0,0,0,0,0,0,0,0,0,0,0,0,438,2026-02-07 01:55:22.417927
GGD,40.55,40.54,40.56,50000000.0,50000000.0,0,0,0,0,0,0,0,0,0,0,0,0,0,0,0,0,0,0,0,0,0,0,0,0,0,0,438,2026-02-07 01:55:22.417927
PNR,60.68,60.67,60.69,50000000.0,50000000.0,0,0,0,0,0,0,0,0,0,0,0,0,0,0,0,0,0,0,0,0,0,0,0,0,0,0,438,2026-02-07 01:55:22.417927
FSR,37.82,37.81,37.83,50000000.0,50000000.0,0,0,0,0,0,0,0,0,0,0,0,0,0,0,0,0,0,0,0,0,0,0,0,0,0,0,438,2026-02-07 01:55:22.417927
ATB,57.62,57.61,57.63,50000000.0,50000000.0,0,0,0,0,0,0,0,0,0,0,0,0,0,0,0,0,0,0,0,0,0,0,0,0,0,0,438,2026-02-07 01:55:22.417927
SPK,57.77,57.76,57.78,50000000.0,50000000.0,0,0,0,0,0,0,0,0,0,0,0,0,0,0,0,0,0,0,0,0,0,0,0,0,0,0,438,2026-02-07 01:55:22.417927
EEC,55.31,55.3,55.32,50000000.0,50000000.0,0,0,0,0,0,0,0,0,0,0,0,0,0,0,0,0,0,0,0,0,0,0,0,0,0,0,438,2026-02-07 01:55:22.417927
TGX,43.8,43.79,43.81,50000000.0,50000000.0,0,0,0,0,0,0,0,0,0,0,0,0,0,0,0,0,0,0,0,0,0,0,0,0,0,0,439,2026-02-07 01:55:22.970999
PHR,51.72,51.71,51.73,50000000.0,50000000.0,0,0,0,0,0,0,0,0,0,0,0,0,0,0,0,0,0,0,0,0,0,0,0,0,0,0,439,2026-02-07 01:55:22.970999
BYL,48.36,48.35,48.37,50000000.0,50000000.0,0,0,0,0,0,0,0,0,0,0,0,0,0,0,0,0,0,0,0,0,0,0,0,0,0,0,439,2026-02-07 01:55:22.970999
CLD,77.77,77.76,77.78,50000000.0,50000000.0,0,0,0,0,0,0,0,0,0,0,0,0,0,0,0,0,0,0,0,0,0,0,0,0,0,0,439,2026-02-07 01:55:22.970999
GGD,40.5,40.49,40.51,50000000.0,50000000.0,0,0,0,0,0,0,0,0,0,0,0,0,0,0,0,0,0,0,0,0,0,0,0,0,0,0,439,2026-02-07 01:55:22.970999
PNR,60.68,60.67,60.69,50000000.0,50000000.0,0,0,0,0,0,0,0,0,0,0,0,0,0,0,0,0,0,0,0,0,0,0,0,0,0,0,439,2026-02-07 01:55:22.970999
FSR,37.83,37.82,37.84,50000000.0,50000000.0,0,0,0,0,0,0,0,0,0,0,0,0,0,0,0,0,0,0,0,0,0,0,0,0,0,0,439,2026-02-07 01:55:22.970999
ATB,57.59,57.58,57.6,50000000.0,50000000.0,0,0,0,0,0,0,0,0,0,0,0,0,0,0,0,0,0,0,0,0,0,0,0,0,0,0,439,2026-02-07 01:55:22.970999
SPK,57.94,57.93,57.95,50000000.0,50000000.0,0,0,0,0,0,0,0,0,0,0,0,0,0,0,0,0,0,0,0,0,0,0,0,0,0,0,439,2026-02-07 01:55:22.970999
EEC,55.52,55.51,55.53,50000000.0,50000000.0,0,0,0,0,0,0,0,0,0,0,0,0,0,0,0,0,0,0,0,0,0,0,0,0,0,0,439,2026-02-07 01:55:22.970999
TGX,43.8,43.79,43.81,50000000.0,50000000.0,0,0,0,0,0,0,0,0,0,0,0,0,0,0,0,0,0,0,0,0,0,0,0,0,0,0,440,2026-02-07 01:55:24.042819
PHR,51.45,51.44,51.46,50000000.0,50000000.0,0,0,0,0,0,0,0,0,0,0,0,0,0,0,0,0,0,0,0,0,0,0,0,0,0,0,440,2026-02-07 01:55:24.042819
BYL,48.21,48.2,48.22,50000000.0,50000000.0,0,0,0,0,0,0,0,0,0,0,0,0,0,0,0,0,0,0,0,0,0,0,0,0,0,0,440,2026-02-07 01:55:24.042819
CLD,77.5,77.49,77.51,50000000.0,50000000.0,0,0,0,0,0,0,0,0,0,0,0,0,0,0,0,0,0,0,0,0,0,0,0,0,0,0,440,2026-02-07 01:55:24.042819
GGD,40.5,40.49,40.51,50000000.0,50000000.0,0,0,0,0,0,0,0,0,0,0,0,0,0,0,0,0,0,0,0,0,0,0,0,0,0,0,440,2026-02-07 01:55:24.042819
PNR,60.55,60.54,60.56,50000000.0,50000000.0,0,0,0,0,0,0,0,0,0,0,0,0,0,0,0,0,0,0,0,0,0,0,0,0,0,0,440,2026-02-07 01:55:24.042819
FSR,37.87,37.86,37.88,50000000.0,50000000.0,0,0,0,0,0,0,0,0,0,0,0,0,0,0,0,0,0,0,0,0,0,0,0,0,0,0,440,2026-02-07 01:55:24.042819
ATB,57.6,57.59,57.61,50000000.0,50000000.0,0,0,0,0,0,0,0,0,0,0,0,0,0,0,0,0,0,0,0,0,0,0,0,0,0,0,440,2026-02-07 01:55:24.042819
SPK,57.72,57.71,57.73,50000000.0,50000000.0,0,0,0,0,0,0,0,0,0,0,0,0,0,0,0,0,0,0,0,0,0,0,0,0,0,0,440,2026-02-07 01:55:24.042819
EEC,55.08,55.07,55.09,50000000.0,50000000.0,0,0,0,0,0,0,0,0,0,0,0,0,0,0,0,0,0,0,0,0,0,0,0,0,0,0,440,2026-02-07 01:55:24.042819
TGX,43.83,43.82,43.84,50000000.0,50000000.0,0,0,0,0,0,0,0,0,0,0,0,0,0,0,0,0,0,0,0,0,0,0,0,0,0,0,441,2026-02-07 01:55:25.123623
PHR,51.71,51.7,51.72,50000000.0,50000000.0,0,0,0,0,0,0,0,0,0,0,0,0,0,0,0,0,0,0,0,0,0,0,0,0,0,0,441,2026-02-07 01:55:25.123623
BYL,48.24,48.23,48.25,50000000.0,50000000.0,0,0,0,0,0,0,0,0,0,0,0,0,0,0,0,0,0,0,0,0,0,0,0,0,0,0,441,2026-02-07 01:55:25.123623
CLD,77.46,77.45,77.47,50000000.0,50000000.0,0,0,0,0,0,0,0,0,0,0,0,0,0,0,0,0,0,0,0,0,0,0,0,0,0,0,441,2026-02-07 01:55:25.123623
GGD,40.46,40.45,40.47,50000000.0,50000000.0,0,0,0,0,0,0,0,0,0,0,0,0,0,0,0,0,0,0,0,0,0,0,0,0,0,0,441,2026-02-07 01:55:25.123623
PNR,60.58,60.57,60.59,50000000.0,50000000.0,0,0,0,0,0,0,0,0,0,0,0,0,0,0,0,0,0,0,0,0,0,0,0,0,0,0,441,2026-02-07 01:55:25.123623
FSR,37.84,37.83,37.85,50000000.0,50000000.0,0,0,0,0,0,0,0,0,0,0,0,0,0,0,0,0,0,0,0,0,0,0,0,0,0,0,441,2026-02-07 01:55:25.123623
ATB,57.46,57.45,57.47,50000000.0,50000000.0,0,0,0,0,0,0,0,0,0,0,0,0,0,0,0,0,0,0,0,0,0,0,0,0,0,0,441,2026-02-07 01:55:25.123623
SPK,57.98,57.97,57.99,50000000.0,50000000.0,0,0,0,0,0,0,0,0,0,0,0,0,0,0,0,0,0,0,0,0,0,0,0,0,0,0,441,2026-02-07 01:55:25.123623
EEC,54.67,54.66,54.68,50000000.0,50000000.0,0,0,0,0,0,0,0,0,0,0,0,0,0,0,0,0,0,0,0,0,0,0,0,0,0,0,441,2026-02-07 01:55:25.123623
TGX,43.8,43.79,43.81,50000000.0,50000000.0,0,0,0,0,0,0,0,0,0,0,0,0,0,0,0,0,0,0,0,0,0,0,0,0,0,0,442,2026-02-07 01:55:26.240054
PHR,51.13,51.12,51.14,50000000.0,50000000.0,0,0,0,0,0,0,0,0,0,0,0,0,0,0,0,0,0,0,0,0,0,0,0,0,0,0,442,2026-02-07 01:55:26.240054
BYL,48.35,48.34,48.36,50000000.0,50000000.0,0,0,0,0,0,0,0,0,0,0,0,0,0,0,0,0,0,0,0,0,0,0,0,0,0,0,442,2026-02-07 01:55:26.240054
CLD,77.67,77.66,77.68,50000000.0,50000000.0,0,0,0,0,0,0,0,0,0,0,0,0,0,0,0,0,0,0,0,0,0,0,0,0,0,0,442,2026-02-07 01:55:26.240054
GGD,40.51,40.5,40.52,50000000.0,50000000.0,0,0,0,0,0,0,0,0,0,0,0,0,0,0,0,0,0,0,0,0,0,0,0,0,0,0,442,2026-02-07 01:55:26.240054
PNR,60.85,60.84,60.86,50000000.0,50000000.0,0,0,0,0,0,0,0,0,0,0,0,0,0,0,0,0,0,0,0,0,0,0,0,0,0,0,442,2026-02-07 01:55:26.240054
FSR,37.87,37.86,37.88,50000000.0,50000000.0,0,0,0,0,0,0,0,0,0,0,0,0,0,0,0,0,0,0,0,0,0,0,0,0,0,0,442,2026-02-07 01:55:26.240054
ATB,57.49,57.48,57.5,50000000.0,50000000.0,0,0,0,0,0,0,0,0,0,0,0,0,0,0,0,0,0,0,0,0,0,0,0,0,0,0,442,2026-02-07 01:55:26.240054
SPK,58.14,58.13,58.15,50000000.0,50000000.0,0,0,0,0,0,0,0,0,0,0,0,0,0,0,0,0,0,0,0,0,0,0,0,0,0,0,442,2026-02-07 01:55:26.240054
EEC,55.01,55.0,55.02,50000000.0,50000000.0,0,0,0,0,0,0,0,0,0,0,0,0,0,0,0,0,0,0,0,0,0,0,0,0,0,0,442,2026-02-07 01:55:26.240054
TGX,44.62,44.61,44.63,50000000.0,50000000.0,0,0,0,0,0,0,0,0,0,0,0,0,0,0,0,0,0,0,0,0,0,0,0,0,0,0,443,2026-02-07 01:55:27.326111
PHR,51.18,51.17,51.19,50000000.0,50000000.0,0,0,0,0,0,0,0,0,0,0,0,0,0,0,0,0,0,0,0,0,0,0,0,0,0,0,443,2026-02-07 01:55:27.326111
BYL,48.17,48.16,48.18,50000000.0,50000000.0,0,0,0,0,0,0,0,0,0,0,0,0,0,0,0,0,0,0,0,0,0,0,0,0,0,0,443,2026-02-07 01:55:27.326111
CLD,77.34,77.33,77.35,50000000.0,50000000.0,0,0,0,0,0,0,0,0,0,0,0,0,0,0,0,0,0,0,0,0,0,0,0,0,0,0,443,2026-02-07 01:55:27.326111
GGD,40.53,40.52,40.54,50000000.0,50000000.0,0,0,0,0,0,0,0,0,0,0,0,0,0,0,0,0,0,0,0,0,0,0,0,0,0,0,443,2026-02-07 01:55:27.326111
PNR,60.78,60.77,60.79,50000000.0,50000000.0,0,0,0,0,0,0,0,0,0,0,0,0,0,0,0,0,0,0,0,0,0,0,0,0,0,0,443,2026-02-07 01:55:27.326111
FSR,37.9,37.89,37.91,50000000.0,50000000.0,0,0,0,0,0,0,0,0,0,0,0,0,0,0,0,0,0,0,0,0,0,0,0,0,0,0,443,2026-02-07 01:55:27.326111
ATB,57.39,57.38,57.4,50000000.0,50000000.0,0,0,0,0,0,0,0,0,0,0,0,0,0,0,0,0,0,0,0,0,0,0,0,0,0,0,443,2026-02-07 01:55:27.326111
SPK,58.19,58.18,58.2,50000000.0,50000000.0,0,0,0,0,0,0,0,0,0,0,0,0,0,0,0,0,0,0,0,0,0,0,0,0,0,0,443,2026-02-07 01:55:27.326111
EEC,55.08,55.07,55.09,50000000.0,50000000.0,0,0,0,0,0,0,0,0,0,0,0,0,0,0,0,0,0,0,0,0,0,0,0,0,0,0,443,2026-02-07 01:55:27.326111
TGX,45.42,45.41,45.43,50000000.0,50000000.0,0,0,0,0,0,0,0,0,0,0,0,0,0,0,0,0,0,0,0,0,0,0,0,0,0,0,444,2026-02-07 01:55:28.406829
PHR,51.21,51.2,51.22,50000000.0,50000000.0,0,0,0,0,0,0,0,0,0,0,0,0,0,0,0,0,0,0,0,0,0,0,0,0,0,0,444,2026-02-07 01:55:28.406829
BYL,48.01,48.0,48.02,50000000.0,50000000.0,0,0,0,0,0,0,0,0,0,0,0,0,0,0,0,0,0,0,0,0,0,0,0,0,0,0,444,2026-02-07 01:55:28.406829
CLD,77.06,77.05,77.07,50000000.0,50000000.0,0,0,0,0,0,0,0,0,0,0,0,0,0,0,0,0,0,0,0,0,0,0,0,0,0,0,444,2026-02-07 01:55:28.406829
GGD,40.51,40.5,40.52,50000000.0,50000000.0,0,0,0,0,0,0,0,0,0,0,0,0,0,0,0,0,0,0,0,0,0,0,0,0,0,0,444,2026-02-07 01:55:28.406829
PNR,60.59,60.58,60.6,50000000.0,50000000.0,0,0,0,0,0,0,0,0,0,0,0,0,0,0,0,0,0,0,0,0,0,0,0,0,0,0,444,2026-02-07 01:55:28.406829
FSR,37.87,37.86,37.88,50000000.0,50000000.0,0,0,0,0,0,0,0,0,0,0,0,0,0,0,0,0,0,0,0,0,0,0,0,0,0,0,444,2026-02-07 01:55:28.406829
ATB,57.24,57.23,57.25,50000000.0,50000000.0,0,0,0,0,0,0,0,0,0,0,0,0,0,0,0,0,0,0,0,0,0,0,0,0,0,0,444,2026-02-07 01:55:28.406829
SPK,57.9,57.89,57.91,50000000.0,50000000.0,0,0,0,0,0,0,0,0,0,0,0,0,0,0,0,0,0,0,0,0,0,0,0,0,0,0,444,2026-02-07 01:55:28.406829
EEC,54.63,54.62,54.64,50000000.0,50000000.0,0,0,0,0,0,0,0,0,0,0,0,0,0,0,0,0,0,0,0,0,0,0,0,0,0,0,444,2026-02-07 01:55:28.406829
TGX,45.4,45.39,45.41,50000000.0,50000000.0,0,0,0,0,0,0,0,0,0,0,0,0,0,0,0,0,0,0,0,0,0,0,0,0,0,0,445,2026-02-07 01:55:29.486234
PHR,51.44,51.43,51.45,50000000.0,50000000.0,0,0,0,0,0,0,0,0,0,0,0,0,0,0,0,0,0,0,0,0,0,0,0,0,0,0,445,2026-02-07 01:55:29.486234
BYL,48.21,48.2,48.22,50000000.0,50000000.0,0,0,0,0,0,0,0,0,0,0,0,0,0,0,0,0,0,0,0,0,0,0,0,0,0,0,445,2026-02-07 01:55:29.486234
CLD,77.44,77.43,77.45,50000000.0,50000000.0,0,0,0,0,0,0,0,0,0,0,0,0,0,0,0,0,0,0,0,0,0,0,0,0,0,0,445,2026-02-07 01:55:29.486234
GGD,40.42,40.41,40.43,50000000.0,50000000.0,0,0,0,0,0,0,0,0,0,0,0,0,0,0,0,0,0,0,0,0,0,0,0,0,0,0,445,2026-02-07 01:55:29.486234
PNR,60.52,60.51,60.53,50000000.0,50000000.0,0,0,0,0,0,0,0,0,0,0,0,0,0,0,0,0,0,0,0,0,0,0,0,0,0,0,445,2026-02-07 01:55:29.486234
FSR,37.83,37.82,37.84,50000000.0,50000000.0,0,0,0,0,0,0,0,0,0,0,0,0,0,0,0,0,0,0,0,0,0,0,0,0,0,0,445,2026-02-07 01:55:29.486234
ATB,57.1,57.09,57.11,50000000.0,50000000.0,0,0,0,0,0,0,0,0,0,0,0,0,0,0,0,0,0,0,0,0,0,0,0,0,0,0,445,2026-02-07 01:55:29.486234
SPK,57.96,57.95,57.97,50000000.0,50000000.0,0,0,0,0,0,0,0,0,0,0,0,0,0,0,0,0,0,0,0,0,0,0,0,0,0,0,445,2026-02-07 01:55:29.486234
EEC,54.71,54.7,54.72,50000000.0,50000000.0,0,0,0,0,0,0,0,0,0,0,0,0,0,0,0,0,0,0,0,0,0,0,0,0,0,0,445,2026-02-07 01:55:29.486234
TGX,45.42,45.41,45.43,50000000.0,50000000.0,0,0,0,0,0,0,0,0,0,0,0,0,0,0,0,0,0,0,0,0,0,0,0,0,0,0,446,2026-02-07 01:55:30.535654
PHR,51.31,51.3,51.32,50000000.0,50000000.0,0,0,0,0,0,0,0,0,0,0,0,0,0,0,0,0,0,0,0,0,0,0,0,0,0,0,446,2026-02-07 01:55:30.535654
BYL,48.25,48.24,48.26,50000000.0,50000000.0,0,0,0,0,0,0,0,0,0,0,0,0,0,0,0,0,0,0,0,0,0,0,0,0,0,0,446,2026-02-07 01:55:30.535654
CLD,77.42,77.41,77.43,50000000.0,50000000.0,0,0,0,0,0,0,0,0,0,0,0,0,0,0,0,0,0,0,0,0,0,0,0,0,0,0,446,2026-02-07 01:55:30.535654
GGD,40.46,40.45,40.47,50000000.0,50000000.0,0,0,0,0,0,0,0,0,0,0,0,0,0,0,0,0,0,0,0,0,0,0,0,0,0,0,446,2026-02-07 01:55:30.535654
PNR,60.43,60.42,60.44,50000000.0,50000000.0,0,0,0,0,0,0,0,0,0,0,0,0,0,0,0,0,0,0,0,0,0,0,0,0,0,0,446,2026-02-07 01:55:30.535654
FSR,37.85,37.84,37.86,50000000.0,50000000.0,0,0,0,0,0,0,0,0,0,0,0,0,0,0,0,0,0,0,0,0,0,0,0,0,0,0,446,2026-02-07 01:55:30.535654
ATB,57.15,57.14,57.16,50000000.0,50000000.0,0,0,0,0,0,0,0,0,0,0,0,0,0,0,0,0,0,0,0,0,0,0,0,0,0,0,446,2026-02-07 01:55:30.535654
SPK,57.99,57.98,58.0,50000000.0,50000000.0,0,0,0,0,0,0,0,0,0,0,0,0,0,0,0,0,0,0,0,0,0,0,0,0,0,0,446,2026-02-07 01:55:30.535654
EEC,54.81,54.8,54.82,50000000.0,50000000.0,0,0,0,0,0,0,0,0,0,0,0,0,0,0,0,0,0,0,0,0,0,0,0,0,0,0,446,2026-02-07 01:55:30.535654
TGX,45.43,45.42,45.44,50000000.0,50000000.0,0,0,0,0,0,0,0,0,0,0,0,0,0,0,0,0,0,0,0,0,0,0,0,0,0,0,447,2026-02-07 01:55:31.086997
PHR,51.31,51.3,51.32,50000000.0,50000000.0,0,0,0,0,0,0,0,0,0,0,0,0,0,0,0,0,0,0,0,0,0,0,0,0,0,0,447,2026-02-07 01:55:31.086997
BYL,48.3,48.29,48.31,50000000.0,50000000.0,0,0,0,0,0,0,0,0,0,0,0,0,0,0,0,0,0,0,0,0,0,0,0,0,0,0,447,2026-02-07 01:55:31.086997
CLD,77.52,77.51,77.53,50000000.0,50000000.0,0,0,0,0,0,0,0,0,0,0,0,0,0,0,0,0,0,0,0,0,0,0,0,0,0,0,447,2026-02-07 01:55:31.086997
GGD,40.46,40.45,40.47,50000000.0,50000000.0,0,0,0,0,0,0,0,0,0,0,0,0,0,0,0,0,0,0,0,0,0,0,0,0,0,0,447,2026-02-07 01:55:31.086997
PNR,60.46,60.45,60.47,50000000.0,50000000.0,0,0,0,0,0,0,0,0,0,0,0,0,0,0,0,0,0,0,0,0,0,0,0,0,0,0,447,2026-02-07 01:55:31.086997
FSR,37.82,37.81,37.83,50000000.0,50000000.0,0,0,0,0,0,0,0,0,0,0,0,0,0,0,0,0,0,0,0,0,0,0,0,0,0,0,447,2026-02-07 01:55:31.086997
ATB,57.2,57.19,57.21,50000000.0,50000000.0,0,0,0,0,0,0,0,0,0,0,0,0,0,0,0,0,0,0,0,0,0,0,0,0,0,0,447,2026-02-07 01:55:31.086997
SPK,57.91,57.9,57.92,50000000.0,50000000.0,0,0,0,0,0,0,0,0,0,0,0,0,0,0,0,0,0,0,0,0,0,0,0,0,0,0,447,2026-02-07 01:55:31.086997
EEC,54.73,54.72,54.74,50000000.0,50000000.0,0,0,0,0,0,0,0,0,0,0,0,0,0,0,0,0,0,0,0,0,0,0,0,0,0,0,447,2026-02-07 01:55:31.086997
TGX,45.38,45.37,45.39,50000000.0,50000000.0,0,0,0,0,0,0,0,0,0,0,0,0,0,0,0,0,0,0,0,0,0,0,0,0,0,0,448,2026-02-07 01:55:32.130208
PHR,51.4,51.39,51.41,50000000.0,50000000.0,0,0,0,0,0,0,0,0,0,0,0,0,0,0,0,0,0,0,0,0,0,0,0,0,0,0,448,2026-02-07 01:55:32.130208
BYL,48.71,48.7,48.72,50000000.0,50000000.0,0,0,0,0,0,0,0,0,0,0,0,0,0,0,0,0,0,0,0,0,0,0,0,0,0,0,448,2026-02-07 01:55:32.130208
CLD,78.17,78.16,78.18,50000000.0,50000000.0,0,0,0,0,0,0,0,0,0,0,0,0,0,0,0,0,0,0,0,0,0,0,0,0,0,0,448,2026-02-07 01:55:32.130208
GGD,40.48,40.47,40.49,50000000.0,50000000.0,0,0,0,0,0,0,0,0,0,0,0,0,0,0,0,0,0,0,0,0,0,0,0,0,0,0,448,2026-02-07 01:55:32.130208
PNR,60.59,60.58,60.6,50000000.0,50000000.0,0,0,0,0,0,0,0,0,0,0,0,0,0,0,0,0,0,0,0,0,0,0,0,0,0,0,448,2026-02-07 01:55:32.130208
FSR,37.78,37.77,37.79,50000000.0,50000000.0,0,0,0,0,0,0,0,0,0,0,0,0,0,0,0,0,0,0,0,0,0,0,0,0,0,0,448,2026-02-07 01:55:32.130208
ATB,57.11,57.1,57.12,50000000.0,50000000.0,0,0,0,0,0,0,0,0,0,0,0,0,0,0,0,0,0,0,0,0,0,0,0,0,0,0,448,2026-02-07 01:55:32.130208
SPK,57.7,57.69,57.71,50000000.0,50000000.0,0,0,0,0,0,0,0,0,0,0,0,0,0,0,0,0,0,0,0,0,0,0,0,0,0,0,448,2026-02-07 01:55:32.130208
EEC,54.41,54.4,54.42,50000000.0,50000000.0,0,0,0,0,0,0,0,0,0,0,0,0,0,0,0,0,0,0,0,0,0,0,0,0,0,0,448,2026-02-07 01:55:32.130208
TGX,45.38,45.37,45.39,50000000.0,50000000.0,0,0,0,0,0,0,0,0,0,0,0,0,0,0,0,0,0,0,0,0,0,0,0,0,0,0,449,2026-02-07 01:55:33.260549
PHR,51.33,51.32,51.34,50000000.0,50000000.0,0,0,0,0,0,0,0,0,0,0,0,0,0,0,0,0,0,0,0,0,0,0,0,0,0,0,449,2026-02-07 01:55:33.260549
BYL,48.93,48.92,48.94,50000000.0,50000000.0,0,0,0,0,0,0,0,0,0,0,0,0,0,0,0,0,0,0,0,0,0,0,0,0,0,0,449,2026-02-07 01:55:33.260549
CLD,78.49,78.48,78.5,50000000.0,50000000.0,0,0,0,0,0,0,0,0,0,0,0,0,0,0,0,0,0,0,0,0,0,0,0,0,0,0,449,2026-02-07 01:55:33.260549
GGD,40.59,40.58,40.6,50000000.0,50000000.0,0,0,0,0,0,0,0,0,0,0,0,0,0,0,0,0,0,0,0,0,0,0,0,0,0,0,449,2026-02-07 01:55:33.260549
PNR,60.86,60.85,60.87,50000000.0,50000000.0,0,0,0,0,0,0,0,0,0,0,0,0,0,0,0,0,0,0,0,0,0,0,0,0,0,0,449,2026-02-07 01:55:33.260549
FSR,37.78,37.77,37.79,50000000.0,50000000.0,0,0,0,0,0,0,0,0,0,0,0,0,0,0,0,0,0,0,0,0,0,0,0,0,0,0,449,2026-02-07 01:55:33.260549
ATB,57.22,57.21,57.23,50000000.0,50000000.0,0,0,0,0,0,0,0,0,0,0,0,0,0,0,0,0,0,0,0,0,0,0,0,0,0,0,449,2026-02-07 01:55:33.260549
SPK,57.62,57.61,57.63,50000000.0,50000000.0,0,0,0,0,0,0,0,0,0,0,0,0,0,0,0,0,0,0,0,0,0,0,0,0,0,0,449,2026-02-07 01:55:33.260549
EEC,54.24,54.23,54.25,50000000.0,50000000.0,0,0,0,0,0,0,0,0,0,0,0,0,0,0,0,0,0,0,0,0,0,0,0,0,0,0,449,2026-02-07 01:55:33.260549
TGX,45.37,45.36,45.38,50000000.0,50000000.0,0,0,0,0,0,0,0,0,0,0,0,0,0,0,0,0,0,0,0,0,0,0,0,0,0,0,450,2026-02-07 01:55:34.354699
PHR,50.99,50.98,51.0,50000000.0,50000000.0,0,0,0,0,0,0,0,0,0,0,0,0,0,0,0,0,0,0,0,0,0,0,0,0,0,0,450,2026-02-07 01:55:34.354699
BYL,49.15,49.14,49.16,50000000.0,50000000.0,0,0,0,0,0,0,0,0,0,0,0,0,0,0,0,0,0,0,0,0,0,0,0,0,0,0,450,2026-02-07 01:55:34.354699
CLD,78.88,78.87,78.89,50000000.0,50000000.0,0,0,0,0,0,0,0,0,0,0,0,0,0,0,0,0,0,0,0,0,0,0,0,0,0,0,450,2026-02-07 01:55:34.354699
GGD,40.55,40.54,40.56,50000000.0,50000000.0,0,0,0,0,0,0,0,0,0,0,0,0,0,0,0,0,0,0,0,0,0,0,0,0,0,0,450,2026-02-07 01:55:34.354699
PNR,60.64,60.63,60.65,50000000.0,50000000.0,0,0,0,0,0,0,0,0,0,0,0,0,0,0,0,0,0,0,0,0,0,0,0,0,0,0,450,2026-02-07 01:55:34.354699
FSR,37.77,37.76,37.78,50000000.0,50000000.0,0,0,0,0,0,0,0,0,0,0,0,0,0,0,0,0,0,0,0,0,0,0,0,0,0,0,450,2026-02-07 01:55:34.354699
ATB,57.25,57.24,57.26,50000000.0,50000000.0,0,0,0,0,0,0,0,0,0,0,0,0,0,0,0,0,0,0,0,0,0,0,0,0,0,0,450,2026-02-07 01:55:34.354699
SPK,57.66,57.65,57.67,50000000.0,50000000.0,0,0,0,0,0,0,0,0,0,0,0,0,0,0,0,0,0,0,0,0,0,0,0,0,0,0,450,2026-02-07 01:55:34.354699
EEC,54.31,54.3,54.32,50000000.0,50000000.0,0,0,0,0,0,0,0,0,0,0,0,0,0,0,0,0,0,0,0,0,0,0,0,0,0,0,450,2026-02-07 01:55:34.354699
TGX,45.35,45.34,45.36,50000000.0,50000000.0,0,0,0,0,0,0,0,0,0,0,0,0,0,0,0,0,0,0,0,0,0,0,0,0,0,0,451,2026-02-07 01:55:35.426384
PHR,51.41,51.4,51.42,50000000.0,50000000.0,0,0,0,0,0,0,0,0,0,0,0,0,0,0,0,0,0,0,0,0,0,0,0,0,0,0,451,2026-02-07 01:55:35.426384
BYL,49.66,49.65,49.67,50000000.0,50000000.0,0,0,0,0,0,0,0,0,0,0,0,0,0,0,0,0,0,0,0,0,0,0,0,0,0,0,451,2026-02-07 01:55:35.426384
CLD,79.87,79.86,79.88,50000000.0,50000000.0,0,0,0,0,0,0,0,0,0,0,0,0,0,0,0,0,0,0,0,0,0,0,0,0,0,0,451,2026-02-07 01:55:35.426384
GGD,40.55,40.54,40.56,50000000.0,50000000.0,0,0,0,0,0,0,0,0,0,0,0,0,0,0,0,0,0,0,0,0,0,0,0,0,0,0,451,2026-02-07 01:55:35.426384
PNR,60.58,60.57,60.59,50000000.0,50000000.0,0,0,0,0,0,0,0,0,0,0,0,0,0,0,0,0,0,0,0,0,0,0,0,0,0,0,451,2026-02-07 01:55:35.426384
FSR,37.79,37.78,37.8,50000000.0,50000000.0,0,0,0,0,0,0,0,0,0,0,0,0,0,0,0,0,0,0,0,0,0,0,0,0,0,0,451,2026-02-07 01:55:35.426384
ATB,57.09,57.08,57.1,50000000.0,50000000.0,0,0,0,0,0,0,0,0,0,0,0,0,0,0,0,0,0,0,0,0,0,0,0,0,0,0,451,2026-02-07 01:55:35.426384
SPK,57.5,57.49,57.51,50000000.0,50000000.0,0,0,0,0,0,0,0,0,0,0,0,0,0,0,0,0,0,0,0,0,0,0,0,0,0,0,451,2026-02-07 01:55:35.426384
EEC,53.99,53.98,54.0,50000000.0,50000000.0,0,0,0,0,0,0,0,0,0,0,0,0,0,0,0,0,0,0,0,0,0,0,0,0,0,0,451,2026-02-07 01:55:35.426384
TGX,45.33,45.32,45.34,50000000.0,50000000.0,0,0,0,0,0,0,0,0,0,0,0,0,0,0,0,0,0,0,0,0,0,0,0,0,0,0,452,2026-02-07 01:55:36.537419
PHR,51.44,51.43,51.45,50000000.0,50000000.0,0,0,0,0,0,0,0,0,0,0,0,0,0,0,0,0,0,0,0,0,0,0,0,0,0,0,452,2026-02-07 01:55:36.537419
BYL,49.16,49.15,49.17,50000000.0,50000000.0,0,0,0,0,0,0,0,0,0,0,0,0,0,0,0,0,0,0,0,0,0,0,0,0,0,0,452,2026-02-07 01:55:36.537419
CLD,78.94,78.93,78.95,50000000.0,50000000.0,0,0,0,0,0,0,0,0,0,0,0,0,0,0,0,0,0,0,0,0,0,0,0,0,0,0,452,2026-02-07 01:55:36.537419
GGD,40.48,40.47,40.49,50000000.0,50000000.0,0,0,0,0,0,0,0,0,0,0,0,0,0,0,0,0,0,0,0,0,0,0,0,0,0,0,452,2026-02-07 01:55:36.537419
PNR,60.63,60.62,60.64,50000000.0,50000000.0,0,0,0,0,0,0,0,0,0,0,0,0,0,0,0,0,0,0,0,0,0,0,0,0,0,0,452,2026-02-07 01:55:36.537419
FSR,37.77,37.76,37.78,50000000.0,50000000.0,0,0,0,0,0,0,0,0,0,0,0,0,0,0,0,0,0,0,0,0,0,0,0,0,0,0,452,2026-02-07 01:55:36.537419
ATB,56.89,56.88,56.9,50000000.0,50000000.0,0,0,0,0,0,0,0,0,0,0,0,0,0,0,0,0,0,0,0,0,0,0,0,0,0,0,452,2026-02-07 01:55:36.537419
SPK,57.65,57.64,57.66,50000000.0,50000000.0,0,0,0,0,0,0,0,0,0,0,0,0,0,0,0,0,0,0,0,0,0,0,0,0,0,0,452,2026-02-07 01:55:36.537419
EEC,54.2,54.19,54.21,50000000.0,50000000.0,0,0,0,0,0,0,0,0,0,0,0,0,0,0,0,0,0,0,0,0,0,0,0,0,0,0,452,2026-02-07 01:55:36.537419
TGX,45.33,45.32,45.34,50000000.0,50000000.0,0,0,0,0,0,0,0,0,0,0,0,0,0,0,0,0,0,0,0,0,0,0,0,0,0,0,453,2026-02-07 01:55:37.094703
PHR,51.8,51.79,51.81,50000000.0,50000000.0,0,0,0,0,0,0,0,0,0,0,0,0,0,0,0,0,0,0,0,0,0,0,0,0,0,0,453,2026-02-07 01:55:37.094703
BYL,49.29,49.28,49.3,50000000.0,50000000.0,0,0,0,0,0,0,0,0,0,0,0,0,0,0,0,0,0,0,0,0,0,0,0,0,0,0,453,2026-02-07 01:55:37.094703
CLD,79.18,79.17,79.19,50000000.0,50000000.0,0,0,0,0,0,0,0,0,0,0,0,0,0,0,0,0,0,0,0,0,0,0,0,0,0,0,453,2026-02-07 01:55:37.094703
GGD,40.51,40.5,40.52,50000000.0,50000000.0,0,0,0,0,0,0,0,0,0,0,0,0,0,0,0,0,0,0,0,0,0,0,0,0,0,0,453,2026-02-07 01:55:37.094703
PNR,60.58,60.57,60.59,50000000.0,50000000.0,0,0,0,0,0,0,0,0,0,0,0,0,0,0,0,0,0,0,0,0,0,0,0,0,0,0,453,2026-02-07 01:55:37.094703
FSR,37.82,37.81,37.83,50000000.0,50000000.0,0,0,0,0,0,0,0,0,0,0,0,0,0,0,0,0,0,0,0,0,0,0,0,0,0,0,453,2026-02-07 01:55:37.094703
ATB,56.62,56.61,56.63,50000000.0,50000000.0,0,0,0,0,0,0,0,0,0,0,0,0,0,0,0,0,0,0,0,0,0,0,0,0,0,0,453,2026-02-07 01:55:37.094703
SPK,57.35,57.34,57.36,50000000.0,50000000.0,0,0,0,0,0,0,0,0,0,0,0,0,0,0,0,0,0,0,0,0,0,0,0,0,0,0,453,2026-02-07 01:55:37.094703
EEC,53.79,53.78,53.8,50000000.0,50000000.0,0,0,0,0,0,0,0,0,0,0,0,0,0,0,0,0,0,0,0,0,0,0,0,0,0,0,453,2026-02-07 01:55:37.094703
TGX,45.33,45.32,45.34,50000000.0,50000000.0,0,0,0,0,0,0,0,0,0,0,0,0,0,0,0,0,0,0,0,0,0,0,0,0,0,0,454,2026-02-07 01:55:38.219679
PHR,51.9,51.89,51.91,50000000.0,50000000.0,0,0,0,0,0,0,0,0,0,0,0,0,0,0,0,0,0,0,0,0,0,0,0,0,0,0,454,2026-02-07 01:55:38.219679
BYL,49.28,49.27,49.29,50000000.0,50000000.0,0,0,0,0,0,0,0,0,0,0,0,0,0,0,0,0,0,0,0,0,0,0,0,0,0,0,454,2026-02-07 01:55:38.219679
CLD,79.24,79.23,79.25,50000000.0,50000000.0,0,0,0,0,0,0,0,0,0,0,0,0,0,0,0,0,0,0,0,0,0,0,0,0,0,0,454,2026-02-07 01:55:38.219679
GGD,40.42,40.41,40.43,50000000.0,50000000.0,0,0,0,0,0,0,0,0,0,0,0,0,0,0,0,0,0,0,0,0,0,0,0,0,0,0,454,2026-02-07 01:55:38.219679
PNR,60.25,60.24,60.26,50000000.0,50000000.0,0,0,0,0,0,0,0,0,0,0,0,0,0,0,0,0,0,0,0,0,0,0,0,0,0,0,454,2026-02-07 01:55:38.219679
FSR,37.83,37.82,37.84,50000000.0,50000000.0,0,0,0,0,0,0,0,0,0,0,0,0,0,0,0,0,0,0,0,0,0,0,0,0,0,0,454,2026-02-07 01:55:38.219679
ATB,56.85,56.84,56.86,50000000.0,50000000.0,0,0,0,0,0,0,0,0,0,0,0,0,0,0,0,0,0,0,0,0,0,0,0,0,0,0,454,2026-02-07 01:55:38.219679
SPK,57.32,57.31,57.33,50000000.0,50000000.0,0,0,0,0,0,0,0,0,0,0,0,0,0,0,0,0,0,0,0,0,0,0,0,0,0,0,454,2026-02-07 01:55:38.219679
EEC,53.77,53.76,53.78,50000000.0,50000000.0,0,0,0,0,0,0,0,0,0,0,0,0,0,0,0,0,0,0,0,0,0,0,0,0,0,0,454,2026-02-07 01:55:38.219679
TGX,45.34,45.33,45.35,50000000.0,50000000.0,0,0,0,0,0,0,0,0,0,0,0,0,0,0,0,0,0,0,0,0,0,0,0,0,0,0,455,2026-02-07 01:55:39.311397
PHR,51.82,51.81,51.83,50000000.0,50000000.0,0,0,0,0,0,0,0,0,0,0,0,0,0,0,0,0,0,0,0,0,0,0,0,0,0,0,455,2026-02-07 01:55:39.311397
BYL,48.86,48.85,48.87,50000000.0,50000000.0,0,0,0,0,0,0,0,0,0,0,0,0,0,0,0,0,0,0,0,0,0,0,0,0,0,0,455,2026-02-07 01:55:39.311397
CLD,78.45,78.44,78.46,50000000.0,50000000.0,0,0,0,0,0,0,0,0,0,0,0,0,0,0,0,0,0,0,0,0,0,0,0,0,0,0,455,2026-02-07 01:55:39.311397
GGD,40.41,40.4,40.42,50000000.0,50000000.0,0,0,0,0,0,0,0,0,0,0,0,0,0,0,0,0,0,0,0,0,0,0,0,0,0,0,455,2026-02-07 01:55:39.311397
PNR,60.05,60.04,60.06,50000000.0,50000000.0,0,0,0,0,0,0,0,0,0,0,0,0,0,0,0,0,0,0,0,0,0,0,0,0,0,0,455,2026-02-07 01:55:39.311397
FSR,37.86,37.85,37.87,50000000.0,50000000.0,0,0,0,0,0,0,0,0,0,0,0,0,0,0,0,0,0,0,0,0,0,0,0,0,0,0,455,2026-02-07 01:55:39.311397
ATB,56.94,56.93,56.95,50000000.0,50000000.0,0,0,0,0,0,0,0,0,0,0,0,0,0,0,0,0,0,0,0,0,0,0,0,0,0,0,455,2026-02-07 01:55:39.311397
SPK,57.28,57.27,57.29,50000000.0,50000000.0,0,0,0,0,0,0,0,0,0,0,0,0,0,0,0,0,0,0,0,0,0,0,0,0,0,0,455,2026-02-07 01:55:39.311397
EEC,53.67,53.66,53.68,50000000.0,50000000.0,0,0,0,0,0,0,0,0,0,0,0,0,0,0,0,0,0,0,0,0,0,0,0,0,0,0,455,2026-02-07 01:55:39.311397
TGX,45.34,45.33,45.35,50000000.0,50000000.0,0,0,0,0,0,0,0,0,0,0,0,0,0,0,0,0,0,0,0,0,0,0,0,0,0,0,456,2026-02-07 01:55:40.372326
PHR,52.1,52.09,52.11,50000000.0,50000000.0,0,0,0,0,0,0,0,0,0,0,0,0,0,0,0,0,0,0,0,0,0,0,0,0,0,0,456,2026-02-07 01:55:40.372326
BYL,48.88,48.87,48.89,50000000.0,50000000.0,0,0,0,0,0,0,0,0,0,0,0,0,0,0,0,0,0,0,0,0,0,0,0,0,0,0,456,2026-02-07 01:55:40.372326
CLD,78.5,78.49,78.51,50000000.0,50000000.0,0,0,0,0,0,0,0,0,0,0,0,0,0,0,0,0,0,0,0,0,0,0,0,0,0,0,456,2026-02-07 01:55:40.372326
GGD,40.51,40.5,40.52,50000000.0,50000000.0,0,0,0,0,0,0,0,0,0,0,0,0,0,0,0,0,0,0,0,0,0,0,0,0,0,0,456,2026-02-07 01:55:40.372326
PNR,60.42,60.41,60.43,50000000.0,50000000.0,0,0,0,0,0,0,0,0,0,0,0,0,0,0,0,0,0,0,0,0,0,0,0,0,0,0,456,2026-02-07 01:55:40.372326
FSR,37.82,37.81,37.83,50000000.0,50000000.0,0,0,0,0,0,0,0,0,0,0,0,0,0,0,0,0,0,0,0,0,0,0,0,0,0,0,456,2026-02-07 01:55:40.372326
ATB,56.9,56.89,56.91,50000000.0,50000000.0,0,0,0,0,0,0,0,0,0,0,0,0,0,0,0,0,0,0,0,0,0,0,0,0,0,0,456,2026-02-07 01:55:40.372326
SPK,57.37,57.36,57.38,50000000.0,50000000.0,0,0,0,0,0,0,0,0,0,0,0,0,0,0,0,0,0,0,0,0,0,0,0,0,0,0,456,2026-02-07 01:55:40.372326
EEC,53.83,53.82,53.84,50000000.0,50000000.0,0,0,0,0,0,0,0,0,0,0,0,0,0,0,0,0,0,0,0,0,0,0,0,0,0,0,456,2026-02-07 01:55:40.372326
TGX,45.35,45.34,45.36,50000000.0,50000000.0,0,0,0,0,0,0,0,0,0,0,0,0,0,0,0,0,0,0,0,0,0,0,0,0,0,0,457,2026-02-07 01:55:41.432849
PHR,51.47,51.46,51.48,50000000.0,50000000.0,0,0,0,0,0,0,0,0,0,0,0,0,0,0,0,0,0,0,0,0,0,0,0,0,0,0,457,2026-02-07 01:55:41.432849
BYL,48.81,48.8,48.82,50000000.0,50000000.0,0,0,0,0,0,0,0,0,0,0,0,0,0,0,0,0,0,0,0,0,0,0,0,0,0,0,457,2026-02-07 01:55:41.432849
CLD,78.41,78.4,78.42,50000000.0,50000000.0,0,0,0,0,0,0,0,0,0,0,0,0,0,0,0,0,0,0,0,0,0,0,0,0,0,0,457,2026-02-07 01:55:41.432849
GGD,40.49,40.48,40.5,50000000.0,50000000.0,0,0,0,0,0,0,0,0,0,0,0,0,0,0,0,0,0,0,0,0,0,0,0,0,0,0,457,2026-02-07 01:55:41.432849
PNR,60.35,60.34,60.36,50000000.0,50000000.0,0,0,0,0,0,0,0,0,0,0,0,0,0,0,0,0,0,0,0,0,0,0,0,0,0,0,457,2026-02-07 01:55:41.432849
FSR,37.84,37.83,37.85,50000000.0,50000000.0,0,0,0,0,0,0,0,0,0,0,0,0,0,0,0,0,0,0,0,0,0,0,0,0,0,0,457,2026-02-07 01:55:41.432849
ATB,57.12,57.11,57.13,50000000.0,50000000.0,0,0,0,0,0,0,0,0,0,0,0,0,0,0,0,0,0,0,0,0,0,0,0,0,0,0,457,2026-02-07 01:55:41.432849
SPK,57.58,57.57,57.59,50000000.0,50000000.0,0,0,0,0,0,0,0,0,0,0,0,0,0,0,0,0,0,0,0,0,0,0,0,0,0,0,457,2026-02-07 01:55:41.432849
EEC,54.14,54.13,54.15,50000000.0,50000000.0,0,0,0,0,0,0,0,0,0,0,0,0,0,0,0,0,0,0,0,0,0,0,0,0,0,0,457,2026-02-07 01:55:41.432849
TGX,45.37,45.36,45.38,50000000.0,50000000.0,0,0,0,0,0,0,0,0,0,0,0,0,0,0,0,0,0,0,0,0,0,0,0,0,0,0,458,2026-02-07 01:55:42.474113
PHR,51.88,51.87,51.89,50000000.0,50000000.0,0,0,0,0,0,0,0,0,0,0,0,0,0,0,0,0,0,0,0,0,0,0,0,0,0,0,458,2026-02-07 01:55:42.474113
BYL,48.93,48.92,48.94,50000000.0,50000000.0,0,0,0,0,0,0,0,0,0,0,0,0,0,0,0,0,0,0,0,0,0,0,0,0,0,0,458,2026-02-07 01:55:42.474113
CLD,78.6,78.59,78.61,50000000.0,50000000.0,0,0,0,0,0,0,0,0,0,0,0,0,0,0,0,0,0,0,0,0,0,0,0,0,0,0,458,2026-02-07 01:55:42.474113
GGD,40.51,40.5,40.52,50000000.0,50000000.0,0,0,0,0,0,0,0,0,0,0,0,0,0,0,0,0,0,0,0,0,0,0,0,0,0,0,458,2026-02-07 01:55:42.474113
PNR,60.23,60.22,60.24,50000000.0,50000000.0,0,0,0,0,0,0,0,0,0,0,0,0,0,0,0,0,0,0,0,0,0,0,0,0,0,0,458,2026-02-07 01:55:42.474113
FSR,37.89,37.88,37.9,50000000.0,50000000.0,0,0,0,0,0,0,0,0,0,0,0,0,0,0,0,0,0,0,0,0,0,0,0,0,0,0,458,2026-02-07 01:55:42.474113
ATB,57.18,57.17,57.19,50000000.0,50000000.0,0,0,0,0,0,0,0,0,0,0,0,0,0,0,0,0,0,0,0,0,0,0,0,0,0,0,458,2026-02-07 01:55:42.474113
SPK,57.71,57.7,57.72,50000000.0,50000000.0,0,0,0,0,0,0,0,0,0,0,0,0,0,0,0,0,0,0,0,0,0,0,0,0,0,0,458,2026-02-07 01:55:42.474113
EEC,54.31,54.3,54.32,50000000.0,50000000.0,0,0,0,0,0,0,0,0,0,0,0,0,0,0,0,0,0,0,0,0,0,0,0,0,0,0,458,2026-02-07 01:55:42.474113
TGX,45.35,45.34,45.36,50000000.0,50000000.0,0,0,0,0,0,0,0,0,0,0,0,0,0,0,0,0,0,0,0,0,0,0,0,0,0,0,459,2026-02-07 01:55:43.528997
PHR,51.87,51.86,51.88,50000000.0,50000000.0,0,0,0,0,0,0,0,0,0,0,0,0,0,0,0,0,0,0,0,0,0,0,0,0,0,0,459,2026-02-07 01:55:43.528997
BYL,49.15,49.14,49.16,50000000.0,50000000.0,0,0,0,0,0,0,0,0,0,0,0,0,0,0,0,0,0,0,0,0,0,0,0,0,0,0,459,2026-02-07 01:55:43.528997
CLD,79.0,78.99,79.01,50000000.0,50000000.0,0,0,0,0,0,0,0,0,0,0,0,0,0,0,0,0,0,0,0,0,0,0,0,0,0,0,459,2026-02-07 01:55:43.528997
GGD,40.54,40.53,40.55,50000000.0,50000000.0,0,0,0,0,0,0,0,0,0,0,0,0,0,0,0,0,0,0,0,0,0,0,0,0,0,0,459,2026-02-07 01:55:43.528997
PNR,60.3,60.29,60.31,50000000.0,50000000.0,0,0,0,0,0,0,0,0,0,0,0,0,0,0,0,0,0,0,0,0,0,0,0,0,0,0,459,2026-02-07 01:55:43.528997
FSR,37.89,37.88,37.9,50000000.0,50000000.0,0,0,0,0,0,0,0,0,0,0,0,0,0,0,0,0,0,0,0,0,0,0,0,0,0,0,459,2026-02-07 01:55:43.528997
ATB,57.24,57.23,57.25,50000000.0,50000000.0,0,0,0,0,0,0,0,0,0,0,0,0,0,0,0,0,0,0,0,0,0,0,0,0,0,0,459,2026-02-07 01:55:43.528997
SPK,57.79,57.78,57.8,50000000.0,50000000.0,0,0,0,0,0,0,0,0,0,0,0,0,0,0,0,0,0,0,0,0,0,0,0,0,0,0,459,2026-02-07 01:55:43.528997
EEC,54.41,54.4,54.42,50000000.0,50000000.0,0,0,0,0,0,0,0,0,0,0,0,0,0,0,0,0,0,0,0,0,0,0,0,0,0,0,459,2026-02-07 01:55:43.528997
TGX,45.38,45.37,45.39,50000000.0,50000000.0,0,0,0,0,0,0,0,0,0,0,0,0,0,0,0,0,0,0,0,0,0,0,0,0,0,0,460,2026-02-07 01:55:44.580949
PHR,52.06,52.05,52.07,50000000.0,50000000.0,0,0,0,0,0,0,0,0,0,0,0,0,0,0,0,0,0,0,0,0,0,0,0,0,0,0,460,2026-02-07 01:55:44.580949
BYL,48.63,48.62,48.64,50000000.0,50000000.0,0,0,0,0,0,0,0,0,0,0,0,0,0,0,0,0,0,0,0,0,0,0,0,0,0,0,460,2026-02-07 01:55:44.580949
CLD,78.06,78.05,78.07,50000000.0,50000000.0,0,0,0,0,0,0,0,0,0,0,0,0,0,0,0,0,0,0,0,0,0,0,0,0,0,0,460,2026-02-07 01:55:44.580949
GGD,40.54,40.53,40.55,50000000.0,50000000.0,0,0,0,0,0,0,0,0,0,0,0,0,0,0,0,0,0,0,0,0,0,0,0,0,0,0,460,2026-02-07 01:55:44.580949
PNR,60.39,60.38,60.4,50000000.0,50000000.0,0,0,0,0,0,0,0,0,0,0,0,0,0,0,0,0,0,0,0,0,0,0,0,0,0,0,460,2026-02-07 01:55:44.580949
FSR,37.87,37.86,37.88,50000000.0,50000000.0,0,0,0,0,0,0,0,0,0,0,0,0,0,0,0,0,0,0,0,0,0,0,0,0,0,0,460,2026-02-07 01:55:44.580949
ATB,57.03,57.02,57.04,50000000.0,50000000.0,0,0,0,0,0,0,0,0,0,0,0,0,0,0,0,0,0,0,0,0,0,0,0,0,0,0,460,2026-02-07 01:55:44.580949
SPK,58.0,57.99,58.01,50000000.0,50000000.0,0,0,0,0,0,0,0,0,0,0,0,0,0,0,0,0,0,0,0,0,0,0,0,0,0,0,460,2026-02-07 01:55:44.580949
EEC,54.74,54.73,54.75,50000000.0,50000000.0,0,0,0,0,0,0,0,0,0,0,0,0,0,0,0,0,0,0,0,0,0,0,0,0,0,0,460,2026-02-07 01:55:44.580949
TGX,45.36,45.35,45.37,50000000.0,50000000.0,0,0,0,0,0,0,0,0,0,0,0,0,0,0,0,0,0,0,0,0,0,0,0,0,0,0,461,2026-02-07 01:55:45.133247
PHR,51.73,51.72,51.74,50000000.0,50000000.0,0,0,0,0,0,0,0,0,0,0,0,0,0,0,0,0,0,0,0,0,0,0,0,0,0,0,461,2026-02-07 01:55:45.133247
BYL,48.79,48.78,48.8,50000000.0,50000000.0,0,0,0,0,0,0,0,0,0,0,0,0,0,0,0,0,0,0,0,0,0,0,0,0,0,0,461,2026-02-07 01:55:45.133247
CLD,78.33,78.32,78.34,50000000.0,50000000.0,0,0,0,0,0,0,0,0,0,0,0,0,0,0,0,0,0,0,0,0,0,0,0,0,0,0,461,2026-02-07 01:55:45.133247
GGD,40.6,40.59,40.61,50000000.0,50000000.0,0,0,0,0,0,0,0,0,0,0,0,0,0,0,0,0,0,0,0,0,0,0,0,0,0,0,461,2026-02-07 01:55:45.133247
PNR,60.08,60.07,60.09,50000000.0,50000000.0,0,0,0,0,0,0,0,0,0,0,0,0,0,0,0,0,0,0,0,0,0,0,0,0,0,0,461,2026-02-07 01:55:45.133247
FSR,37.87,37.86,37.88,50000000.0,50000000.0,0,0,0,0,0,0,0,0,0,0,0,0,0,0,0,0,0,0,0,0,0,0,0,0,0,0,461,2026-02-07 01:55:45.133247
ATB,56.98,56.97,56.99,50000000.0,50000000.0,0,0,0,0,0,0,0,0,0,0,0,0,0,0,0,0,0,0,0,0,0,0,0,0,0,0,461,2026-02-07 01:55:45.133247
SPK,58.07,58.06,58.08,50000000.0,50000000.0,0,0,0,0,0,0,0,0,0,0,0,0,0,0,0,0,0,0,0,0,0,0,0,0,0,0,461,2026-02-07 01:55:45.133247
EEC,54.83,54.82,54.84,50000000.0,50000000.0,0,0,0,0,0,0,0,0,0,0,0,0,0,0,0,0,0,0,0,0,0,0,0,0,0,0,461,2026-02-07 01:55:45.133247
TGX,45.38,45.37,45.39,50000000.0,50000000.0,0,0,0,0,0,0,0,0,0,0,0,0,0,0,0,0,0,0,0,0,0,0,0,0,0,0,462,2026-02-07 01:55:46.209320
PHR,51.67,51.66,51.68,50000000.0,50000000.0,0,0,0,0,0,0,0,0,0,0,0,0,0,0,0,0,0,0,0,0,0,0,0,0,0,0,462,2026-02-07 01:55:46.209320
BYL,48.76,48.75,48.77,50000000.0,50000000.0,0,0,0,0,0,0,0,0,0,0,0,0,0,0,0,0,0,0,0,0,0,0,0,0,0,0,462,2026-02-07 01:55:46.209320
CLD,78.28,78.27,78.29,50000000.0,50000000.0,0,0,0,0,0,0,0,0,0,0,0,0,0,0,0,0,0,0,0,0,0,0,0,0,0,0,462,2026-02-07 01:55:46.209320
GGD,40.62,40.61,40.63,50000000.0,50000000.0,0,0,0,0,0,0,0,0,0,0,0,0,0,0,0,0,0,0,0,0,0,0,0,0,0,0,462,2026-02-07 01:55:46.209320
PNR,59.87,59.86,59.88,50000000.0,50000000.0,0,0,0,0,0,0,0,0,0,0,0,0,0,0,0,0,0,0,0,0,0,0,0,0,0,0,462,2026-02-07 01:55:46.209320
FSR,37.89,37.88,37.9,50000000.0,50000000.0,0,0,0,0,0,0,0,0,0,0,0,0,0,0,0,0,0,0,0,0,0,0,0,0,0,0,462,2026-02-07 01:55:46.209320
ATB,57.0,56.99,57.01,50000000.0,50000000.0,0,0,0,0,0,0,0,0,0,0,0,0,0,0,0,0,0,0,0,0,0,0,0,0,0,0,462,2026-02-07 01:55:46.209320
SPK,58.15,58.14,58.16,50000000.0,50000000.0,0,0,0,0,0,0,0,0,0,0,0,0,0,0,0,0,0,0,0,0,0,0,0,0,0,0,462,2026-02-07 01:55:46.209320
EEC,54.94,54.93,54.95,50000000.0,50000000.0,0,0,0,0,0,0,0,0,0,0,0,0,0,0,0,0,0,0,0,0,0,0,0,0,0,0,462,2026-02-07 01:55:46.209320
TGX,45.34,45.33,45.35,50000000.0,50000000.0,0,0,0,0,0,0,0,0,0,0,0,0,0,0,0,0,0,0,0,0,0,0,0,0,0,0,463,2026-02-07 01:55:47.296130,52.0,1.0,462.0,D5-SPK/EEC,FERC Notification Filed,Companies submit required merger notification to Federal Energy Regulatory Commission.
PHR,51.06,51.05,51.07,50000000.0,50000000.0,0,0,0,0,0,0,0,0,0,0,0,0,0,0,0,0,0,0,0,0,0,0,0,0,0,0,463,2026-02-07 01:55:47.296130,,,,,,
BYL,48.96,48.95,48.97,50000000.0,50000000.0,0,0,0,0,0,0,0,0,0,0,0,0,0,0,0,0,0,0,0,0,0,0,0,0,0,0,463,2026-02-07 01:55:47.296130,,,,,,
CLD,78.69,78.68,78.7,50000000.0,50000000.0,0,0,0,0,0,0,0,0,0,0,0,0,0,0,0,0,0,0,0,0,0,0,0,0,0,0,463,2026-02-07 01:55:47.296130,,,,,,
GGD,40.55,40.54,40.56,50000000.0,50000000.0,0,0,0,0,0,0,0,0,0,0,0,0,0,0,0,0,0,0,0,0,0,0,0,0,0,0,463,2026-02-07 01:55:47.296130,,,,,,
PNR,59.82,59.81,59.83,50000000.0,50000000.0,0,0,0,0,0,0,0,0,0,0,0,0,0,0,0,0,0,0,0,0,0,0,0,0,0,0,463,2026-02-07 01:55:47.296130,,,,,,
FSR,37.84,37.83,37.85,50000000.0,50000000.0,0,0,0,0,0,0,0,0,0,0,0,0,0,0,0,0,0,0,0,0,0,0,0,0,0,0,463,2026-02-07 01:55:47.296130,,,,,,
ATB,56.94,56.93,56.95,50000000.0,50000000.0,0,0,0,0,0,0,0,0,0,0,0,0,0,0,0,0,0,0,0,0,0,0,0,0,0,0,463,2026-02-07 01:55:47.296130,,,,,,
SPK,57.85,57.84,57.86,50000000.0,50000000.0,0,0,0,0,0,0,0,0,0,0,0,0,0,0,0,0,0,0,0,0,0,0,0,0,0,0,463,2026-02-07 01:55:47.296130,,,,,,
EEC,54.57,54.56,54.58,50000000.0,50000000.0,0,0,0,0,0,0,0,0,0,0,0,0,0,0,0,0,0,0,0,0,0,0,0,0,0,0,463,2026-02-07 01:55:47.296130,,,,,,
TGX,45.35,45.34,45.36,50000000.0,50000000.0,0,0,0,0,0,0,0,0,0,0,0,0,0,0,0,0,0,0,0,0,0,0,0,0,0,0,464,2026-02-07 01:55:48.378339
PHR,51.2,51.19,51.21,50000000.0,50000000.0,0,0,0,0,0,0,0,0,0,0,0,0,0,0,0,0,0,0,0,0,0,0,0,0,0,0,464,2026-02-07 01:55:48.378339
BYL,49.08,49.07,49.09,50000000.0,50000000.0,0,0,0,0,0,0,0,0,0,0,0,0,0,0,0,0,0,0,0,0,0,0,0,0,0,0,464,2026-02-07 01:55:48.378339
CLD,79.03,79.02,79.04,50000000.0,50000000.0,0,0,0,0,0,0,0,0,0,0,0,0,0,0,0,0,0,0,0,0,0,0,0,0,0,0,464,2026-02-07 01:55:48.378339
GGD,40.53,40.52,40.54,50000000.0,50000000.0,0,0,0,0,0,0,0,0,0,0,0,0,0,0,0,0,0,0,0,0,0,0,0,0,0,0,464,2026-02-07 01:55:48.378339
PNR,59.81,59.8,59.82,50000000.0,50000000.0,0,0,0,0,0,0,0,0,0,0,0,0,0,0,0,0,0,0,0,0,0,0,0,0,0,0,464,2026-02-07 01:55:48.378339
FSR,37.89,37.88,37.9,50000000.0,50000000.0,0,0,0,0,0,0,0,0,0,0,0,0,0,0,0,0,0,0,0,0,0,0,0,0,0,0,464,2026-02-07 01:55:48.378339
ATB,56.86,56.85,56.87,50000000.0,50000000.0,0,0,0,0,0,0,0,0,0,0,0,0,0,0,0,0,0,0,0,0,0,0,0,0,0,0,464,2026-02-07 01:55:48.378339
SPK,57.95,57.94,57.96,50000000.0,50000000.0,0,0,0,0,0,0,0,0,0,0,0,0,0,0,0,0,0,0,0,0,0,0,0,0,0,0,464,2026-02-07 01:55:48.378339
EEC,54.76,54.75,54.77,50000000.0,50000000.0,0,0,0,0,0,0,0,0,0,0,0,0,0,0,0,0,0,0,0,0,0,0,0,0,0,0,464,2026-02-07 01:55:48.378339
TGX,45.32,45.31,45.33,50000000.0,50000000.0,0,0,0,0,0,0,0,0,0,0,0,0,0,0,0,0,0,0,0,0,0,0,0,0,0,0,465,2026-02-07 01:55:49.438772
PHR,51.42,51.41,51.43,50000000.0,50000000.0,0,0,0,0,0,0,0,0,0,0,0,0,0,0,0,0,0,0,0,0,0,0,0,0,0,0,465,2026-02-07 01:55:49.438772
BYL,49.35,49.34,49.36,50000000.0,50000000.0,0,0,0,0,0,0,0,0,0,0,0,0,0,0,0,0,0,0,0,0,0,0,0,0,0,0,465,2026-02-07 01:55:49.438772
CLD,79.56,79.55,79.57,50000000.0,50000000.0,0,0,0,0,0,0,0,0,0,0,0,0,0,0,0,0,0,0,0,0,0,0,0,0,0,0,465,2026-02-07 01:55:49.438772
GGD,40.48,40.47,40.49,50000000.0,50000000.0,0,0,0,0,0,0,0,0,0,0,0,0,0,0,0,0,0,0,0,0,0,0,0,0,0,0,465,2026-02-07 01:55:49.438772
PNR,59.44,59.43,59.45,50000000.0,50000000.0,0,0,0,0,0,0,0,0,0,0,0,0,0,0,0,0,0,0,0,0,0,0,0,0,0,0,465,2026-02-07 01:55:49.438772
FSR,37.9,37.89,37.91,50000000.0,50000000.0,0,0,0,0,0,0,0,0,0,0,0,0,0,0,0,0,0,0,0,0,0,0,0,0,0,0,465,2026-02-07 01:55:49.438772
ATB,56.84,56.83,56.85,50000000.0,50000000.0,0,0,0,0,0,0,0,0,0,0,0,0,0,0,0,0,0,0,0,0,0,0,0,0,0,0,465,2026-02-07 01:55:49.438772
SPK,58.17,58.16,58.18,50000000.0,50000000.0,0,0,0,0,0,0,0,0,0,0,0,0,0,0,0,0,0,0,0,0,0,0,0,0,0,0,465,2026-02-07 01:55:49.438772
EEC,55.09,55.08,55.1,50000000.0,50000000.0,0,0,0,0,0,0,0,0,0,0,0,0,0,0,0,0,0,0,0,0,0,0,0,0,0,0,465,2026-02-07 01:55:49.438772
TGX,45.25,45.24,45.26,50000000.0,50000000.0,0,0,0,0,0,0,0,0,0,0,0,0,0,0,0,0,0,0,0,0,0,0,0,0,0,0,466,2026-02-07 01:55:50.495995
PHR,51.85,51.84,51.86,50000000.0,50000000.0,0,0,0,0,0,0,0,0,0,0,0,0,0,0,0,0,0,0,0,0,0,0,0,0,0,0,466,2026-02-07 01:55:50.495995
BYL,49.5,49.49,49.51,50000000.0,50000000.0,0,0,0,0,0,0,0,0,0,0,0,0,0,0,0,0,0,0,0,0,0,0,0,0,0,0,466,2026-02-07 01:55:50.495995
CLD,79.78,79.77,79.79,50000000.0,50000000.0,0,0,0,0,0,0,0,0,0,0,0,0,0,0,0,0,0,0,0,0,0,0,0,0,0,0,466,2026-02-07 01:55:50.495995
GGD,40.54,40.53,40.55,50000000.0,50000000.0,0,0,0,0,0,0,0,0,0,0,0,0,0,0,0,0,0,0,0,0,0,0,0,0,0,0,466,2026-02-07 01:55:50.495995
PNR,59.67,59.66,59.68,50000000.0,50000000.0,0,0,0,0,0,0,0,0,0,0,0,0,0,0,0,0,0,0,0,0,0,0,0,0,0,0,466,2026-02-07 01:55:50.495995
FSR,37.86,37.85,37.87,50000000.0,50000000.0,0,0,0,0,0,0,0,0,0,0,0,0,0,0,0,0,0,0,0,0,0,0,0,0,0,0,466,2026-02-07 01:55:50.495995
ATB,56.94,56.93,56.95,50000000.0,50000000.0,0,0,0,0,0,0,0,0,0,0,0,0,0,0,0,0,0,0,0,0,0,0,0,0,0,0,466,2026-02-07 01:55:50.495995
SPK,58.32,58.31,58.33,50000000.0,50000000.0,0,0,0,0,0,0,0,0,0,0,0,0,0,0,0,0,0,0,0,0,0,0,0,0,0,0,466,2026-02-07 01:55:50.495995
EEC,55.37,55.36,55.38,50000000.0,50000000.0,0,0,0,0,0,0,0,0,0,0,0,0,0,0,0,0,0,0,0,0,0,0,0,0,0,0,466,2026-02-07 01:55:50.495995
TGX,45.24,45.23,45.25,50000000.0,50000000.0,0,0,0,0,0,0,0,0,0,0,0,0,0,0,0,0,0,0,0,0,0,0,0,0,0,0,467,2026-02-07 01:55:51.551258,53.0,1.0,466.0,D1-TGX/PHR,Merger Agreement Signed,Pharmaco and Targenix have entered into a definitive merger agreement. Transaction expected to close in Q2 pending regulatory approvals and shareholder vote.
PHR,51.53,51.52,51.54,50000000.0,50000000.0,0,0,0,0,0,0,0,0,0,0,0,0,0,0,0,0,0,0,0,0,0,0,0,0,0,0,467,2026-02-07 01:55:51.551258,,,,,,
BYL,49.67,49.66,49.68,50000000.0,50000000.0,0,0,0,0,0,0,0,0,0,0,0,0,0,0,0,0,0,0,0,0,0,0,0,0,0,0,467,2026-02-07 01:55:51.551258,,,,,,
CLD,80.03,80.02,80.04,50000000.0,50000000.0,0,0,0,0,0,0,0,0,0,0,0,0,0,0,0,0,0,0,0,0,0,0,0,0,0,0,467,2026-02-07 01:55:51.551258,,,,,,
GGD,40.53,40.52,40.54,50000000.0,50000000.0,0,0,0,0,0,0,0,0,0,0,0,0,0,0,0,0,0,0,0,0,0,0,0,0,0,0,467,2026-02-07 01:55:51.551258,,,,,,
PNR,59.6,59.59,59.61,50000000.0,50000000.0,0,0,0,0,0,0,0,0,0,0,0,0,0,0,0,0,0,0,0,0,0,0,0,0,0,0,467,2026-02-07 01:55:51.551258,,,,,,
FSR,37.84,37.83,37.85,50000000.0,50000000.0,0,0,0,0,0,0,0,0,0,0,0,0,0,0,0,0,0,0,0,0,0,0,0,0,0,0,467,2026-02-07 01:55:51.551258,,,,,,
ATB,57.15,57.14,57.16,50000000.0,50000000.0,0,0,0,0,0,0,0,0,0,0,0,0,0,0,0,0,0,0,0,0,0,0,0,0,0,0,467,2026-02-07 01:55:51.551258,,,,,,
SPK,58.24,58.23,58.25,50000000.0,50000000.0,0,0,0,0,0,0,0,0,0,0,0,0,0,0,0,0,0,0,0,0,0,0,0,0,0,0,467,2026-02-07 01:55:51.551258,,,,,,
EEC,55.21,55.2,55.22,50000000.0,50000000.0,0,0,0,0,0,0,0,0,0,0,0,0,0,0,0,0,0,0,0,0,0,0,0,0,0,0,467,2026-02-07 01:55:51.551258,,,,,,
TGX,45.24,45.23,45.25,50000000.0,50000000.0,0,0,0,0,0,0,0,0,0,0,0,0,0,0,0,0,0,0,0,0,0,0,0,0,0,0,468,2026-02-07 01:55:52.622458
PHR,51.74,51.73,51.75,50000000.0,50000000.0,0,0,0,0,0,0,0,0,0,0,0,0,0,0,0,0,0,0,0,0,0,0,0,0,0,0,468,2026-02-07 01:55:52.622458
BYL,49.71,49.7,49.72,50000000.0,50000000.0,0,0,0,0,0,0,0,0,0,0,0,0,0,0,0,0,0,0,0,0,0,0,0,0,0,0,468,2026-02-07 01:55:52.622458
CLD,80.02,80.01,80.03,50000000.0,50000000.0,0,0,0,0,0,0,0,0,0,0,0,0,0,0,0,0,0,0,0,0,0,0,0,0,0,0,468,2026-02-07 01:55:52.622458
GGD,40.59,40.58,40.6,50000000.0,50000000.0,0,0,0,0,0,0,0,0,0,0,0,0,0,0,0,0,0,0,0,0,0,0,0,0,0,0,468,2026-02-07 01:55:52.622458
PNR,59.86,59.85,59.87,50000000.0,50000000.0,0,0,0,0,0,0,0,0,0,0,0,0,0,0,0,0,0,0,0,0,0,0,0,0,0,0,468,2026-02-07 01:55:52.622458
FSR,37.86,37.85,37.87,50000000.0,50000000.0,0,0,0,0,0,0,0,0,0,0,0,0,0,0,0,0,0,0,0,0,0,0,0,0,0,0,468,2026-02-07 01:55:52.622458
ATB,57.21,57.2,57.22,50000000.0,50000000.0,0,0,0,0,0,0,0,0,0,0,0,0,0,0,0,0,0,0,0,0,0,0,0,0,0,0,468,2026-02-07 01:55:52.622458
SPK,57.91,57.9,57.92,50000000.0,50000000.0,0,0,0,0,0,0,0,0,0,0,0,0,0,0,0,0,0,0,0,0,0,0,0,0,0,0,468,2026-02-07 01:55:52.622458
EEC,54.69,54.68,54.7,50000000.0,50000000.0,0,0,0,0,0,0,0,0,0,0,0,0,0,0,0,0,0,0,0,0,0,0,0,0,0,0,468,2026-02-07 01:55:52.622458
TGX,45.27,45.26,45.28,50000000.0,50000000.0,0,0,0,0,0,0,0,0,0,0,0,0,0,0,0,0,0,0,0,0,0,0,0,0,0,0,469,2026-02-07 01:55:53.176508
PHR,51.48,51.47,51.49,50000000.0,50000000.0,0,0,0,0,0,0,0,0,0,0,0,0,0,0,0,0,0,0,0,0,0,0,0,0,0,0,469,2026-02-07 01:55:53.176508
BYL,49.69,49.68,49.7,50000000.0,50000000.0,0,0,0,0,0,0,0,0,0,0,0,0,0,0,0,0,0,0,0,0,0,0,0,0,0,0,469,2026-02-07 01:55:53.176508
CLD,79.96,79.95,79.97,50000000.0,50000000.0,0,0,0,0,0,0,0,0,0,0,0,0,0,0,0,0,0,0,0,0,0,0,0,0,0,0,469,2026-02-07 01:55:53.176508
GGD,40.61,40.6,40.62,50000000.0,50000000.0,0,0,0,0,0,0,0,0,0,0,0,0,0,0,0,0,0,0,0,0,0,0,0,0,0,0,469,2026-02-07 01:55:53.176508
PNR,60.08,60.07,60.09,50000000.0,50000000.0,0,0,0,0,0,0,0,0,0,0,0,0,0,0,0,0,0,0,0,0,0,0,0,0,0,0,469,2026-02-07 01:55:53.176508
FSR,37.88,37.87,37.89,50000000.0,50000000.0,0,0,0,0,0,0,0,0,0,0,0,0,0,0,0,0,0,0,0,0,0,0,0,0,0,0,469,2026-02-07 01:55:53.176508
ATB,57.02,57.01,57.03,50000000.0,50000000.0,0,0,0,0,0,0,0,0,0,0,0,0,0,0,0,0,0,0,0,0,0,0,0,0,0,0,469,2026-02-07 01:55:53.176508
SPK,57.85,57.84,57.86,50000000.0,50000000.0,0,0,0,0,0,0,0,0,0,0,0,0,0,0,0,0,0,0,0,0,0,0,0,0,0,0,469,2026-02-07 01:55:53.176508
EEC,54.62,54.61,54.63,50000000.0,50000000.0,0,0,0,0,0,0,0,0,0,0,0,0,0,0,0,0,0,0,0,0,0,0,0,0,0,0,469,2026-02-07 01:55:53.176508
TGX,45.29,45.28,45.3,50000000.0,50000000.0,0,0,0,0,0,0,0,0,0,0,0,0,0,0,0,0,0,0,0,0,0,0,0,0,0,0,470,2026-02-07 01:55:54.240040
PHR,51.1,51.09,51.11,50000000.0,50000000.0,0,0,0,0,0,0,0,0,0,0,0,0,0,0,0,0,0,0,0,0,0,0,0,0,0,0,470,2026-02-07 01:55:54.240040
BYL,49.58,49.57,49.59,50000000.0,50000000.0,0,0,0,0,0,0,0,0,0,0,0,0,0,0,0,0,0,0,0,0,0,0,0,0,0,0,470,2026-02-07 01:55:54.240040
CLD,79.79,79.78,79.8,50000000.0,50000000.0,0,0,0,0,0,0,0,0,0,0,0,0,0,0,0,0,0,0,0,0,0,0,0,0,0,0,470,2026-02-07 01:55:54.240040
GGD,40.59,40.58,40.6,50000000.0,50000000.0,0,0,0,0,0,0,0,0,0,0,0,0,0,0,0,0,0,0,0,0,0,0,0,0,0,0,470,2026-02-07 01:55:54.240040
PNR,60.01,60.0,60.02,50000000.0,50000000.0,0,0,0,0,0,0,0,0,0,0,0,0,0,0,0,0,0,0,0,0,0,0,0,0,0,0,470,2026-02-07 01:55:54.240040
FSR,37.92,37.91,37.93,50000000.0,50000000.0,0,0,0,0,0,0,0,0,0,0,0,0,0,0,0,0,0,0,0,0,0,0,0,0,0,0,470,2026-02-07 01:55:54.240040
ATB,57.14,57.13,57.15,50000000.0,50000000.0,0,0,0,0,0,0,0,0,0,0,0,0,0,0,0,0,0,0,0,0,0,0,0,0,0,0,470,2026-02-07 01:55:54.240040
SPK,57.76,57.75,57.77,50000000.0,50000000.0,0,0,0,0,0,0,0,0,0,0,0,0,0,0,0,0,0,0,0,0,0,0,0,0,0,0,470,2026-02-07 01:55:54.240040
EEC,54.54,54.53,54.55,50000000.0,50000000.0,0,0,0,0,0,0,0,0,0,0,0,0,0,0,0,0,0,0,0,0,0,0,0,0,0,0,470,2026-02-07 01:55:54.240040
TGX,45.21,45.2,45.22,50000000.0,50000000.0,0,0,0,0,0,0,0,0,0,0,0,0,0,0,0,0,0,0,0,0,0,0,0,0,0,0,471,2026-02-07 01:55:55.300501
PHR,50.96,50.95,50.97,50000000.0,50000000.0,0,0,0,0,0,0,0,0,0,0,0,0,0,0,0,0,0,0,0,0,0,0,0,0,0,0,471,2026-02-07 01:55:55.300501
BYL,49.29,49.28,49.3,50000000.0,50000000.0,0,0,0,0,0,0,0,0,0,0,0,0,0,0,0,0,0,0,0,0,0,0,0,0,0,0,471,2026-02-07 01:55:55.300501
CLD,79.22,79.21,79.23,50000000.0,50000000.0,0,0,0,0,0,0,0,0,0,0,0,0,0,0,0,0,0,0,0,0,0,0,0,0,0,0,471,2026-02-07 01:55:55.300501
GGD,40.6,40.59,40.61,50000000.0,50000000.0,0,0,0,0,0,0,0,0,0,0,0,0,0,0,0,0,0,0,0,0,0,0,0,0,0,0,471,2026-02-07 01:55:55.300501
PNR,59.83,59.82,59.84,50000000.0,50000000.0,0,0,0,0,0,0,0,0,0,0,0,0,0,0,0,0,0,0,0,0,0,0,0,0,0,0,471,2026-02-07 01:55:55.300501
FSR,37.91,37.9,37.92,50000000.0,50000000.0,0,0,0,0,0,0,0,0,0,0,0,0,0,0,0,0,0,0,0,0,0,0,0,0,0,0,471,2026-02-07 01:55:55.300501
ATB,57.27,57.26,57.28,50000000.0,50000000.0,0,0,0,0,0,0,0,0,0,0,0,0,0,0,0,0,0,0,0,0,0,0,0,0,0,0,471,2026-02-07 01:55:55.300501
SPK,57.61,57.6,57.62,50000000.0,50000000.0,0,0,0,0,0,0,0,0,0,0,0,0,0,0,0,0,0,0,0,0,0,0,0,0,0,0,471,2026-02-07 01:55:55.300501
EEC,54.3,54.29,54.31,50000000.0,50000000.0,0,0,0,0,0,0,0,0,0,0,0,0,0,0,0,0,0,0,0,0,0,0,0,0,0,0,471,2026-02-07 01:55:55.300501
TGX,45.19,45.18,45.2,50000000.0,50000000.0,0,0,0,0,0,0,0,0,0,0,0,0,0,0,0,0,0,0,0,0,0,0,0,0,0,0,472,2026-02-07 01:55:56.380943
PHR,50.53,50.52,50.54,50000000.0,50000000.0,0,0,0,0,0,0,0,0,0,0,0,0,0,0,0,0,0,0,0,0,0,0,0,0,0,0,472,2026-02-07 01:55:56.380943
BYL,49.35,49.34,49.36,50000000.0,50000000.0,0,0,0,0,0,0,0,0,0,0,0,0,0,0,0,0,0,0,0,0,0,0,0,0,0,0,472,2026-02-07 01:55:56.380943
CLD,79.31,79.3,79.32,50000000.0,50000000.0,0,0,0,0,0,0,0,0,0,0,0,0,0,0,0,0,0,0,0,0,0,0,0,0,0,0,472,2026-02-07 01:55:56.380943
GGD,40.56,40.55,40.57,50000000.0,50000000.0,0,0,0,0,0,0,0,0,0,0,0,0,0,0,0,0,0,0,0,0,0,0,0,0,0,0,472,2026-02-07 01:55:56.380943
PNR,59.71,59.7,59.72,50000000.0,50000000.0,0,0,0,0,0,0,0,0,0,0,0,0,0,0,0,0,0,0,0,0,0,0,0,0,0,0,472,2026-02-07 01:55:56.380943
FSR,37.91,37.9,37.92,50000000.0,50000000.0,0,0,0,0,0,0,0,0,0,0,0,0,0,0,0,0,0,0,0,0,0,0,0,0,0,0,472,2026-02-07 01:55:56.380943
ATB,57.42,57.41,57.43,50000000.0,50000000.0,0,0,0,0,0,0,0,0,0,0,0,0,0,0,0,0,0,0,0,0,0,0,0,0,0,0,472,2026-02-07 01:55:56.380943
SPK,57.55,57.54,57.56,50000000.0,50000000.0,0,0,0,0,0,0,0,0,0,0,0,0,0,0,0,0,0,0,0,0,0,0,0,0,0,0,472,2026-02-07 01:55:56.380943
EEC,54.31,54.3,54.32,50000000.0,50000000.0,0,0,0,0,0,0,0,0,0,0,0,0,0,0,0,0,0,0,0,0,0,0,0,0,0,0,472,2026-02-07 01:55:56.380943
TGX,45.16,45.15,45.17,50000000.0,50000000.0,0,0,0,0,0,0,0,0,0,0,0,0,0,0,0,0,0,0,0,0,0,0,0,0,0,0,473,2026-02-07 01:55:57.571743
PHR,50.58,50.57,50.59,50000000.0,50000000.0,0,0,0,0,0,0,0,0,0,0,0,0,0,0,0,0,0,0,0,0,0,0,0,0,0,0,473,2026-02-07 01:55:57.571743
BYL,49.58,49.57,49.59,50000000.0,50000000.0,0,0,0,0,0,0,0,0,0,0,0,0,0,0,0,0,0,0,0,0,0,0,0,0,0,0,473,2026-02-07 01:55:57.571743
CLD,79.84,79.83,79.85,50000000.0,50000000.0,0,0,0,0,0,0,0,0,0,0,0,0,0,0,0,0,0,0,0,0,0,0,0,0,0,0,473,2026-02-07 01:55:57.571743
GGD,40.56,40.55,40.57,50000000.0,50000000.0,0,0,0,0,0,0,0,0,0,0,0,0,0,0,0,0,0,0,0,0,0,0,0,0,0,0,473,2026-02-07 01:55:57.571743
PNR,59.9,59.89,59.91,50000000.0,50000000.0,0,0,0,0,0,0,0,0,0,0,0,0,0,0,0,0,0,0,0,0,0,0,0,0,0,0,473,2026-02-07 01:55:57.571743
FSR,37.91,37.9,37.92,50000000.0,50000000.0,0,0,0,0,0,0,0,0,0,0,0,0,0,0,0,0,0,0,0,0,0,0,0,0,0,0,473,2026-02-07 01:55:57.571743
ATB,57.36,57.35,57.37,50000000.0,50000000.0,0,0,0,0,0,0,0,0,0,0,0,0,0,0,0,0,0,0,0,0,0,0,0,0,0,0,473,2026-02-07 01:55:57.571743
SPK,57.78,57.77,57.79,50000000.0,50000000.0,0,0,0,0,0,0,0,0,0,0,0,0,0,0,0,0,0,0,0,0,0,0,0,0,0,0,473,2026-02-07 01:55:57.571743
EEC,54.67,54.66,54.68,50000000.0,50000000.0,0,0,0,0,0,0,0,0,0,0,0,0,0,0,0,0,0,0,0,0,0,0,0,0,0,0,473,2026-02-07 01:55:57.571743
TGX,45.14,45.13,45.15,50000000.0,50000000.0,0,0,0,0,0,0,0,0,0,0,0,0,0,0,0,0,0,0,0,0,0,0,0,0,0,0,474,2026-02-07 01:55:58.621767
PHR,50.61,50.6,50.62,50000000.0,50000000.0,0,0,0,0,0,0,0,0,0,0,0,0,0,0,0,0,0,0,0,0,0,0,0,0,0,0,474,2026-02-07 01:55:58.621767
BYL,49.46,49.45,49.47,50000000.0,50000000.0,0,0,0,0,0,0,0,0,0,0,0,0,0,0,0,0,0,0,0,0,0,0,0,0,0,0,474,2026-02-07 01:55:58.621767
CLD,79.56,79.55,79.57,50000000.0,50000000.0,0,0,0,0,0,0,0,0,0,0,0,0,0,0,0,0,0,0,0,0,0,0,0,0,0,0,474,2026-02-07 01:55:58.621767
GGD,40.66,40.65,40.67,50000000.0,50000000.0,0,0,0,0,0,0,0,0,0,0,0,0,0,0,0,0,0,0,0,0,0,0,0,0,0,0,474,2026-02-07 01:55:58.621767
PNR,60.29,60.28,60.3,50000000.0,50000000.0,0,0,0,0,0,0,0,0,0,0,0,0,0,0,0,0,0,0,0,0,0,0,0,0,0,0,474,2026-02-07 01:55:58.621767
FSR,37.93,37.92,37.94,50000000.0,50000000.0,0,0,0,0,0,0,0,0,0,0,0,0,0,0,0,0,0,0,0,0,0,0,0,0,0,0,474,2026-02-07 01:55:58.621767
ATB,57.13,57.12,57.14,50000000.0,50000000.0,0,0,0,0,0,0,0,0,0,0,0,0,0,0,0,0,0,0,0,0,0,0,0,0,0,0,474,2026-02-07 01:55:58.621767
SPK,57.84,57.83,57.85,50000000.0,50000000.0,0,0,0,0,0,0,0,0,0,0,0,0,0,0,0,0,0,0,0,0,0,0,0,0,0,0,474,2026-02-07 01:55:58.621767
EEC,54.69,54.68,54.7,50000000.0,50000000.0,0,0,0,0,0,0,0,0,0,0,0,0,0,0,0,0,0,0,0,0,0,0,0,0,0,0,474,2026-02-07 01:55:58.621767
TGX,45.19,45.18,45.2,50000000.0,50000000.0,0,0,0,0,0,0,0,0,0,0,0,0,0,0,0,0,0,0,0,0,0,0,0,0,0,0,475,2026-02-07 01:55:59.186999
PHR,50.29,50.28,50.3,50000000.0,50000000.0,0,0,0,0,0,0,0,0,0,0,0,0,0,0,0,0,0,0,0,0,0,0,0,0,0,0,475,2026-02-07 01:55:59.186999
BYL,50.04,50.03,50.05,50000000.0,50000000.0,0,0,0,0,0,0,0,0,0,0,0,0,0,0,0,0,0,0,0,0,0,0,0,0,0,0,475,2026-02-07 01:55:59.186999
CLD,80.68,80.67,80.69,50000000.0,50000000.0,0,0,0,0,0,0,0,0,0,0,0,0,0,0,0,0,0,0,0,0,0,0,0,0,0,0,475,2026-02-07 01:55:59.186999
GGD,40.63,40.62,40.64,50000000.0,50000000.0,0,0,0,0,0,0,0,0,0,0,0,0,0,0,0,0,0,0,0,0,0,0,0,0,0,0,475,2026-02-07 01:55:59.186999
PNR,60.5,60.49,60.51,50000000.0,50000000.0,0,0,0,0,0,0,0,0,0,0,0,0,0,0,0,0,0,0,0,0,0,0,0,0,0,0,475,2026-02-07 01:55:59.186999
FSR,37.94,37.93,37.95,50000000.0,50000000.0,0,0,0,0,0,0,0,0,0,0,0,0,0,0,0,0,0,0,0,0,0,0,0,0,0,0,475,2026-02-07 01:55:59.186999
ATB,57.2,57.19,57.21,50000000.0,50000000.0,0,0,0,0,0,0,0,0,0,0,0,0,0,0,0,0,0,0,0,0,0,0,0,0,0,0,475,2026-02-07 01:55:59.186999
SPK,57.79,57.78,57.8,50000000.0,50000000.0,0,0,0,0,0,0,0,0,0,0,0,0,0,0,0,0,0,0,0,0,0,0,0,0,0,0,475,2026-02-07 01:55:59.186999
EEC,54.52,54.51,54.53,50000000.0,50000000.0,0,0,0,0,0,0,0,0,0,0,0,0,0,0,0,0,0,0,0,0,0,0,0,0,0,0,475,2026-02-07 01:55:59.186999
TGX,45.19,45.18,45.2,50000000.0,50000000.0,0,0,0,0,0,0,0,0,0,0,0,0,0,0,0,0,0,0,0,0,0,0,0,0,0,0,476,2026-02-07 01:56:00.280714
PHR,50.39,50.38,50.4,50000000.0,50000000.0,0,0,0,0,0,0,0,0,0,0,0,0,0,0,0,0,0,0,0,0,0,0,0,0,0,0,476,2026-02-07 01:56:00.280714
BYL,49.86,49.85,49.87,50000000.0,50000000.0,0,0,0,0,0,0,0,0,0,0,0,0,0,0,0,0,0,0,0,0,0,0,0,0,0,0,476,2026-02-07 01:56:00.280714
CLD,80.34,80.33,80.35,50000000.0,50000000.0,0,0,0,0,0,0,0,0,0,0,0,0,0,0,0,0,0,0,0,0,0,0,0,0,0,0,476,2026-02-07 01:56:00.280714
GGD,40.61,40.6,40.62,50000000.0,50000000.0,0,0,0,0,0,0,0,0,0,0,0,0,0,0,0,0,0,0,0,0,0,0,0,0,0,0,476,2026-02-07 01:56:00.280714
PNR,60.4,60.39,60.41,50000000.0,50000000.0,0,0,0,0,0,0,0,0,0,0,0,0,0,0,0,0,0,0,0,0,0,0,0,0,0,0,476,2026-02-07 01:56:00.280714
FSR,37.95,37.94,37.96,50000000.0,50000000.0,0,0,0,0,0,0,0,0,0,0,0,0,0,0,0,0,0,0,0,0,0,0,0,0,0,0,476,2026-02-07 01:56:00.280714
ATB,57.32,57.31,57.33,50000000.0,50000000.0,0,0,0,0,0,0,0,0,0,0,0,0,0,0,0,0,0,0,0,0,0,0,0,0,0,0,476,2026-02-07 01:56:00.280714
SPK,57.66,57.65,57.67,50000000.0,50000000.0,0,0,0,0,0,0,0,0,0,0,0,0,0,0,0,0,0,0,0,0,0,0,0,0,0,0,476,2026-02-07 01:56:00.280714
EEC,54.28,54.27,54.29,50000000.0,50000000.0,0,0,0,0,0,0,0,0,0,0,0,0,0,0,0,0,0,0,0,0,0,0,0,0,0,0,476,2026-02-07 01:56:00.280714
TGX,45.15,45.14,45.16,50000000.0,50000000.0,0,0,0,0,0,0,0,0,0,0,0,0,0,0,0,0,0,0,0,0,0,0,0,0,0,0,477,2026-02-07 01:56:01.358046
PHR,50.61,50.6,50.62,50000000.0,50000000.0,0,0,0,0,0,0,0,0,0,0,0,0,0,0,0,0,0,0,0,0,0,0,0,0,0,0,477,2026-02-07 01:56:01.358046
BYL,49.92,49.91,49.93,50000000.0,50000000.0,0,0,0,0,0,0,0,0,0,0,0,0,0,0,0,0,0,0,0,0,0,0,0,0,0,0,477,2026-02-07 01:56:01.358046
CLD,80.53,80.52,80.54,50000000.0,50000000.0,0,0,0,0,0,0,0,0,0,0,0,0,0,0,0,0,0,0,0,0,0,0,0,0,0,0,477,2026-02-07 01:56:01.358046
GGD,40.62,40.61,40.63,50000000.0,50000000.0,0,0,0,0,0,0,0,0,0,0,0,0,0,0,0,0,0,0,0,0,0,0,0,0,0,0,477,2026-02-07 01:56:01.358046
PNR,60.27,60.26,60.28,50000000.0,50000000.0,0,0,0,0,0,0,0,0,0,0,0,0,0,0,0,0,0,0,0,0,0,0,0,0,0,0,477,2026-02-07 01:56:01.358046
FSR,37.93,37.92,37.94,50000000.0,50000000.0,0,0,0,0,0,0,0,0,0,0,0,0,0,0,0,0,0,0,0,0,0,0,0,0,0,0,477,2026-02-07 01:56:01.358046
ATB,57.3,57.29,57.31,50000000.0,50000000.0,0,0,0,0,0,0,0,0,0,0,0,0,0,0,0,0,0,0,0,0,0,0,0,0,0,0,477,2026-02-07 01:56:01.358046
SPK,57.69,57.68,57.7,50000000.0,50000000.0,0,0,0,0,0,0,0,0,0,0,0,0,0,0,0,0,0,0,0,0,0,0,0,0,0,0,477,2026-02-07 01:56:01.358046
EEC,54.31,54.3,54.32,50000000.0,50000000.0,0,0,0,0,0,0,0,0,0,0,0,0,0,0,0,0,0,0,0,0,0,0,0,0,0,0,477,2026-02-07 01:56:01.358046
TGX,45.19,45.18,45.2,50000000.0,50000000.0,0,0,0,0,0,0,0,0,0,0,0,0,0,0,0,0,0,0,0,0,0,0,0,0,0,0,478,2026-02-07 01:56:02.409302
PHR,50.57,50.56,50.58,50000000.0,50000000.0,0,0,0,0,0,0,0,0,0,0,0,0,0,0,0,0,0,0,0,0,0,0,0,0,0,0,478,2026-02-07 01:56:02.409302
BYL,50.1,50.09,50.11,50000000.0,50000000.0,0,0,0,0,0,0,0,0,0,0,0,0,0,0,0,0,0,0,0,0,0,0,0,0,0,0,478,2026-02-07 01:56:02.409302
CLD,80.78,80.77,80.79,50000000.0,50000000.0,0,0,0,0,0,0,0,0,0,0,0,0,0,0,0,0,0,0,0,0,0,0,0,0,0,0,478,2026-02-07 01:56:02.409302
GGD,40.51,40.5,40.52,50000000.0,50000000.0,0,0,0,0,0,0,0,0,0,0,0,0,0,0,0,0,0,0,0,0,0,0,0,0,0,0,478,2026-02-07 01:56:02.409302
PNR,60.18,60.17,60.19,50000000.0,50000000.0,0,0,0,0,0,0,0,0,0,0,0,0,0,0,0,0,0,0,0,0,0,0,0,0,0,0,478,2026-02-07 01:56:02.409302
FSR,37.98,37.97,37.99,50000000.0,50000000.0,0,0,0,0,0,0,0,0,0,0,0,0,0,0,0,0,0,0,0,0,0,0,0,0,0,0,478,2026-02-07 01:56:02.409302
ATB,57.19,57.18,57.2,50000000.0,50000000.0,0,0,0,0,0,0,0,0,0,0,0,0,0,0,0,0,0,0,0,0,0,0,0,0,0,0,478,2026-02-07 01:56:02.409302
SPK,57.82,57.81,57.83,50000000.0,50000000.0,0,0,0,0,0,0,0,0,0,0,0,0,0,0,0,0,0,0,0,0,0,0,0,0,0,0,478,2026-02-07 01:56:02.409302
EEC,54.5,54.49,54.51,50000000.0,50000000.0,0,0,0,0,0,0,0,0,0,0,0,0,0,0,0,0,0,0,0,0,0,0,0,0,0,0,478,2026-02-07 01:56:02.409302
TGX,45.22,45.21,45.23,50000000.0,50000000.0,0,0,0,0,0,0,0,0,0,0,0,0,0,0,0,0,0,0,0,0,0,0,0,0,0,0,479,2026-02-07 01:56:03.454336
PHR,50.64,50.63,50.65,50000000.0,50000000.0,0,0,0,0,0,0,0,0,0,0,0,0,0,0,0,0,0,0,0,0,0,0,0,0,0,0,479,2026-02-07 01:56:03.454336
BYL,50.63,50.62,50.64,50000000.0,50000000.0,0,0,0,0,0,0,0,0,0,0,0,0,0,0,0,0,0,0,0,0,0,0,0,0,0,0,479,2026-02-07 01:56:03.454336
CLD,81.8,81.79,81.81,50000000.0,50000000.0,0,0,0,0,0,0,0,0,0,0,0,0,0,0,0,0,0,0,0,0,0,0,0,0,0,0,479,2026-02-07 01:56:03.454336
GGD,40.58,40.57,40.59,50000000.0,50000000.0,0,0,0,0,0,0,0,0,0,0,0,0,0,0,0,0,0,0,0,0,0,0,0,0,0,0,479,2026-02-07 01:56:03.454336
PNR,60.39,60.38,60.4,50000000.0,50000000.0,0,0,0,0,0,0,0,0,0,0,0,0,0,0,0,0,0,0,0,0,0,0,0,0,0,0,479,2026-02-07 01:56:03.454336
FSR,38.05,38.04,38.06,50000000.0,50000000.0,0,0,0,0,0,0,0,0,0,0,0,0,0,0,0,0,0,0,0,0,0,0,0,0,0,0,479,2026-02-07 01:56:03.454336
ATB,57.23,57.22,57.24,50000000.0,50000000.0,0,0,0,0,0,0,0,0,0,0,0,0,0,0,0,0,0,0,0,0,0,0,0,0,0,0,479,2026-02-07 01:56:03.454336
SPK,57.87,57.86,57.88,50000000.0,50000000.0,0,0,0,0,0,0,0,0,0,0,0,0,0,0,0,0,0,0,0,0,0,0,0,0,0,0,479,2026-02-07 01:56:03.454336
EEC,54.6,54.59,54.61,50000000.0,50000000.0,0,0,0,0,0,0,0,0,0,0,0,0,0,0,0,0,0,0,0,0,0,0,0,0,0,0,479,2026-02-07 01:56:03.454336
TGX,45.23,45.22,45.24,50000000.0,50000000.0,0,0,0,0,0,0,0,0,0,0,0,0,0,0,0,0,0,0,0,0,0,0,0,0,0,0,480,2026-02-07 01:56:04.503844
PHR,50.74,50.73,50.75,50000000.0,50000000.0,0,0,0,0,0,0,0,0,0,0,0,0,0,0,0,0,0,0,0,0,0,0,0,0,0,0,480,2026-02-07 01:56:04.503844
BYL,50.9,50.89,50.91,50000000.0,50000000.0,0,0,0,0,0,0,0,0,0,0,0,0,0,0,0,0,0,0,0,0,0,0,0,0,0,0,480,2026-02-07 01:56:04.503844
CLD,82.28,82.27,82.29,50000000.0,50000000.0,0,0,0,0,0,0,0,0,0,0,0,0,0,0,0,0,0,0,0,0,0,0,0,0,0,0,480,2026-02-07 01:56:04.503844
GGD,40.63,40.62,40.64,50000000.0,50000000.0,0,0,0,0,0,0,0,0,0,0,0,0,0,0,0,0,0,0,0,0,0,0,0,0,0,0,480,2026-02-07 01:56:04.503844
PNR,60.55,60.54,60.56,50000000.0,50000000.0,0,0,0,0,0,0,0,0,0,0,0,0,0,0,0,0,0,0,0,0,0,0,0,0,0,0,480,2026-02-07 01:56:04.503844
FSR,38.12,38.11,38.13,50000000.0,50000000.0,0,0,0,0,0,0,0,0,0,0,0,0,0,0,0,0,0,0,0,0,0,0,0,0,0,0,480,2026-02-07 01:56:04.503844
ATB,57.14,57.13,57.15,50000000.0,50000000.0,0,0,0,0,0,0,0,0,0,0,0,0,0,0,0,0,0,0,0,0,0,0,0,0,0,0,480,2026-02-07 01:56:04.503844
SPK,57.69,57.68,57.7,50000000.0,50000000.0,0,0,0,0,0,0,0,0,0,0,0,0,0,0,0,0,0,0,0,0,0,0,0,0,0,0,480,2026-02-07 01:56:04.503844
EEC,54.31,54.3,54.32,50000000.0,50000000.0,0,0,0,0,0,0,0,0,0,0,0,0,0,0,0,0,0,0,0,0,0,0,0,0,0,0,480,2026-02-07 01:56:04.503844
TGX,45.25,45.24,45.26,50000000.0,50000000.0,0,0,0,0,0,0,0,0,0,0,0,0,0,0,0,0,0,0,0,0,0,0,0,0,0,0,481,2026-02-07 01:56:05.548606
PHR,51.0,50.99,51.01,50000000.0,50000000.0,0,0,0,0,0,0,0,0,0,0,0,0,0,0,0,0,0,0,0,0,0,0,0,0,0,0,481,2026-02-07 01:56:05.548606
BYL,51.16,51.15,51.17,50000000.0,50000000.0,0,0,0,0,0,0,0,0,0,0,0,0,0,0,0,0,0,0,0,0,0,0,0,0,0,0,481,2026-02-07 01:56:05.548606
CLD,82.79,82.78,82.8,50000000.0,50000000.0,0,0,0,0,0,0,0,0,0,0,0,0,0,0,0,0,0,0,0,0,0,0,0,0,0,0,481,2026-02-07 01:56:05.548606
GGD,40.6,40.59,40.61,50000000.0,50000000.0,0,0,0,0,0,0,0,0,0,0,0,0,0,0,0,0,0,0,0,0,0,0,0,0,0,0,481,2026-02-07 01:56:05.548606
PNR,60.8,60.79,60.81,50000000.0,50000000.0,0,0,0,0,0,0,0,0,0,0,0,0,0,0,0,0,0,0,0,0,0,0,0,0,0,0,481,2026-02-07 01:56:05.548606
FSR,38.16,38.15,38.17,50000000.0,50000000.0,0,0,0,0,0,0,0,0,0,0,0,0,0,0,0,0,0,0,0,0,0,0,0,0,0,0,481,2026-02-07 01:56:05.548606
ATB,57.2,57.19,57.21,50000000.0,50000000.0,0,0,0,0,0,0,0,0,0,0,0,0,0,0,0,0,0,0,0,0,0,0,0,0,0,0,481,2026-02-07 01:56:05.548606
SPK,57.74,57.73,57.75,50000000.0,50000000.0,0,0,0,0,0,0,0,0,0,0,0,0,0,0,0,0,0,0,0,0,0,0,0,0,0,0,481,2026-02-07 01:56:05.548606
EEC,54.36,54.35,54.37,50000000.0,50000000.0,0,0,0,0,0,0,0,0,0,0,0,0,0,0,0,0,0,0,0,0,0,0,0,0,0,0,481,2026-02-07 01:56:05.548606
TGX,45.29,45.28,45.3,50000000.0,50000000.0,0,0,0,0,0,0,0,0,0,0,0,0,0,0,0,0,0,0,0,0,0,0,0,0,0,0,482,2026-02-07 01:56:06.605189
PHR,50.81,50.8,50.82,50000000.0,50000000.0,0,0,0,0,0,0,0,0,0,0,0,0,0,0,0,0,0,0,0,0,0,0,0,0,0,0,482,2026-02-07 01:56:06.605189
BYL,51.24,51.23,51.25,50000000.0,50000000.0,0,0,0,0,0,0,0,0,0,0,0,0,0,0,0,0,0,0,0,0,0,0,0,0,0,0,482,2026-02-07 01:56:06.605189
CLD,82.96,82.95,82.97,50000000.0,50000000.0,0,0,0,0,0,0,0,0,0,0,0,0,0,0,0,0,0,0,0,0,0,0,0,0,0,0,482,2026-02-07 01:56:06.605189
GGD,40.52,40.51,40.53,50000000.0,50000000.0,0,0,0,0,0,0,0,0,0,0,0,0,0,0,0,0,0,0,0,0,0,0,0,0,0,0,482,2026-02-07 01:56:06.605189
PNR,60.43,60.42,60.44,50000000.0,50000000.0,0,0,0,0,0,0,0,0,0,0,0,0,0,0,0,0,0,0,0,0,0,0,0,0,0,0,482,2026-02-07 01:56:06.605189
FSR,38.13,38.12,38.14,50000000.0,50000000.0,0,0,0,0,0,0,0,0,0,0,0,0,0,0,0,0,0,0,0,0,0,0,0,0,0,0,482,2026-02-07 01:56:06.605189
ATB,57.03,57.02,57.04,50000000.0,50000000.0,0,0,0,0,0,0,0,0,0,0,0,0,0,0,0,0,0,0,0,0,0,0,0,0,0,0,482,2026-02-07 01:56:06.605189
SPK,57.52,57.51,57.53,50000000.0,50000000.0,0,0,0,0,0,0,0,0,0,0,0,0,0,0,0,0,0,0,0,0,0,0,0,0,0,0,482,2026-02-07 01:56:06.605189
EEC,54.0,53.99,54.01,50000000.0,50000000.0,0,0,0,0,0,0,0,0,0,0,0,0,0,0,0,0,0,0,0,0,0,0,0,0,0,0,482,2026-02-07 01:56:06.605189
TGX,45.31,45.3,45.32,50000000.0,50000000.0,0,0,0,0,0,0,0,0,0,0,0,0,0,0,0,0,0,0,0,0,0,0,0,0,0,0,483,2026-02-07 01:56:07.655693
PHR,51.38,51.37,51.39,50000000.0,50000000.0,0,0,0,0,0,0,0,0,0,0,0,0,0,0,0,0,0,0,0,0,0,0,0,0,0,0,483,2026-02-07 01:56:07.655693
BYL,51.12,51.11,51.13,50000000.0,50000000.0,0,0,0,0,0,0,0,0,0,0,0,0,0,0,0,0,0,0,0,0,0,0,0,0,0,0,483,2026-02-07 01:56:07.655693
CLD,82.7,82.69,82.71,50000000.0,50000000.0,0,0,0,0,0,0,0,0,0,0,0,0,0,0,0,0,0,0,0,0,0,0,0,0,0,0,483,2026-02-07 01:56:07.655693
GGD,40.55,40.54,40.56,50000000.0,50000000.0,0,0,0,0,0,0,0,0,0,0,0,0,0,0,0,0,0,0,0,0,0,0,0,0,0,0,483,2026-02-07 01:56:07.655693
PNR,60.5,60.49,60.51,50000000.0,50000000.0,0,0,0,0,0,0,0,0,0,0,0,0,0,0,0,0,0,0,0,0,0,0,0,0,0,0,483,2026-02-07 01:56:07.655693
FSR,38.1,38.09,38.11,50000000.0,50000000.0,0,0,0,0,0,0,0,0,0,0,0,0,0,0,0,0,0,0,0,0,0,0,0,0,0,0,483,2026-02-07 01:56:07.655693
ATB,57.02,57.01,57.03,50000000.0,50000000.0,0,0,0,0,0,0,0,0,0,0,0,0,0,0,0,0,0,0,0,0,0,0,0,0,0,0,483,2026-02-07 01:56:07.655693
SPK,57.29,57.28,57.3,50000000.0,50000000.0,0,0,0,0,0,0,0,0,0,0,0,0,0,0,0,0,0,0,0,0,0,0,0,0,0,0,483,2026-02-07 01:56:07.655693
EEC,53.65,53.64,53.66,50000000.0,50000000.0,0,0,0,0,0,0,0,0,0,0,0,0,0,0,0,0,0,0,0,0,0,0,0,0,0,0,483,2026-02-07 01:56:07.655693
TGX,45.34,45.33,45.35,50000000.0,50000000.0,0,0,0,0,0,0,0,0,0,0,0,0,0,0,0,0,0,0,0,0,0,0,0,0,0,0,484,2026-02-07 01:56:08.701270
PHR,51.43,51.42,51.44,50000000.0,50000000.0,0,0,0,0,0,0,0,0,0,0,0,0,0,0,0,0,0,0,0,0,0,0,0,0,0,0,484,2026-02-07 01:56:08.701270
BYL,51.77,51.76,51.78,50000000.0,50000000.0,0,0,0,0,0,0,0,0,0,0,0,0,0,0,0,0,0,0,0,0,0,0,0,0,0,0,484,2026-02-07 01:56:08.701270
CLD,83.76,83.75,83.77,50000000.0,50000000.0,0,0,0,0,0,0,0,0,0,0,0,0,0,0,0,0,0,0,0,0,0,0,0,0,0,0,484,2026-02-07 01:56:08.701270
GGD,40.57,40.56,40.58,50000000.0,50000000.0,0,0,0,0,0,0,0,0,0,0,0,0,0,0,0,0,0,0,0,0,0,0,0,0,0,0,484,2026-02-07 01:56:08.701270
PNR,60.43,60.42,60.44,50000000.0,50000000.0,0,0,0,0,0,0,0,0,0,0,0,0,0,0,0,0,0,0,0,0,0,0,0,0,0,0,484,2026-02-07 01:56:08.701270
FSR,38.06,38.05,38.07,50000000.0,50000000.0,0,0,0,0,0,0,0,0,0,0,0,0,0,0,0,0,0,0,0,0,0,0,0,0,0,0,484,2026-02-07 01:56:08.701270
ATB,57.05,57.04,57.06,50000000.0,50000000.0,0,0,0,0,0,0,0,0,0,0,0,0,0,0,0,0,0,0,0,0,0,0,0,0,0,0,484,2026-02-07 01:56:08.701270
SPK,57.42,57.41,57.43,50000000.0,50000000.0,0,0,0,0,0,0,0,0,0,0,0,0,0,0,0,0,0,0,0,0,0,0,0,0,0,0,484,2026-02-07 01:56:08.701270
EEC,53.78,53.77,53.79,50000000.0,50000000.0,0,0,0,0,0,0,0,0,0,0,0,0,0,0,0,0,0,0,0,0,0,0,0,0,0,0,484,2026-02-07 01:56:08.701270
TGX,45.34,45.33,45.35,50000000.0,50000000.0,0,0,0,0,0,0,0,0,0,0,0,0,0,0,0,0,0,0,0,0,0,0,0,0,0,0,485,2026-02-07 01:56:09.252340
PHR,51.52,51.51,51.53,50000000.0,50000000.0,0,0,0,0,0,0,0,0,0,0,0,0,0,0,0,0,0,0,0,0,0,0,0,0,0,0,485,2026-02-07 01:56:09.252340
BYL,51.58,51.57,51.59,50000000.0,50000000.0,0,0,0,0,0,0,0,0,0,0,0,0,0,0,0,0,0,0,0,0,0,0,0,0,0,0,485,2026-02-07 01:56:09.252340
CLD,83.56,83.55,83.57,50000000.0,50000000.0,0,0,0,0,0,0,0,0,0,0,0,0,0,0,0,0,0,0,0,0,0,0,0,0,0,0,485,2026-02-07 01:56:09.252340
GGD,40.56,40.55,40.57,50000000.0,50000000.0,0,0,0,0,0,0,0,0,0,0,0,0,0,0,0,0,0,0,0,0,0,0,0,0,0,0,485,2026-02-07 01:56:09.252340
PNR,60.24,60.23,60.25,50000000.0,50000000.0,0,0,0,0,0,0,0,0,0,0,0,0,0,0,0,0,0,0,0,0,0,0,0,0,0,0,485,2026-02-07 01:56:09.252340
FSR,38.04,38.03,38.05,50000000.0,50000000.0,0,0,0,0,0,0,0,0,0,0,0,0,0,0,0,0,0,0,0,0,0,0,0,0,0,0,485,2026-02-07 01:56:09.252340
ATB,57.19,57.18,57.2,50000000.0,50000000.0,0,0,0,0,0,0,0,0,0,0,0,0,0,0,0,0,0,0,0,0,0,0,0,0,0,0,485,2026-02-07 01:56:09.252340
SPK,57.31,57.3,57.32,50000000.0,50000000.0,0,0,0,0,0,0,0,0,0,0,0,0,0,0,0,0,0,0,0,0,0,0,0,0,0,0,485,2026-02-07 01:56:09.252340
EEC,53.64,53.63,53.65,50000000.0,50000000.0,0,0,0,0,0,0,0,0,0,0,0,0,0,0,0,0,0,0,0,0,0,0,0,0,0,0,485,2026-02-07 01:56:09.252340
TGX,45.36,45.35,45.37,50000000.0,50000000.0,0,0,0,0,0,0,0,0,0,0,0,0,0,0,0,0,0,0,0,0,0,0,0,0,0,0,486,2026-02-07 01:56:10.306220
PHR,51.49,51.48,51.5,50000000.0,50000000.0,0,0,0,0,0,0,0,0,0,0,0,0,0,0,0,0,0,0,0,0,0,0,0,0,0,0,486,2026-02-07 01:56:10.306220
BYL,51.51,51.5,51.52,50000000.0,50000000.0,0,0,0,0,0,0,0,0,0,0,0,0,0,0,0,0,0,0,0,0,0,0,0,0,0,0,486,2026-02-07 01:56:10.306220
CLD,83.32,83.31,83.33,50000000.0,50000000.0,0,0,0,0,0,0,0,0,0,0,0,0,0,0,0,0,0,0,0,0,0,0,0,0,0,0,486,2026-02-07 01:56:10.306220
GGD,40.58,40.57,40.59,50000000.0,50000000.0,0,0,0,0,0,0,0,0,0,0,0,0,0,0,0,0,0,0,0,0,0,0,0,0,0,0,486,2026-02-07 01:56:10.306220
PNR,60.43,60.42,60.44,50000000.0,50000000.0,0,0,0,0,0,0,0,0,0,0,0,0,0,0,0,0,0,0,0,0,0,0,0,0,0,0,486,2026-02-07 01:56:10.306220
FSR,38.05,38.04,38.06,50000000.0,50000000.0,0,0,0,0,0,0,0,0,0,0,0,0,0,0,0,0,0,0,0,0,0,0,0,0,0,0,486,2026-02-07 01:56:10.306220
ATB,57.08,57.07,57.09,50000000.0,50000000.0,0,0,0,0,0,0,0,0,0,0,0,0,0,0,0,0,0,0,0,0,0,0,0,0,0,0,486,2026-02-07 01:56:10.306220
SPK,57.47,57.46,57.48,50000000.0,50000000.0,0,0,0,0,0,0,0,0,0,0,0,0,0,0,0,0,0,0,0,0,0,0,0,0,0,0,486,2026-02-07 01:56:10.306220
EEC,53.93,53.92,53.94,50000000.0,50000000.0,0,0,0,0,0,0,0,0,0,0,0,0,0,0,0,0,0,0,0,0,0,0,0,0,0,0,486,2026-02-07 01:56:10.306220
TGX,45.73,45.72,45.74,50000000.0,50000000.0,0,0,0,0,0,0,0,0,0,0,0,0,0,0,0,0,0,0,0,0,0,0,0,0,0,0,487,2026-02-07 01:56:11.360569
PHR,51.89,51.88,51.9,50000000.0,50000000.0,0,0,0,0,0,0,0,0,0,0,0,0,0,0,0,0,0,0,0,0,0,0,0,0,0,0,487,2026-02-07 01:56:11.360569
BYL,51.52,51.51,51.53,50000000.0,50000000.0,0,0,0,0,0,0,0,0,0,0,0,0,0,0,0,0,0,0,0,0,0,0,0,0,0,0,487,2026-02-07 01:56:11.360569
CLD,83.34,83.33,83.35,50000000.0,50000000.0,0,0,0,0,0,0,0,0,0,0,0,0,0,0,0,0,0,0,0,0,0,0,0,0,0,0,487,2026-02-07 01:56:11.360569
GGD,40.52,40.51,40.53,50000000.0,50000000.0,0,0,0,0,0,0,0,0,0,0,0,0,0,0,0,0,0,0,0,0,0,0,0,0,0,0,487,2026-02-07 01:56:11.360569
PNR,60.41,60.4,60.42,50000000.0,50000000.0,0,0,0,0,0,0,0,0,0,0,0,0,0,0,0,0,0,0,0,0,0,0,0,0,0,0,487,2026-02-07 01:56:11.360569
FSR,38.03,38.02,38.04,50000000.0,50000000.0,0,0,0,0,0,0,0,0,0,0,0,0,0,0,0,0,0,0,0,0,0,0,0,0,0,0,487,2026-02-07 01:56:11.360569
ATB,56.98,56.97,56.99,50000000.0,50000000.0,0,0,0,0,0,0,0,0,0,0,0,0,0,0,0,0,0,0,0,0,0,0,0,0,0,0,487,2026-02-07 01:56:11.360569
SPK,57.5,57.49,57.51,50000000.0,50000000.0,0,0,0,0,0,0,0,0,0,0,0,0,0,0,0,0,0,0,0,0,0,0,0,0,0,0,487,2026-02-07 01:56:11.360569
EEC,53.97,53.96,53.98,50000000.0,50000000.0,0,0,0,0,0,0,0,0,0,0,0,0,0,0,0,0,0,0,0,0,0,0,0,0,0,0,487,2026-02-07 01:56:11.360569
TGX,45.71,45.7,45.72,50000000.0,50000000.0,0,0,0,0,0,0,0,0,0,0,0,0,0,0,0,0,0,0,0,0,0,0,0,0,0,0,488,2026-02-07 01:56:12.399121
PHR,52.07,52.06,52.08,50000000.0,50000000.0,0,0,0,0,0,0,0,0,0,0,0,0,0,0,0,0,0,0,0,0,0,0,0,0,0,0,488,2026-02-07 01:56:12.399121
BYL,51.52,51.51,51.53,50000000.0,50000000.0,0,0,0,0,0,0,0,0,0,0,0,0,0,0,0,0,0,0,0,0,0,0,0,0,0,0,488,2026-02-07 01:56:12.399121
CLD,83.34,83.33,83.35,50000000.0,50000000.0,0,0,0,0,0,0,0,0,0,0,0,0,0,0,0,0,0,0,0,0,0,0,0,0,0,0,488,2026-02-07 01:56:12.399121
GGD,40.5,40.49,40.51,50000000.0,50000000.0,0,0,0,0,0,0,0,0,0,0,0,0,0,0,0,0,0,0,0,0,0,0,0,0,0,0,488,2026-02-07 01:56:12.399121
PNR,60.33,60.32,60.34,50000000.0,50000000.0,0,0,0,0,0,0,0,0,0,0,0,0,0,0,0,0,0,0,0,0,0,0,0,0,0,0,488,2026-02-07 01:56:12.399121
FSR,38.01,38.0,38.02,50000000.0,50000000.0,0,0,0,0,0,0,0,0,0,0,0,0,0,0,0,0,0,0,0,0,0,0,0,0,0,0,488,2026-02-07 01:56:12.399121
ATB,56.9,56.89,56.91,50000000.0,50000000.0,0,0,0,0,0,0,0,0,0,0,0,0,0,0,0,0,0,0,0,0,0,0,0,0,0,0,488,2026-02-07 01:56:12.399121
SPK,57.43,57.42,57.44,50000000.0,50000000.0,0,0,0,0,0,0,0,0,0,0,0,0,0,0,0,0,0,0,0,0,0,0,0,0,0,0,488,2026-02-07 01:56:12.399121
EEC,53.93,53.92,53.94,50000000.0,50000000.0,0,0,0,0,0,0,0,0,0,0,0,0,0,0,0,0,0,0,0,0,0,0,0,0,0,0,488,2026-02-07 01:56:12.399121
TGX,45.8,45.79,45.81,50000000.0,50000000.0,0,0,0,0,0,0,0,0,0,0,0,0,0,0,0,0,0,0,0,0,0,0,0,0,0,0,489,2026-02-07 01:56:13.442937
PHR,52.31,52.3,52.32,50000000.0,50000000.0,0,0,0,0,0,0,0,0,0,0,0,0,0,0,0,0,0,0,0,0,0,0,0,0,0,0,489,2026-02-07 01:56:13.442937
BYL,51.52,51.51,51.53,50000000.0,50000000.0,0,0,0,0,0,0,0,0,0,0,0,0,0,0,0,0,0,0,0,0,0,0,0,0,0,0,489,2026-02-07 01:56:13.442937
CLD,83.33,83.32,83.34,50000000.0,50000000.0,0,0,0,0,0,0,0,0,0,0,0,0,0,0,0,0,0,0,0,0,0,0,0,0,0,0,489,2026-02-07 01:56:13.442937
GGD,40.43,40.42,40.44,50000000.0,50000000.0,0,0,0,0,0,0,0,0,0,0,0,0,0,0,0,0,0,0,0,0,0,0,0,0,0,0,489,2026-02-07 01:56:13.442937
PNR,60.19,60.18,60.2,50000000.0,50000000.0,0,0,0,0,0,0,0,0,0,0,0,0,0,0,0,0,0,0,0,0,0,0,0,0,0,0,489,2026-02-07 01:56:13.442937
FSR,38.02,38.01,38.03,50000000.0,50000000.0,0,0,0,0,0,0,0,0,0,0,0,0,0,0,0,0,0,0,0,0,0,0,0,0,0,0,489,2026-02-07 01:56:13.442937
ATB,57.06,57.05,57.07,50000000.0,50000000.0,0,0,0,0,0,0,0,0,0,0,0,0,0,0,0,0,0,0,0,0,0,0,0,0,0,0,489,2026-02-07 01:56:13.442937
SPK,57.24,57.23,57.25,50000000.0,50000000.0,0,0,0,0,0,0,0,0,0,0,0,0,0,0,0,0,0,0,0,0,0,0,0,0,0,0,489,2026-02-07 01:56:13.442937
EEC,53.6,53.59,53.61,50000000.0,50000000.0,0,0,0,0,0,0,0,0,0,0,0,0,0,0,0,0,0,0,0,0,0,0,0,0,0,0,489,2026-02-07 01:56:13.442937
TGX,45.81,45.8,45.82,50000000.0,50000000.0,0,0,0,0,0,0,0,0,0,0,0,0,0,0,0,0,0,0,0,0,0,0,0,0,0,0,490,2026-02-07 01:56:14.498850
PHR,51.96,51.95,51.97,50000000.0,50000000.0,0,0,0,0,0,0,0,0,0,0,0,0,0,0,0,0,0,0,0,0,0,0,0,0,0,0,490,2026-02-07 01:56:14.498850
BYL,51.42,51.41,51.43,50000000.0,50000000.0,0,0,0,0,0,0,0,0,0,0,0,0,0,0,0,0,0,0,0,0,0,0,0,0,0,0,490,2026-02-07 01:56:14.498850
CLD,83.09,83.08,83.1,50000000.0,50000000.0,0,0,0,0,0,0,0,0,0,0,0,0,0,0,0,0,0,0,0,0,0,0,0,0,0,0,490,2026-02-07 01:56:14.498850
GGD,40.39,40.38,40.4,50000000.0,50000000.0,0,0,0,0,0,0,0,0,0,0,0,0,0,0,0,0,0,0,0,0,0,0,0,0,0,0,490,2026-02-07 01:56:14.498850
PNR,60.27,60.26,60.28,50000000.0,50000000.0,0,0,0,0,0,0,0,0,0,0,0,0,0,0,0,0,0,0,0,0,0,0,0,0,0,0,490,2026-02-07 01:56:14.498850
FSR,37.95,37.94,37.96,50000000.0,50000000.0,0,0,0,0,0,0,0,0,0,0,0,0,0,0,0,0,0,0,0,0,0,0,0,0,0,0,490,2026-02-07 01:56:14.498850
ATB,57.09,57.08,57.1,50000000.0,50000000.0,0,0,0,0,0,0,0,0,0,0,0,0,0,0,0,0,0,0,0,0,0,0,0,0,0,0,490,2026-02-07 01:56:14.498850
SPK,57.27,57.26,57.28,50000000.0,50000000.0,0,0,0,0,0,0,0,0,0,0,0,0,0,0,0,0,0,0,0,0,0,0,0,0,0,0,490,2026-02-07 01:56:14.498850
EEC,53.64,53.63,53.65,50000000.0,50000000.0,0,0,0,0,0,0,0,0,0,0,0,0,0,0,0,0,0,0,0,0,0,0,0,0,0,0,490,2026-02-07 01:56:14.498850
TGX,45.84,45.83,45.85,50000000.0,50000000.0,0,0,0,0,0,0,0,0,0,0,0,0,0,0,0,0,0,0,0,0,0,0,0,0,0,0,491,2026-02-07 01:56:15.555928
PHR,51.93,51.92,51.94,50000000.0,50000000.0,0,0,0,0,0,0,0,0,0,0,0,0,0,0,0,0,0,0,0,0,0,0,0,0,0,0,491,2026-02-07 01:56:15.555928
BYL,51.02,51.01,51.03,50000000.0,50000000.0,0,0,0,0,0,0,0,0,0,0,0,0,0,0,0,0,0,0,0,0,0,0,0,0,0,0,491,2026-02-07 01:56:15.555928
CLD,82.39,82.38,82.4,50000000.0,50000000.0,0,0,0,0,0,0,0,0,0,0,0,0,0,0,0,0,0,0,0,0,0,0,0,0,0,0,491,2026-02-07 01:56:15.555928
GGD,40.52,40.51,40.53,50000000.0,50000000.0,0,0,0,0,0,0,0,0,0,0,0,0,0,0,0,0,0,0,0,0,0,0,0,0,0,0,491,2026-02-07 01:56:15.555928
PNR,60.45,60.44,60.46,50000000.0,50000000.0,0,0,0,0,0,0,0,0,0,0,0,0,0,0,0,0,0,0,0,0,0,0,0,0,0,0,491,2026-02-07 01:56:15.555928
FSR,37.94,37.93,37.95,50000000.0,50000000.0,0,0,0,0,0,0,0,0,0,0,0,0,0,0,0,0,0,0,0,0,0,0,0,0,0,0,491,2026-02-07 01:56:15.555928
ATB,57.11,57.1,57.12,50000000.0,50000000.0,0,0,0,0,0,0,0,0,0,0,0,0,0,0,0,0,0,0,0,0,0,0,0,0,0,0,491,2026-02-07 01:56:15.555928
SPK,57.22,57.21,57.23,50000000.0,50000000.0,0,0,0,0,0,0,0,0,0,0,0,0,0,0,0,0,0,0,0,0,0,0,0,0,0,0,491,2026-02-07 01:56:15.555928
EEC,53.54,53.53,53.55,50000000.0,50000000.0,0,0,0,0,0,0,0,0,0,0,0,0,0,0,0,0,0,0,0,0,0,0,0,0,0,0,491,2026-02-07 01:56:15.555928
TGX,45.9,45.89,45.91,50000000.0,50000000.0,0,0,0,0,0,0,0,0,0,0,0,0,0,0,0,0,0,0,0,0,0,0,0,0,0,0,492,2026-02-07 01:56:16.606540
PHR,51.29,51.28,51.3,50000000.0,50000000.0,0,0,0,0,0,0,0,0,0,0,0,0,0,0,0,0,0,0,0,0,0,0,0,0,0,0,492,2026-02-07 01:56:16.606540
BYL,51.37,51.36,51.38,50000000.0,50000000.0,0,0,0,0,0,0,0,0,0,0,0,0,0,0,0,0,0,0,0,0,0,0,0,0,0,0,492,2026-02-07 01:56:16.606540
CLD,83.04,83.03,83.05,50000000.0,50000000.0,0,0,0,0,0,0,0,0,0,0,0,0,0,0,0,0,0,0,0,0,0,0,0,0,0,0,492,2026-02-07 01:56:16.606540
GGD,40.57,40.56,40.58,50000000.0,50000000.0,0,0,0,0,0,0,0,0,0,0,0,0,0,0,0,0,0,0,0,0,0,0,0,0,0,0,492,2026-02-07 01:56:16.606540
PNR,60.44,60.43,60.45,50000000.0,50000000.0,0,0,0,0,0,0,0,0,0,0,0,0,0,0,0,0,0,0,0,0,0,0,0,0,0,0,492,2026-02-07 01:56:16.606540
FSR,38.0,37.99,38.01,50000000.0,50000000.0,0,0,0,0,0,0,0,0,0,0,0,0,0,0,0,0,0,0,0,0,0,0,0,0,0,0,492,2026-02-07 01:56:16.606540
ATB,56.99,56.98,57.0,50000000.0,50000000.0,0,0,0,0,0,0,0,0,0,0,0,0,0,0,0,0,0,0,0,0,0,0,0,0,0,0,492,2026-02-07 01:56:16.606540
SPK,57.12,57.11,57.13,50000000.0,50000000.0,0,0,0,0,0,0,0,0,0,0,0,0,0,0,0,0,0,0,0,0,0,0,0,0,0,0,492,2026-02-07 01:56:16.606540
EEC,53.34,53.33,53.35,50000000.0,50000000.0,0,0,0,0,0,0,0,0,0,0,0,0,0,0,0,0,0,0,0,0,0,0,0,0,0,0,492,2026-02-07 01:56:16.606540
TGX,45.94,45.93,45.95,50000000.0,50000000.0,0,0,0,0,0,0,0,0,0,0,0,0,0,0,0,0,0,0,0,0,0,0,0,0,0,0,493,2026-02-07 01:56:17.657061
PHR,51.47,51.46,51.48,50000000.0,50000000.0,0,0,0,0,0,0,0,0,0,0,0,0,0,0,0,0,0,0,0,0,0,0,0,0,0,0,493,2026-02-07 01:56:17.657061
BYL,51.45,51.44,51.46,50000000.0,50000000.0,0,0,0,0,0,0,0,0,0,0,0,0,0,0,0,0,0,0,0,0,0,0,0,0,0,0,493,2026-02-07 01:56:17.657061
CLD,83.3,83.29,83.31,50000000.0,50000000.0,0,0,0,0,0,0,0,0,0,0,0,0,0,0,0,0,0,0,0,0,0,0,0,0,0,0,493,2026-02-07 01:56:17.657061
GGD,40.52,40.51,40.53,50000000.0,50000000.0,0,0,0,0,0,0,0,0,0,0,0,0,0,0,0,0,0,0,0,0,0,0,0,0,0,0,493,2026-02-07 01:56:17.657061
PNR,60.28,60.27,60.29,50000000.0,50000000.0,0,0,0,0,0,0,0,0,0,0,0,0,0,0,0,0,0,0,0,0,0,0,0,0,0,0,493,2026-02-07 01:56:17.657061
FSR,38.0,37.99,38.01,50000000.0,50000000.0,0,0,0,0,0,0,0,0,0,0,0,0,0,0,0,0,0,0,0,0,0,0,0,0,0,0,493,2026-02-07 01:56:17.657061
ATB,56.83,56.82,56.84,50000000.0,50000000.0,0,0,0,0,0,0,0,0,0,0,0,0,0,0,0,0,0,0,0,0,0,0,0,0,0,0,493,2026-02-07 01:56:17.657061
SPK,57.35,57.34,57.36,50000000.0,50000000.0,0,0,0,0,0,0,0,0,0,0,0,0,0,0,0,0,0,0,0,0,0,0,0,0,0,0,493,2026-02-07 01:56:17.657061
EEC,53.65,53.64,53.66,50000000.0,50000000.0,0,0,0,0,0,0,0,0,0,0,0,0,0,0,0,0,0,0,0,0,0,0,0,0,0,0,493,2026-02-07 01:56:17.657061
TGX,45.9,45.89,45.91,50000000.0,50000000.0,0,0,0,0,0,0,0,0,0,0,0,0,0,0,0,0,0,0,0,0,0,0,0,0,0,0,494,2026-02-07 01:56:18.694136
PHR,51.39,51.38,51.4,50000000.0,50000000.0,0,0,0,0,0,0,0,0,0,0,0,0,0,0,0,0,0,0,0,0,0,0,0,0,0,0,494,2026-02-07 01:56:18.694136
BYL,51.58,51.57,51.59,50000000.0,50000000.0,0,0,0,0,0,0,0,0,0,0,0,0,0,0,0,0,0,0,0,0,0,0,0,0,0,0,494,2026-02-07 01:56:18.694136
CLD,83.59,83.58,83.6,50000000.0,50000000.0,0,0,0,0,0,0,0,0,0,0,0,0,0,0,0,0,0,0,0,0,0,0,0,0,0,0,494,2026-02-07 01:56:18.694136
GGD,40.56,40.55,40.57,50000000.0,50000000.0,0,0,0,0,0,0,0,0,0,0,0,0,0,0,0,0,0,0,0,0,0,0,0,0,0,0,494,2026-02-07 01:56:18.694136
PNR,60.63,60.62,60.64,50000000.0,50000000.0,0,0,0,0,0,0,0,0,0,0,0,0,0,0,0,0,0,0,0,0,0,0,0,0,0,0,494,2026-02-07 01:56:18.694136
FSR,38.05,38.04,38.06,50000000.0,50000000.0,0,0,0,0,0,0,0,0,0,0,0,0,0,0,0,0,0,0,0,0,0,0,0,0,0,0,494,2026-02-07 01:56:18.694136
ATB,56.84,56.83,56.85,50000000.0,50000000.0,0,0,0,0,0,0,0,0,0,0,0,0,0,0,0,0,0,0,0,0,0,0,0,0,0,0,494,2026-02-07 01:56:18.694136
SPK,57.28,57.27,57.29,50000000.0,50000000.0,0,0,0,0,0,0,0,0,0,0,0,0,0,0,0,0,0,0,0,0,0,0,0,0,0,0,494,2026-02-07 01:56:18.694136
EEC,53.52,53.51,53.53,50000000.0,50000000.0,0,0,0,0,0,0,0,0,0,0,0,0,0,0,0,0,0,0,0,0,0,0,0,0,0,0,494,2026-02-07 01:56:18.694136
TGX,45.92,45.91,45.93,50000000.0,50000000.0,0,0,0,0,0,0,0,0,0,0,0,0,0,0,0,0,0,0,0,0,0,0,0,0,0,0,495,2026-02-07 01:56:19.731747
PHR,51.44,51.43,51.45,50000000.0,50000000.0,0,0,0,0,0,0,0,0,0,0,0,0,0,0,0,0,0,0,0,0,0,0,0,0,0,0,495,2026-02-07 01:56:19.731747
BYL,52.17,52.16,52.18,50000000.0,50000000.0,0,0,0,0,0,0,0,0,0,0,0,0,0,0,0,0,0,0,0,0,0,0,0,0,0,0,495,2026-02-07 01:56:19.731747
CLD,84.65,84.64,84.66,50000000.0,50000000.0,0,0,0,0,0,0,0,0,0,0,0,0,0,0,0,0,0,0,0,0,0,0,0,0,0,0,495,2026-02-07 01:56:19.731747
GGD,40.42,40.41,40.43,50000000.0,50000000.0,0,0,0,0,0,0,0,0,0,0,0,0,0,0,0,0,0,0,0,0,0,0,0,0,0,0,495,2026-02-07 01:56:19.731747
PNR,60.21,60.2,60.22,50000000.0,50000000.0,0,0,0,0,0,0,0,0,0,0,0,0,0,0,0,0,0,0,0,0,0,0,0,0,0,0,495,2026-02-07 01:56:19.731747
FSR,38.09,38.08,38.1,50000000.0,50000000.0,0,0,0,0,0,0,0,0,0,0,0,0,0,0,0,0,0,0,0,0,0,0,0,0,0,0,495,2026-02-07 01:56:19.731747
ATB,56.88,56.87,56.89,50000000.0,50000000.0,0,0,0,0,0,0,0,0,0,0,0,0,0,0,0,0,0,0,0,0,0,0,0,0,0,0,495,2026-02-07 01:56:19.731747
SPK,57.24,57.23,57.25,50000000.0,50000000.0,0,0,0,0,0,0,0,0,0,0,0,0,0,0,0,0,0,0,0,0,0,0,0,0,0,0,495,2026-02-07 01:56:19.731747
EEC,53.48,53.47,53.49,50000000.0,50000000.0,0,0,0,0,0,0,0,0,0,0,0,0,0,0,0,0,0,0,0,0,0,0,0,0,0,0,495,2026-02-07 01:56:19.731747
TGX,45.89,45.88,45.9,50000000.0,50000000.0,0,0,0,0,0,0,0,0,0,0,0,0,0,0,0,0,0,0,0,0,0,0,0,0,0,0,496,2026-02-07 01:56:20.772782
PHR,51.9,51.89,51.91,50000000.0,50000000.0,0,0,0,0,0,0,0,0,0,0,0,0,0,0,0,0,0,0,0,0,0,0,0,0,0,0,496,2026-02-07 01:56:20.772782
BYL,52.2,52.19,52.21,50000000.0,50000000.0,0,0,0,0,0,0,0,0,0,0,0,0,0,0,0,0,0,0,0,0,0,0,0,0,0,0,496,2026-02-07 01:56:20.772782
CLD,84.78,84.77,84.79,50000000.0,50000000.0,0,0,0,0,0,0,0,0,0,0,0,0,0,0,0,0,0,0,0,0,0,0,0,0,0,0,496,2026-02-07 01:56:20.772782
GGD,40.37,40.36,40.38,50000000.0,50000000.0,0,0,0,0,0,0,0,0,0,0,0,0,0,0,0,0,0,0,0,0,0,0,0,0,0,0,496,2026-02-07 01:56:20.772782
PNR,60.31,60.3,60.32,50000000.0,50000000.0,0,0,0,0,0,0,0,0,0,0,0,0,0,0,0,0,0,0,0,0,0,0,0,0,0,0,496,2026-02-07 01:56:20.772782
FSR,38.08,38.07,38.09,50000000.0,50000000.0,0,0,0,0,0,0,0,0,0,0,0,0,0,0,0,0,0,0,0,0,0,0,0,0,0,0,496,2026-02-07 01:56:20.772782
ATB,57.04,57.03,57.05,50000000.0,50000000.0,0,0,0,0,0,0,0,0,0,0,0,0,0,0,0,0,0,0,0,0,0,0,0,0,0,0,496,2026-02-07 01:56:20.772782
SPK,57.54,57.53,57.55,50000000.0,50000000.0,0,0,0,0,0,0,0,0,0,0,0,0,0,0,0,0,0,0,0,0,0,0,0,0,0,0,496,2026-02-07 01:56:20.772782
EEC,53.92,53.91,53.93,50000000.0,50000000.0,0,0,0,0,0,0,0,0,0,0,0,0,0,0,0,0,0,0,0,0,0,0,0,0,0,0,496,2026-02-07 01:56:20.772782
TGX,45.83,45.82,45.84,50000000.0,50000000.0,0,0,0,0,0,0,0,0,0,0,0,0,0,0,0,0,0,0,0,0,0,0,0,0,0,0,497,2026-02-07 01:56:21.820101
PHR,52.29,52.28,52.3,50000000.0,50000000.0,0,0,0,0,0,0,0,0,0,0,0,0,0,0,0,0,0,0,0,0,0,0,0,0,0,0,497,2026-02-07 01:56:21.820101
BYL,52.04,52.03,52.05,50000000.0,50000000.0,0,0,0,0,0,0,0,0,0,0,0,0,0,0,0,0,0,0,0,0,0,0,0,0,0,0,497,2026-02-07 01:56:21.820101
CLD,84.39,84.38,84.4,50000000.0,50000000.0,0,0,0,0,0,0,0,0,0,0,0,0,0,0,0,0,0,0,0,0,0,0,0,0,0,0,497,2026-02-07 01:56:21.820101
GGD,40.42,40.41,40.43,50000000.0,50000000.0,0,0,0,0,0,0,0,0,0,0,0,0,0,0,0,0,0,0,0,0,0,0,0,0,0,0,497,2026-02-07 01:56:21.820101
PNR,60.57,60.56,60.58,50000000.0,50000000.0,0,0,0,0,0,0,0,0,0,0,0,0,0,0,0,0,0,0,0,0,0,0,0,0,0,0,497,2026-02-07 01:56:21.820101
FSR,38.09,38.08,38.1,50000000.0,50000000.0,0,0,0,0,0,0,0,0,0,0,0,0,0,0,0,0,0,0,0,0,0,0,0,0,0,0,497,2026-02-07 01:56:21.820101
ATB,56.91,56.9,56.92,50000000.0,50000000.0,0,0,0,0,0,0,0,0,0,0,0,0,0,0,0,0,0,0,0,0,0,0,0,0,0,0,497,2026-02-07 01:56:21.820101
SPK,57.84,57.83,57.85,50000000.0,50000000.0,0,0,0,0,0,0,0,0,0,0,0,0,0,0,0,0,0,0,0,0,0,0,0,0,0,0,497,2026-02-07 01:56:21.820101
EEC,54.42,54.41,54.43,50000000.0,50000000.0,0,0,0,0,0,0,0,0,0,0,0,0,0,0,0,0,0,0,0,0,0,0,0,0,0,0,497,2026-02-07 01:56:21.820101
TGX,45.84,45.83,45.85,50000000.0,50000000.0,0,0,0,0,0,0,0,0,0,0,0,0,0,0,0,0,0,0,0,0,0,0,0,0,0,0,498,2026-02-07 01:56:22.359446
PHR,52.38,52.37,52.39,50000000.0,50000000.0,0,0,0,0,0,0,0,0,0,0,0,0,0,0,0,0,0,0,0,0,0,0,0,0,0,0,498,2026-02-07 01:56:22.359446
BYL,52.06,52.05,52.07,50000000.0,50000000.0,0,0,0,0,0,0,0,0,0,0,0,0,0,0,0,0,0,0,0,0,0,0,0,0,0,0,498,2026-02-07 01:56:22.359446
CLD,84.43,84.42,84.44,50000000.0,50000000.0,0,0,0,0,0,0,0,0,0,0,0,0,0,0,0,0,0,0,0,0,0,0,0,0,0,0,498,2026-02-07 01:56:22.359446
GGD,40.41,40.4,40.42,50000000.0,50000000.0,0,0,0,0,0,0,0,0,0,0,0,0,0,0,0,0,0,0,0,0,0,0,0,0,0,0,498,2026-02-07 01:56:22.359446
PNR,60.57,60.56,60.58,50000000.0,50000000.0,0,0,0,0,0,0,0,0,0,0,0,0,0,0,0,0,0,0,0,0,0,0,0,0,0,0,498,2026-02-07 01:56:22.359446
FSR,38.11,38.1,38.12,50000000.0,50000000.0,0,0,0,0,0,0,0,0,0,0,0,0,0,0,0,0,0,0,0,0,0,0,0,0,0,0,498,2026-02-07 01:56:22.359446
ATB,56.78,56.77,56.79,50000000.0,50000000.0,0,0,0,0,0,0,0,0,0,0,0,0,0,0,0,0,0,0,0,0,0,0,0,0,0,0,498,2026-02-07 01:56:22.359446
SPK,57.69,57.68,57.7,50000000.0,50000000.0,0,0,0,0,0,0,0,0,0,0,0,0,0,0,0,0,0,0,0,0,0,0,0,0,0,0,498,2026-02-07 01:56:22.359446
EEC,54.27,54.26,54.28,50000000.0,50000000.0,0,0,0,0,0,0,0,0,0,0,0,0,0,0,0,0,0,0,0,0,0,0,0,0,0,0,498,2026-02-07 01:56:22.359446
TGX,45.89,45.88,45.9,50000000.0,50000000.0,0,0,0,0,0,0,0,0,0,0,0,0,0,0,0,0,0,0,0,0,0,0,0,0,0,0,499,2026-02-07 01:56:23.401402
PHR,52.27,52.26,52.28,50000000.0,50000000.0,0,0,0,0,0,0,0,0,0,0,0,0,0,0,0,0,0,0,0,0,0,0,0,0,0,0,499,2026-02-07 01:56:23.401402
BYL,51.99,51.98,52.0,50000000.0,50000000.0,0,0,0,0,0,0,0,0,0,0,0,0,0,0,0,0,0,0,0,0,0,0,0,0,0,0,499,2026-02-07 01:56:23.401402
CLD,84.34,84.33,84.35,50000000.0,50000000.0,0,0,0,0,0,0,0,0,0,0,0,0,0,0,0,0,0,0,0,0,0,0,0,0,0,0,499,2026-02-07 01:56:23.401402
GGD,40.41,40.4,40.42,50000000.0,50000000.0,0,0,0,0,0,0,0,0,0,0,0,0,0,0,0,0,0,0,0,0,0,0,0,0,0,0,499,2026-02-07 01:56:23.401402
PNR,60.71,60.7,60.72,50000000.0,50000000.0,0,0,0,0,0,0,0,0,0,0,0,0,0,0,0,0,0,0,0,0,0,0,0,0,0,0,499,2026-02-07 01:56:23.401402
FSR,38.06,38.05,38.07,50000000.0,50000000.0,0,0,0,0,0,0,0,0,0,0,0,0,0,0,0,0,0,0,0,0,0,0,0,0,0,0,499,2026-02-07 01:56:23.401402
ATB,57.15,57.14,57.16,50000000.0,50000000.0,0,0,0,0,0,0,0,0,0,0,0,0,0,0,0,0,0,0,0,0,0,0,0,0,0,0,499,2026-02-07 01:56:23.401402
SPK,57.68,57.67,57.69,50000000.0,50000000.0,0,0,0,0,0,0,0,0,0,0,0,0,0,0,0,0,0,0,0,0,0,0,0,0,0,0,499,2026-02-07 01:56:23.401402
EEC,54.22,54.21,54.23,50000000.0,50000000.0,0,0,0,0,0,0,0,0,0,0,0,0,0,0,0,0,0,0,0,0,0,0,0,0,0,0,499,2026-02-07 01:56:23.401402
TGX,45.94,45.93,45.95,50000000.0,50000000.0,0,0,0,0,0,0,0,0,0,0,0,0,0,0,0,0,0,0,0,0,0,0,0,0,0,0,500,2026-02-07 01:56:24.441686
PHR,52.23,52.22,52.24,50000000.0,50000000.0,0,0,0,0,0,0,0,0,0,0,0,0,0,0,0,0,0,0,0,0,0,0,0,0,0,0,500,2026-02-07 01:56:24.441686
BYL,52.33,52.32,52.34,50000000.0,50000000.0,0,0,0,0,0,0,0,0,0,0,0,0,0,0,0,0,0,0,0,0,0,0,0,0,0,0,500,2026-02-07 01:56:24.441686
CLD,85.03,85.02,85.04,50000000.0,50000000.0,0,0,0,0,0,0,0,0,0,0,0,0,0,0,0,0,0,0,0,0,0,0,0,0,0,0,500,2026-02-07 01:56:24.441686
GGD,40.46,40.45,40.47,50000000.0,50000000.0,0,0,0,0,0,0,0,0,0,0,0,0,0,0,0,0,0,0,0,0,0,0,0,0,0,0,500,2026-02-07 01:56:24.441686
PNR,60.93,60.92,60.94,50000000.0,50000000.0,0,0,0,0,0,0,0,0,0,0,0,0,0,0,0,0,0,0,0,0,0,0,0,0,0,0,500,2026-02-07 01:56:24.441686
FSR,38.06,38.05,38.07,50000000.0,50000000.0,0,0,0,0,0,0,0,0,0,0,0,0,0,0,0,0,0,0,0,0,0,0,0,0,0,0,500,2026-02-07 01:56:24.441686
ATB,57.25,57.24,57.26,50000000.0,50000000.0,0,0,0,0,0,0,0,0,0,0,0,0,0,0,0,0,0,0,0,0,0,0,0,0,0,0,500,2026-02-07 01:56:24.441686
SPK,57.72,57.71,57.73,50000000.0,50000000.0,0,0,0,0,0,0,0,0,0,0,0,0,0,0,0,0,0,0,0,0,0,0,0,0,0,0,500,2026-02-07 01:56:24.441686
EEC,54.3,54.29,54.31,50000000.0,50000000.0,0,0,0,0,0,0,0,0,0,0,0,0,0,0,0,0,0,0,0,0,0,0,0,0,0,0,500,2026-02-07 01:56:24.441686
TGX,45.86,45.85,45.87,50000000.0,50000000.0,0,0,0,0,0,0,0,0,0,0,0,0,0,0,0,0,0,0,0,0,0,0,0,0,0,0,501,2026-02-07 01:56:25.486582
PHR,52.86,52.85,52.87,50000000.0,50000000.0,0,0,0,0,0,0,0,0,0,0,0,0,0,0,0,0,0,0,0,0,0,0,0,0,0,0,501,2026-02-07 01:56:25.486582
BYL,52.34,52.33,52.35,50000000.0,50000000.0,0,0,0,0,0,0,0,0,0,0,0,0,0,0,0,0,0,0,0,0,0,0,0,0,0,0,501,2026-02-07 01:56:25.486582
CLD,84.97,84.96,84.98,50000000.0,50000000.0,0,0,0,0,0,0,0,0,0,0,0,0,0,0,0,0,0,0,0,0,0,0,0,0,0,0,501,2026-02-07 01:56:25.486582
GGD,40.38,40.37,40.39,50000000.0,50000000.0,0,0,0,0,0,0,0,0,0,0,0,0,0,0,0,0,0,0,0,0,0,0,0,0,0,0,501,2026-02-07 01:56:25.486582
PNR,60.83,60.82,60.84,50000000.0,50000000.0,0,0,0,0,0,0,0,0,0,0,0,0,0,0,0,0,0,0,0,0,0,0,0,0,0,0,501,2026-02-07 01:56:25.486582
FSR,38.03,38.02,38.04,50000000.0,50000000.0,0,0,0,0,0,0,0,0,0,0,0,0,0,0,0,0,0,0,0,0,0,0,0,0,0,0,501,2026-02-07 01:56:25.486582
ATB,57.33,57.32,57.34,50000000.0,50000000.0,0,0,0,0,0,0,0,0,0,0,0,0,0,0,0,0,0,0,0,0,0,0,0,0,0,0,501,2026-02-07 01:56:25.486582
SPK,57.51,57.5,57.52,50000000.0,50000000.0,0,0,0,0,0,0,0,0,0,0,0,0,0,0,0,0,0,0,0,0,0,0,0,0,0,0,501,2026-02-07 01:56:25.486582
EEC,53.95,53.94,53.96,50000000.0,50000000.0,0,0,0,0,0,0,0,0,0,0,0,0,0,0,0,0,0,0,0,0,0,0,0,0,0,0,501,2026-02-07 01:56:25.486582
TGX,45.89,45.88,45.9,50000000.0,50000000.0,0,0,0,0,0,0,0,0,0,0,0,0,0,0,0,0,0,0,0,0,0,0,0,0,0,0,502,2026-02-07 01:56:26.534431
PHR,53.25,53.24,53.26,50000000.0,50000000.0,0,0,0,0,0,0,0,0,0,0,0,0,0,0,0,0,0,0,0,0,0,0,0,0,0,0,502,2026-02-07 01:56:26.534431
BYL,52.37,52.36,52.38,50000000.0,50000000.0,0,0,0,0,0,0,0,0,0,0,0,0,0,0,0,0,0,0,0,0,0,0,0,0,0,0,502,2026-02-07 01:56:26.534431
CLD,85.01,85.0,85.02,50000000.0,50000000.0,0,0,0,0,0,0,0,0,0,0,0,0,0,0,0,0,0,0,0,0,0,0,0,0,0,0,502,2026-02-07 01:56:26.534431
GGD,40.38,40.37,40.39,50000000.0,50000000.0,0,0,0,0,0,0,0,0,0,0,0,0,0,0,0,0,0,0,0,0,0,0,0,0,0,0,502,2026-02-07 01:56:26.534431
PNR,60.76,60.75,60.77,50000000.0,50000000.0,0,0,0,0,0,0,0,0,0,0,0,0,0,0,0,0,0,0,0,0,0,0,0,0,0,0,502,2026-02-07 01:56:26.534431
FSR,38.08,38.07,38.09,50000000.0,50000000.0,0,0,0,0,0,0,0,0,0,0,0,0,0,0,0,0,0,0,0,0,0,0,0,0,0,0,502,2026-02-07 01:56:26.534431
ATB,57.26,57.25,57.27,50000000.0,50000000.0,0,0,0,0,0,0,0,0,0,0,0,0,0,0,0,0,0,0,0,0,0,0,0,0,0,0,502,2026-02-07 01:56:26.534431
SPK,57.75,57.74,57.76,50000000.0,50000000.0,0,0,0,0,0,0,0,0,0,0,0,0,0,0,0,0,0,0,0,0,0,0,0,0,0,0,502,2026-02-07 01:56:26.534431
EEC,54.28,54.27,54.29,50000000.0,50000000.0,0,0,0,0,0,0,0,0,0,0,0,0,0,0,0,0,0,0,0,0,0,0,0,0,0,0,502,2026-02-07 01:56:26.534431
TGX,45.92,45.91,45.93,50000000.0,50000000.0,0,0,0,0,0,0,0,0,0,0,0,0,0,0,0,0,0,0,0,0,0,0,0,0,0,0,503,2026-02-07 01:56:27.583963
PHR,52.97,52.96,52.98,50000000.0,50000000.0,0,0,0,0,0,0,0,0,0,0,0,0,0,0,0,0,0,0,0,0,0,0,0,0,0,0,503,2026-02-07 01:56:27.583963
BYL,52.55,52.54,52.56,50000000.0,50000000.0,0,0,0,0,0,0,0,0,0,0,0,0,0,0,0,0,0,0,0,0,0,0,0,0,0,0,503,2026-02-07 01:56:27.583963
CLD,85.38,85.37,85.39,50000000.0,50000000.0,0,0,0,0,0,0,0,0,0,0,0,0,0,0,0,0,0,0,0,0,0,0,0,0,0,0,503,2026-02-07 01:56:27.583963
GGD,40.33,40.32,40.34,50000000.0,50000000.0,0,0,0,0,0,0,0,0,0,0,0,0,0,0,0,0,0,0,0,0,0,0,0,0,0,0,503,2026-02-07 01:56:27.583963
PNR,60.78,60.77,60.79,50000000.0,50000000.0,0,0,0,0,0,0,0,0,0,0,0,0,0,0,0,0,0,0,0,0,0,0,0,0,0,0,503,2026-02-07 01:56:27.583963
FSR,38.05,38.04,38.06,50000000.0,50000000.0,0,0,0,0,0,0,0,0,0,0,0,0,0,0,0,0,0,0,0,0,0,0,0,0,0,0,503,2026-02-07 01:56:27.583963
ATB,57.4,57.39,57.41,50000000.0,50000000.0,0,0,0,0,0,0,0,0,0,0,0,0,0,0,0,0,0,0,0,0,0,0,0,0,0,0,503,2026-02-07 01:56:27.583963
SPK,58.0,57.99,58.01,50000000.0,50000000.0,0,0,0,0,0,0,0,0,0,0,0,0,0,0,0,0,0,0,0,0,0,0,0,0,0,0,503,2026-02-07 01:56:27.583963
EEC,54.63,54.62,54.64,50000000.0,50000000.0,0,0,0,0,0,0,0,0,0,0,0,0,0,0,0,0,0,0,0,0,0,0,0,0,0,0,503,2026-02-07 01:56:27.583963
TGX,45.89,45.88,45.9,50000000.0,50000000.0,0,0,0,0,0,0,0,0,0,0,0,0,0,0,0,0,0,0,0,0,0,0,0,0,0,0,504,2026-02-07 01:56:28.633094
PHR,52.74,52.73,52.75,50000000.0,50000000.0,0,0,0,0,0,0,0,0,0,0,0,0,0,0,0,0,0,0,0,0,0,0,0,0,0,0,504,2026-02-07 01:56:28.633094
BYL,52.96,52.95,52.97,50000000.0,50000000.0,0,0,0,0,0,0,0,0,0,0,0,0,0,0,0,0,0,0,0,0,0,0,0,0,0,0,504,2026-02-07 01:56:28.633094
CLD,86.18,86.17,86.19,50000000.0,50000000.0,0,0,0,0,0,0,0,0,0,0,0,0,0,0,0,0,0,0,0,0,0,0,0,0,0,0,504,2026-02-07 01:56:28.633094
GGD,40.26,40.25,40.27,50000000.0,50000000.0,0,0,0,0,0,0,0,0,0,0,0,0,0,0,0,0,0,0,0,0,0,0,0,0,0,0,504,2026-02-07 01:56:28.633094
PNR,61.06,61.05,61.07,50000000.0,50000000.0,0,0,0,0,0,0,0,0,0,0,0,0,0,0,0,0,0,0,0,0,0,0,0,0,0,0,504,2026-02-07 01:56:28.633094
FSR,38.03,38.02,38.04,50000000.0,50000000.0,0,0,0,0,0,0,0,0,0,0,0,0,0,0,0,0,0,0,0,0,0,0,0,0,0,0,504,2026-02-07 01:56:28.633094
ATB,57.43,57.42,57.44,50000000.0,50000000.0,0,0,0,0,0,0,0,0,0,0,0,0,0,0,0,0,0,0,0,0,0,0,0,0,0,0,504,2026-02-07 01:56:28.633094
SPK,58.21,58.2,58.22,50000000.0,50000000.0,0,0,0,0,0,0,0,0,0,0,0,0,0,0,0,0,0,0,0,0,0,0,0,0,0,0,504,2026-02-07 01:56:28.633094
EEC,54.9,54.89,54.91,50000000.0,50000000.0,0,0,0,0,0,0,0,0,0,0,0,0,0,0,0,0,0,0,0,0,0,0,0,0,0,0,504,2026-02-07 01:56:28.633094
TGX,45.9,45.89,45.91,50000000.0,50000000.0,0,0,0,0,0,0,0,0,0,0,0,0,0,0,0,0,0,0,0,0,0,0,0,0,0,0,505,2026-02-07 01:56:29.678561
PHR,53.12,53.11,53.13,50000000.0,50000000.0,0,0,0,0,0,0,0,0,0,0,0,0,0,0,0,0,0,0,0,0,0,0,0,0,0,0,505,2026-02-07 01:56:29.678561
BYL,52.9,52.89,52.91,50000000.0,50000000.0,0,0,0,0,0,0,0,0,0,0,0,0,0,0,0,0,0,0,0,0,0,0,0,0,0,0,505,2026-02-07 01:56:29.678561
CLD,86.08,86.07,86.09,50000000.0,50000000.0,0,0,0,0,0,0,0,0,0,0,0,0,0,0,0,0,0,0,0,0,0,0,0,0,0,0,505,2026-02-07 01:56:29.678561
GGD,40.27,40.26,40.28,50000000.0,50000000.0,0,0,0,0,0,0,0,0,0,0,0,0,0,0,0,0,0,0,0,0,0,0,0,0,0,0,505,2026-02-07 01:56:29.678561
PNR,60.96,60.95,60.97,50000000.0,50000000.0,0,0,0,0,0,0,0,0,0,0,0,0,0,0,0,0,0,0,0,0,0,0,0,0,0,0,505,2026-02-07 01:56:29.678561
FSR,38.03,38.02,38.04,50000000.0,50000000.0,0,0,0,0,0,0,0,0,0,0,0,0,0,0,0,0,0,0,0,0,0,0,0,0,0,0,505,2026-02-07 01:56:29.678561
ATB,57.51,57.5,57.52,50000000.0,50000000.0,0,0,0,0,0,0,0,0,0,0,0,0,0,0,0,0,0,0,0,0,0,0,0,0,0,0,505,2026-02-07 01:56:29.678561
SPK,57.98,57.97,57.99,50000000.0,50000000.0,0,0,0,0,0,0,0,0,0,0,0,0,0,0,0,0,0,0,0,0,0,0,0,0,0,0,505,2026-02-07 01:56:29.678561
EEC,54.55,54.54,54.56,50000000.0,50000000.0,0,0,0,0,0,0,0,0,0,0,0,0,0,0,0,0,0,0,0,0,0,0,0,0,0,0,505,2026-02-07 01:56:29.678561
TGX,45.85,45.84,45.86,50000000.0,50000000.0,0,0,0,0,0,0,0,0,0,0,0,0,0,0,0,0,0,0,0,0,0,0,0,0,0,0,506,2026-02-07 01:56:30.730665
PHR,52.63,52.62,52.64,50000000.0,50000000.0,0,0,0,0,0,0,0,0,0,0,0,0,0,0,0,0,0,0,0,0,0,0,0,0,0,0,506,2026-02-07 01:56:30.730665
BYL,52.65,52.64,52.66,50000000.0,50000000.0,0,0,0,0,0,0,0,0,0,0,0,0,0,0,0,0,0,0,0,0,0,0,0,0,0,0,506,2026-02-07 01:56:30.730665
CLD,85.64,85.63,85.65,50000000.0,50000000.0,0,0,0,0,0,0,0,0,0,0,0,0,0,0,0,0,0,0,0,0,0,0,0,0,0,0,506,2026-02-07 01:56:30.730665
GGD,40.36,40.35,40.37,50000000.0,50000000.0,0,0,0,0,0,0,0,0,0,0,0,0,0,0,0,0,0,0,0,0,0,0,0,0,0,0,506,2026-02-07 01:56:30.730665
PNR,61.07,61.06,61.08,50000000.0,50000000.0,0,0,0,0,0,0,0,0,0,0,0,0,0,0,0,0,0,0,0,0,0,0,0,0,0,0,506,2026-02-07 01:56:30.730665
FSR,38.0,37.99,38.01,50000000.0,50000000.0,0,0,0,0,0,0,0,0,0,0,0,0,0,0,0,0,0,0,0,0,0,0,0,0,0,0,506,2026-02-07 01:56:30.730665
ATB,57.5,57.49,57.51,50000000.0,50000000.0,0,0,0,0,0,0,0,0,0,0,0,0,0,0,0,0,0,0,0,0,0,0,0,0,0,0,506,2026-02-07 01:56:30.730665
SPK,58.05,58.04,58.06,50000000.0,50000000.0,0,0,0,0,0,0,0,0,0,0,0,0,0,0,0,0,0,0,0,0,0,0,0,0,0,0,506,2026-02-07 01:56:30.730665
EEC,54.65,54.64,54.66,50000000.0,50000000.0,0,0,0,0,0,0,0,0,0,0,0,0,0,0,0,0,0,0,0,0,0,0,0,0,0,0,506,2026-02-07 01:56:30.730665
TGX,45.86,45.85,45.87,50000000.0,50000000.0,0,0,0,0,0,0,0,0,0,0,0,0,0,0,0,0,0,0,0,0,0,0,0,0,0,0,507,2026-02-07 01:56:31.777533
PHR,52.62,52.61,52.63,50000000.0,50000000.0,0,0,0,0,0,0,0,0,0,0,0,0,0,0,0,0,0,0,0,0,0,0,0,0,0,0,507,2026-02-07 01:56:31.777533
BYL,52.98,52.97,52.99,50000000.0,50000000.0,0,0,0,0,0,0,0,0,0,0,0,0,0,0,0,0,0,0,0,0,0,0,0,0,0,0,507,2026-02-07 01:56:31.777533
CLD,86.28,86.27,86.29,50000000.0,50000000.0,0,0,0,0,0,0,0,0,0,0,0,0,0,0,0,0,0,0,0,0,0,0,0,0,0,0,507,2026-02-07 01:56:31.777533
GGD,40.41,40.4,40.42,50000000.0,50000000.0,0,0,0,0,0,0,0,0,0,0,0,0,0,0,0,0,0,0,0,0,0,0,0,0,0,0,507,2026-02-07 01:56:31.777533
PNR,61.15,61.14,61.16,50000000.0,50000000.0,0,0,0,0,0,0,0,0,0,0,0,0,0,0,0,0,0,0,0,0,0,0,0,0,0,0,507,2026-02-07 01:56:31.777533
FSR,38.01,38.0,38.02,50000000.0,50000000.0,0,0,0,0,0,0,0,0,0,0,0,0,0,0,0,0,0,0,0,0,0,0,0,0,0,0,507,2026-02-07 01:56:31.777533
ATB,57.59,57.58,57.6,50000000.0,50000000.0,0,0,0,0,0,0,0,0,0,0,0,0,0,0,0,0,0,0,0,0,0,0,0,0,0,0,507,2026-02-07 01:56:31.777533
SPK,58.15,58.14,58.16,50000000.0,50000000.0,0,0,0,0,0,0,0,0,0,0,0,0,0,0,0,0,0,0,0,0,0,0,0,0,0,0,507,2026-02-07 01:56:31.777533
EEC,54.82,54.81,54.83,50000000.0,50000000.0,0,0,0,0,0,0,0,0,0,0,0,0,0,0,0,0,0,0,0,0,0,0,0,0,0,0,507,2026-02-07 01:56:31.777533
TGX,45.8,45.79,45.81,50000000.0,50000000.0,0,0,0,0,0,0,0,0,0,0,0,0,0,0,0,0,0,0,0,0,0,0,0,0,0,0,508,2026-02-07 01:56:32.813529
PHR,52.94,52.93,52.95,50000000.0,50000000.0,0,0,0,0,0,0,0,0,0,0,0,0,0,0,0,0,0,0,0,0,0,0,0,0,0,0,508,2026-02-07 01:56:32.813529
BYL,52.93,52.92,52.94,50000000.0,50000000.0,0,0,0,0,0,0,0,0,0,0,0,0,0,0,0,0,0,0,0,0,0,0,0,0,0,0,508,2026-02-07 01:56:32.813529
CLD,86.18,86.17,86.19,50000000.0,50000000.0,0,0,0,0,0,0,0,0,0,0,0,0,0,0,0,0,0,0,0,0,0,0,0,0,0,0,508,2026-02-07 01:56:32.813529
GGD,40.44,40.43,40.45,50000000.0,50000000.0,0,0,0,0,0,0,0,0,0,0,0,0,0,0,0,0,0,0,0,0,0,0,0,0,0,0,508,2026-02-07 01:56:32.813529
PNR,61.19,61.18,61.2,50000000.0,50000000.0,0,0,0,0,0,0,0,0,0,0,0,0,0,0,0,0,0,0,0,0,0,0,0,0,0,0,508,2026-02-07 01:56:32.813529
FSR,38.0,37.99,38.01,50000000.0,50000000.0,0,0,0,0,0,0,0,0,0,0,0,0,0,0,0,0,0,0,0,0,0,0,0,0,0,0,508,2026-02-07 01:56:32.813529
ATB,57.61,57.6,57.62,50000000.0,50000000.0,0,0,0,0,0,0,0,0,0,0,0,0,0,0,0,0,0,0,0,0,0,0,0,0,0,0,508,2026-02-07 01:56:32.813529
SPK,58.34,58.33,58.35,50000000.0,50000000.0,0,0,0,0,0,0,0,0,0,0,0,0,0,0,0,0,0,0,0,0,0,0,0,0,0,0,508,2026-02-07 01:56:32.813529
EEC,55.14,55.13,55.15,50000000.0,50000000.0,0,0,0,0,0,0,0,0,0,0,0,0,0,0,0,0,0,0,0,0,0,0,0,0,0,0,508,2026-02-07 01:56:32.813529
TGX,45.87,45.86,45.88,50000000.0,50000000.0,0,0,0,0,0,0,0,0,0,0,0,0,0,0,0,0,0,0,0,0,0,0,0,0,0,0,509,2026-02-07 01:56:33.853490
PHR,53.16,53.15,53.17,50000000.0,50000000.0,0,0,0,0,0,0,0,0,0,0,0,0,0,0,0,0,0,0,0,0,0,0,0,0,0,0,509,2026-02-07 01:56:33.853490
BYL,52.89,52.88,52.9,50000000.0,50000000.0,0,0,0,0,0,0,0,0,0,0,0,0,0,0,0,0,0,0,0,0,0,0,0,0,0,0,509,2026-02-07 01:56:33.853490
CLD,86.02,86.01,86.03,50000000.0,50000000.0,0,0,0,0,0,0,0,0,0,0,0,0,0,0,0,0,0,0,0,0,0,0,0,0,0,0,509,2026-02-07 01:56:33.853490
GGD,40.43,40.42,40.44,50000000.0,50000000.0,0,0,0,0,0,0,0,0,0,0,0,0,0,0,0,0,0,0,0,0,0,0,0,0,0,0,509,2026-02-07 01:56:33.853490
PNR,61.26,61.25,61.27,50000000.0,50000000.0,0,0,0,0,0,0,0,0,0,0,0,0,0,0,0,0,0,0,0,0,0,0,0,0,0,0,509,2026-02-07 01:56:33.853490
FSR,38.04,38.03,38.05,50000000.0,50000000.0,0,0,0,0,0,0,0,0,0,0,0,0,0,0,0,0,0,0,0,0,0,0,0,0,0,0,509,2026-02-07 01:56:33.853490
ATB,57.48,57.47,57.49,50000000.0,50000000.0,0,0,0,0,0,0,0,0,0,0,0,0,0,0,0,0,0,0,0,0,0,0,0,0,0,0,509,2026-02-07 01:56:33.853490
SPK,58.51,58.5,58.52,50000000.0,50000000.0,0,0,0,0,0,0,0,0,0,0,0,0,0,0,0,0,0,0,0,0,0,0,0,0,0,0,509,2026-02-07 01:56:33.853490
EEC,55.37,55.36,55.38,50000000.0,50000000.0,0,0,0,0,0,0,0,0,0,0,0,0,0,0,0,0,0,0,0,0,0,0,0,0,0,0,509,2026-02-07 01:56:33.853490
TGX,45.92,45.91,45.93,50000000.0,50000000.0,0,0,0,0,0,0,0,0,0,0,0,0,0,0,0,0,0,0,0,0,0,0,0,0,0,0,510,2026-02-07 01:56:34.405395
PHR,53.44,53.43,53.45,50000000.0,50000000.0,0,0,0,0,0,0,0,0,0,0,0,0,0,0,0,0,0,0,0,0,0,0,0,0,0,0,510,2026-02-07 01:56:34.405395
BYL,52.76,52.75,52.77,50000000.0,50000000.0,0,0,0,0,0,0,0,0,0,0,0,0,0,0,0,0,0,0,0,0,0,0,0,0,0,0,510,2026-02-07 01:56:34.405395
CLD,85.82,85.81,85.83,50000000.0,50000000.0,0,0,0,0,0,0,0,0,0,0,0,0,0,0,0,0,0,0,0,0,0,0,0,0,0,0,510,2026-02-07 01:56:34.405395
GGD,40.45,40.44,40.46,50000000.0,50000000.0,0,0,0,0,0,0,0,0,0,0,0,0,0,0,0,0,0,0,0,0,0,0,0,0,0,0,510,2026-02-07 01:56:34.405395
PNR,61.31,61.3,61.32,50000000.0,50000000.0,0,0,0,0,0,0,0,0,0,0,0,0,0,0,0,0,0,0,0,0,0,0,0,0,0,0,510,2026-02-07 01:56:34.405395
FSR,38.02,38.01,38.03,50000000.0,50000000.0,0,0,0,0,0,0,0,0,0,0,0,0,0,0,0,0,0,0,0,0,0,0,0,0,0,0,510,2026-02-07 01:56:34.405395
ATB,57.15,57.14,57.16,50000000.0,50000000.0,0,0,0,0,0,0,0,0,0,0,0,0,0,0,0,0,0,0,0,0,0,0,0,0,0,0,510,2026-02-07 01:56:34.405395
SPK,58.58,58.57,58.59,50000000.0,50000000.0,0,0,0,0,0,0,0,0,0,0,0,0,0,0,0,0,0,0,0,0,0,0,0,0,0,0,510,2026-02-07 01:56:34.405395
EEC,55.49,55.48,55.5,50000000.0,50000000.0,0,0,0,0,0,0,0,0,0,0,0,0,0,0,0,0,0,0,0,0,0,0,0,0,0,0,510,2026-02-07 01:56:34.405395
TGX,45.91,45.9,45.92,50000000.0,50000000.0,0,0,0,0,0,0,0,0,0,0,0,0,0,0,0,0,0,0,0,0,0,0,0,0,0,0,511,2026-02-07 01:56:35.457915
PHR,53.59,53.58,53.6,50000000.0,50000000.0,0,0,0,0,0,0,0,0,0,0,0,0,0,0,0,0,0,0,0,0,0,0,0,0,0,0,511,2026-02-07 01:56:35.457915
BYL,52.71,52.7,52.72,50000000.0,50000000.0,0,0,0,0,0,0,0,0,0,0,0,0,0,0,0,0,0,0,0,0,0,0,0,0,0,0,511,2026-02-07 01:56:35.457915
CLD,85.69,85.68,85.7,50000000.0,50000000.0,0,0,0,0,0,0,0,0,0,0,0,0,0,0,0,0,0,0,0,0,0,0,0,0,0,0,511,2026-02-07 01:56:35.457915
GGD,40.41,40.4,40.42,50000000.0,50000000.0,0,0,0,0,0,0,0,0,0,0,0,0,0,0,0,0,0,0,0,0,0,0,0,0,0,0,511,2026-02-07 01:56:35.457915
PNR,61.24,61.23,61.25,50000000.0,50000000.0,0,0,0,0,0,0,0,0,0,0,0,0,0,0,0,0,0,0,0,0,0,0,0,0,0,0,511,2026-02-07 01:56:35.457915
FSR,38.02,38.01,38.03,50000000.0,50000000.0,0,0,0,0,0,0,0,0,0,0,0,0,0,0,0,0,0,0,0,0,0,0,0,0,0,0,511,2026-02-07 01:56:35.457915
ATB,57.29,57.28,57.3,50000000.0,50000000.0,0,0,0,0,0,0,0,0,0,0,0,0,0,0,0,0,0,0,0,0,0,0,0,0,0,0,511,2026-02-07 01:56:35.457915
SPK,58.73,58.72,58.74,50000000.0,50000000.0,0,0,0,0,0,0,0,0,0,0,0,0,0,0,0,0,0,0,0,0,0,0,0,0,0,0,511,2026-02-07 01:56:35.457915
EEC,55.71,55.7,55.72,50000000.0,50000000.0,0,0,0,0,0,0,0,0,0,0,0,0,0,0,0,0,0,0,0,0,0,0,0,0,0,0,511,2026-02-07 01:56:35.457915
TGX,45.9,45.89,45.91,50000000.0,50000000.0,0,0,0,0,0,0,0,0,0,0,0,0,0,0,0,0,0,0,0,0,0,0,0,0,0,0,512,2026-02-07 01:56:36.518961
PHR,53.73,53.72,53.74,50000000.0,50000000.0,0,0,0,0,0,0,0,0,0,0,0,0,0,0,0,0,0,0,0,0,0,0,0,0,0,0,512,2026-02-07 01:56:36.518961
BYL,52.66,52.65,52.67,50000000.0,50000000.0,0,0,0,0,0,0,0,0,0,0,0,0,0,0,0,0,0,0,0,0,0,0,0,0,0,0,512,2026-02-07 01:56:36.518961
CLD,85.68,85.67,85.69,50000000.0,50000000.0,0,0,0,0,0,0,0,0,0,0,0,0,0,0,0,0,0,0,0,0,0,0,0,0,0,0,512,2026-02-07 01:56:36.518961
GGD,40.41,40.4,40.42,50000000.0,50000000.0,0,0,0,0,0,0,0,0,0,0,0,0,0,0,0,0,0,0,0,0,0,0,0,0,0,0,512,2026-02-07 01:56:36.518961
PNR,61.56,61.55,61.57,50000000.0,50000000.0,0,0,0,0,0,0,0,0,0,0,0,0,0,0,0,0,0,0,0,0,0,0,0,0,0,0,512,2026-02-07 01:56:36.518961
FSR,38.04,38.03,38.05,50000000.0,50000000.0,0,0,0,0,0,0,0,0,0,0,0,0,0,0,0,0,0,0,0,0,0,0,0,0,0,0,512,2026-02-07 01:56:36.518961
ATB,57.37,57.36,57.38,50000000.0,50000000.0,0,0,0,0,0,0,0,0,0,0,0,0,0,0,0,0,0,0,0,0,0,0,0,0,0,0,512,2026-02-07 01:56:36.518961
SPK,58.59,58.58,58.6,50000000.0,50000000.0,0,0,0,0,0,0,0,0,0,0,0,0,0,0,0,0,0,0,0,0,0,0,0,0,0,0,512,2026-02-07 01:56:36.518961
EEC,55.5,55.49,55.51,50000000.0,50000000.0,0,0,0,0,0,0,0,0,0,0,0,0,0,0,0,0,0,0,0,0,0,0,0,0,0,0,512,2026-02-07 01:56:36.518961
TGX,45.96,45.95,45.97,50000000.0,50000000.0,0,0,0,0,0,0,0,0,0,0,0,0,0,0,0,0,0,0,0,0,0,0,0,0,0,0,513,2026-02-07 01:56:37.571221
PHR,53.84,53.83,53.85,50000000.0,50000000.0,0,0,0,0,0,0,0,0,0,0,0,0,0,0,0,0,0,0,0,0,0,0,0,0,0,0,513,2026-02-07 01:56:37.571221
BYL,52.45,52.44,52.46,50000000.0,50000000.0,0,0,0,0,0,0,0,0,0,0,0,0,0,0,0,0,0,0,0,0,0,0,0,0,0,0,513,2026-02-07 01:56:37.571221
CLD,85.25,85.24,85.26,50000000.0,50000000.0,0,0,0,0,0,0,0,0,0,0,0,0,0,0,0,0,0,0,0,0,0,0,0,0,0,0,513,2026-02-07 01:56:37.571221
GGD,40.32,40.31,40.33,50000000.0,50000000.0,0,0,0,0,0,0,0,0,0,0,0,0,0,0,0,0,0,0,0,0,0,0,0,0,0,0,513,2026-02-07 01:56:37.571221
PNR,61.52,61.51,61.53,50000000.0,50000000.0,0,0,0,0,0,0,0,0,0,0,0,0,0,0,0,0,0,0,0,0,0,0,0,0,0,0,513,2026-02-07 01:56:37.571221
FSR,38.05,38.04,38.06,50000000.0,50000000.0,0,0,0,0,0,0,0,0,0,0,0,0,0,0,0,0,0,0,0,0,0,0,0,0,0,0,513,2026-02-07 01:56:37.571221
ATB,57.33,57.32,57.34,50000000.0,50000000.0,0,0,0,0,0,0,0,0,0,0,0,0,0,0,0,0,0,0,0,0,0,0,0,0,0,0,513,2026-02-07 01:56:37.571221
SPK,58.34,58.33,58.35,50000000.0,50000000.0,0,0,0,0,0,0,0,0,0,0,0,0,0,0,0,0,0,0,0,0,0,0,0,0,0,0,513,2026-02-07 01:56:37.571221
EEC,55.23,55.22,55.24,50000000.0,50000000.0,0,0,0,0,0,0,0,0,0,0,0,0,0,0,0,0,0,0,0,0,0,0,0,0,0,0,513,2026-02-07 01:56:37.571221
TGX,45.94,45.93,45.95,50000000.0,50000000.0,0,0,0,0,0,0,0,0,0,0,0,0,0,0,0,0,0,0,0,0,0,0,0,0,0,0,514,2026-02-07 01:56:38.615437
PHR,53.71,53.7,53.72,50000000.0,50000000.0,0,0,0,0,0,0,0,0,0,0,0,0,0,0,0,0,0,0,0,0,0,0,0,0,0,0,514,2026-02-07 01:56:38.615437
BYL,52.14,52.13,52.15,50000000.0,50000000.0,0,0,0,0,0,0,0,0,0,0,0,0,0,0,0,0,0,0,0,0,0,0,0,0,0,0,514,2026-02-07 01:56:38.615437
CLD,84.71,84.7,84.72,50000000.0,50000000.0,0,0,0,0,0,0,0,0,0,0,0,0,0,0,0,0,0,0,0,0,0,0,0,0,0,0,514,2026-02-07 01:56:38.615437
GGD,40.39,40.38,40.4,50000000.0,50000000.0,0,0,0,0,0,0,0,0,0,0,0,0,0,0,0,0,0,0,0,0,0,0,0,0,0,0,514,2026-02-07 01:56:38.615437
PNR,61.4,61.39,61.41,50000000.0,50000000.0,0,0,0,0,0,0,0,0,0,0,0,0,0,0,0,0,0,0,0,0,0,0,0,0,0,0,514,2026-02-07 01:56:38.615437
FSR,38.09,38.08,38.1,50000000.0,50000000.0,0,0,0,0,0,0,0,0,0,0,0,0,0,0,0,0,0,0,0,0,0,0,0,0,0,0,514,2026-02-07 01:56:38.615437
ATB,57.45,57.44,57.46,50000000.0,50000000.0,0,0,0,0,0,0,0,0,0,0,0,0,0,0,0,0,0,0,0,0,0,0,0,0,0,0,514,2026-02-07 01:56:38.615437
SPK,58.4,58.39,58.41,50000000.0,50000000.0,0,0,0,0,0,0,0,0,0,0,0,0,0,0,0,0,0,0,0,0,0,0,0,0,0,0,514,2026-02-07 01:56:38.615437
EEC,55.32,55.31,55.33,50000000.0,50000000.0,0,0,0,0,0,0,0,0,0,0,0,0,0,0,0,0,0,0,0,0,0,0,0,0,0,0,514,2026-02-07 01:56:38.615437
TGX,45.9,45.89,45.91,50000000.0,50000000.0,0,0,0,0,0,0,0,0,0,0,0,0,0,0,0,0,0,0,0,0,0,0,0,0,0,0,515,2026-02-07 01:56:39.653227
PHR,53.64,53.63,53.65,50000000.0,50000000.0,0,0,0,0,0,0,0,0,0,0,0,0,0,0,0,0,0,0,0,0,0,0,0,0,0,0,515,2026-02-07 01:56:39.653227
BYL,51.97,51.96,51.98,50000000.0,50000000.0,0,0,0,0,0,0,0,0,0,0,0,0,0,0,0,0,0,0,0,0,0,0,0,0,0,0,515,2026-02-07 01:56:39.653227
CLD,84.37,84.36,84.38,50000000.0,50000000.0,0,0,0,0,0,0,0,0,0,0,0,0,0,0,0,0,0,0,0,0,0,0,0,0,0,0,515,2026-02-07 01:56:39.653227
GGD,40.39,40.38,40.4,50000000.0,50000000.0,0,0,0,0,0,0,0,0,0,0,0,0,0,0,0,0,0,0,0,0,0,0,0,0,0,0,515,2026-02-07 01:56:39.653227
PNR,61.02,61.01,61.03,50000000.0,50000000.0,0,0,0,0,0,0,0,0,0,0,0,0,0,0,0,0,0,0,0,0,0,0,0,0,0,0,515,2026-02-07 01:56:39.653227
FSR,38.14,38.13,38.15,50000000.0,50000000.0,0,0,0,0,0,0,0,0,0,0,0,0,0,0,0,0,0,0,0,0,0,0,0,0,0,0,515,2026-02-07 01:56:39.653227
ATB,57.38,57.37,57.39,50000000.0,50000000.0,0,0,0,0,0,0,0,0,0,0,0,0,0,0,0,0,0,0,0,0,0,0,0,0,0,0,515,2026-02-07 01:56:39.653227
SPK,58.22,58.21,58.23,50000000.0,50000000.0,0,0,0,0,0,0,0,0,0,0,0,0,0,0,0,0,0,0,0,0,0,0,0,0,0,0,515,2026-02-07 01:56:39.653227
EEC,54.99,54.98,55.0,50000000.0,50000000.0,0,0,0,0,0,0,0,0,0,0,0,0,0,0,0,0,0,0,0,0,0,0,0,0,0,0,515,2026-02-07 01:56:39.653227
TGX,45.89,45.88,45.9,50000000.0,50000000.0,0,0,0,0,0,0,0,0,0,0,0,0,0,0,0,0,0,0,0,0,0,0,0,0,0,0,516,2026-02-07 01:56:40.698494,54.0,1.0,515.0,D3-GGD/PNR,Integration Planning Progresses,"Joint integration office established focusing on operations, systems, and organizational design."
PHR,53.71,53.7,53.72,50000000.0,50000000.0,0,0,0,0,0,0,0,0,0,0,0,0,0,0,0,0,0,0,0,0,0,0,0,0,0,0,516,2026-02-07 01:56:40.698494,,,,,,
BYL,52.14,52.13,52.15,50000000.0,50000000.0,0,0,0,0,0,0,0,0,0,0,0,0,0,0,0,0,0,0,0,0,0,0,0,0,0,0,516,2026-02-07 01:56:40.698494,,,,,,
CLD,84.69,84.68,84.7,50000000.0,50000000.0,0,0,0,0,0,0,0,0,0,0,0,0,0,0,0,0,0,0,0,0,0,0,0,0,0,0,516,2026-02-07 01:56:40.698494,,,,,,
GGD,40.43,40.42,40.44,50000000.0,50000000.0,0,0,0,0,0,0,0,0,0,0,0,0,0,0,0,0,0,0,0,0,0,0,0,0,0,0,516,2026-02-07 01:56:40.698494,,,,,,
PNR,60.8,60.79,60.81,50000000.0,50000000.0,0,0,0,0,0,0,0,0,0,0,0,0,0,0,0,0,0,0,0,0,0,0,0,0,0,0,516,2026-02-07 01:56:40.698494,,,,,,
FSR,38.11,38.1,38.12,50000000.0,50000000.0,0,0,0,0,0,0,0,0,0,0,0,0,0,0,0,0,0,0,0,0,0,0,0,0,0,0,516,2026-02-07 01:56:40.698494,,,,,,
ATB,57.65,57.64,57.66,50000000.0,50000000.0,0,0,0,0,0,0,0,0,0,0,0,0,0,0,0,0,0,0,0,0,0,0,0,0,0,0,516,2026-02-07 01:56:40.698494,,,,,,
SPK,58.3,58.29,58.31,50000000.0,50000000.0,0,0,0,0,0,0,0,0,0,0,0,0,0,0,0,0,0,0,0,0,0,0,0,0,0,0,516,2026-02-07 01:56:40.698494,,,,,,
EEC,55.05,55.04,55.06,50000000.0,50000000.0,0,0,0,0,0,0,0,0,0,0,0,0,0,0,0,0,0,0,0,0,0,0,0,0,0,0,516,2026-02-07 01:56:40.698494,,,,,,
TGX,45.96,45.95,45.97,50000000.0,50000000.0,0,0,0,0,0,0,0,0,0,0,0,0,0,0,0,0,0,0,0,0,0,0,0,0,0,0,517,2026-02-07 01:56:41.747605
PHR,53.78,53.77,53.79,50000000.0,50000000.0,0,0,0,0,0,0,0,0,0,0,0,0,0,0,0,0,0,0,0,0,0,0,0,0,0,0,517,2026-02-07 01:56:41.747605
BYL,52.74,52.73,52.75,50000000.0,50000000.0,0,0,0,0,0,0,0,0,0,0,0,0,0,0,0,0,0,0,0,0,0,0,0,0,0,0,517,2026-02-07 01:56:41.747605
CLD,85.79,85.78,85.8,50000000.0,50000000.0,0,0,0,0,0,0,0,0,0,0,0,0,0,0,0,0,0,0,0,0,0,0,0,0,0,0,517,2026-02-07 01:56:41.747605
GGD,40.43,40.42,40.44,50000000.0,50000000.0,0,0,0,0,0,0,0,0,0,0,0,0,0,0,0,0,0,0,0,0,0,0,0,0,0,0,517,2026-02-07 01:56:41.747605
PNR,60.76,60.75,60.77,50000000.0,50000000.0,0,0,0,0,0,0,0,0,0,0,0,0,0,0,0,0,0,0,0,0,0,0,0,0,0,0,517,2026-02-07 01:56:41.747605
FSR,38.07,38.06,38.08,50000000.0,50000000.0,0,0,0,0,0,0,0,0,0,0,0,0,0,0,0,0,0,0,0,0,0,0,0,0,0,0,517,2026-02-07 01:56:41.747605
ATB,57.71,57.7,57.72,50000000.0,50000000.0,0,0,0,0,0,0,0,0,0,0,0,0,0,0,0,0,0,0,0,0,0,0,0,0,0,0,517,2026-02-07 01:56:41.747605
SPK,58.48,58.47,58.49,50000000.0,50000000.0,0,0,0,0,0,0,0,0,0,0,0,0,0,0,0,0,0,0,0,0,0,0,0,0,0,0,517,2026-02-07 01:56:41.747605
EEC,55.3,55.29,55.31,50000000.0,50000000.0,0,0,0,0,0,0,0,0,0,0,0,0,0,0,0,0,0,0,0,0,0,0,0,0,0,0,517,2026-02-07 01:56:41.747605
TGX,45.96,45.95,45.97,50000000.0,50000000.0,0,0,0,0,0,0,0,0,0,0,0,0,0,0,0,0,0,0,0,0,0,0,0,0,0,0,518,2026-02-07 01:56:42.791307
PHR,53.52,53.51,53.53,50000000.0,50000000.0,0,0,0,0,0,0,0,0,0,0,0,0,0,0,0,0,0,0,0,0,0,0,0,0,0,0,518,2026-02-07 01:56:42.791307
BYL,52.72,52.71,52.73,50000000.0,50000000.0,0,0,0,0,0,0,0,0,0,0,0,0,0,0,0,0,0,0,0,0,0,0,0,0,0,0,518,2026-02-07 01:56:42.791307
CLD,85.72,85.71,85.73,50000000.0,50000000.0,0,0,0,0,0,0,0,0,0,0,0,0,0,0,0,0,0,0,0,0,0,0,0,0,0,0,518,2026-02-07 01:56:42.791307
GGD,40.38,40.37,40.39,50000000.0,50000000.0,0,0,0,0,0,0,0,0,0,0,0,0,0,0,0,0,0,0,0,0,0,0,0,0,0,0,518,2026-02-07 01:56:42.791307
PNR,60.78,60.77,60.79,50000000.0,50000000.0,0,0,0,0,0,0,0,0,0,0,0,0,0,0,0,0,0,0,0,0,0,0,0,0,0,0,518,2026-02-07 01:56:42.791307
FSR,38.08,38.07,38.09,50000000.0,50000000.0,0,0,0,0,0,0,0,0,0,0,0,0,0,0,0,0,0,0,0,0,0,0,0,0,0,0,518,2026-02-07 01:56:42.791307
ATB,57.87,57.86,57.88,50000000.0,50000000.0,0,0,0,0,0,0,0,0,0,0,0,0,0,0,0,0,0,0,0,0,0,0,0,0,0,0,518,2026-02-07 01:56:42.791307
SPK,58.52,58.51,58.53,50000000.0,50000000.0,0,0,0,0,0,0,0,0,0,0,0,0,0,0,0,0,0,0,0,0,0,0,0,0,0,0,518,2026-02-07 01:56:42.791307
EEC,55.37,55.36,55.38,50000000.0,50000000.0,0,0,0,0,0,0,0,0,0,0,0,0,0,0,0,0,0,0,0,0,0,0,0,0,0,0,518,2026-02-07 01:56:42.791307
TGX,45.95,45.94,45.96,50000000.0,50000000.0,0,0,0,0,0,0,0,0,0,0,0,0,0,0,0,0,0,0,0,0,0,0,0,0,0,0,519,2026-02-07 01:56:43.830209,55.0,1.0,518.0,D1-TGX/PHR,Key Employee Retention Agreements,"Pharmaco has entered into retention agreements with 15 key Targenix executives and scientists, reducing integration risk."
PHR,53.44,53.43,53.45,50000000.0,50000000.0,0,0,0,0,0,0,0,0,0,0,0,0,0,0,0,0,0,0,0,0,0,0,0,0,0,0,519,2026-02-07 01:56:43.830209,,,,,,
BYL,52.75,52.74,52.76,50000000.0,50000000.0,0,0,0,0,0,0,0,0,0,0,0,0,0,0,0,0,0,0,0,0,0,0,0,0,0,0,519,2026-02-07 01:56:43.830209,,,,,,
CLD,85.82,85.81,85.83,50000000.0,50000000.0,0,0,0,0,0,0,0,0,0,0,0,0,0,0,0,0,0,0,0,0,0,0,0,0,0,0,519,2026-02-07 01:56:43.830209,,,,,,
GGD,40.36,40.35,40.37,50000000.0,50000000.0,0,0,0,0,0,0,0,0,0,0,0,0,0,0,0,0,0,0,0,0,0,0,0,0,0,0,519,2026-02-07 01:56:43.830209,,,,,,
PNR,60.93,60.92,60.94,50000000.0,50000000.0,0,0,0,0,0,0,0,0,0,0,0,0,0,0,0,0,0,0,0,0,0,0,0,0,0,0,519,2026-02-07 01:56:43.830209,,,,,,
FSR,38.02,38.01,38.03,50000000.0,50000000.0,0,0,0,0,0,0,0,0,0,0,0,0,0,0,0,0,0,0,0,0,0,0,0,0,0,0,519,2026-02-07 01:56:43.830209,,,,,,
ATB,57.87,57.86,57.88,50000000.0,50000000.0,0,0,0,0,0,0,0,0,0,0,0,0,0,0,0,0,0,0,0,0,0,0,0,0,0,0,519,2026-02-07 01:56:43.830209,,,,,,
SPK,58.62,58.61,58.63,50000000.0,50000000.0,0,0,0,0,0,0,0,0,0,0,0,0,0,0,0,0,0,0,0,0,0,0,0,0,0,0,519,2026-02-07 01:56:43.830209,,,,,,
EEC,55.5,55.49,55.51,50000000.0,50000000.0,0,0,0,0,0,0,0,0,0,0,0,0,0,0,0,0,0,0,0,0,0,0,0,0,0,0,519,2026-02-07 01:56:43.830209,,,,,,
TGX,45.93,45.92,45.94,50000000.0,50000000.0,0,0,0,0,0,0,0,0,0,0,0,0,0,0,0,0,0,0,0,0,0,0,0,0,0,0,520,2026-02-07 01:56:44.884095,56.0,1.0,519.0,D4-FSR/ATB,Bank Credit Spreads Widen Sharply,Regional bank bond spreads widen 150bp on banking sector stress and deposit outflow concerns.
PHR,53.32,53.31,53.33,50000000.0,50000000.0,0,0,0,0,0,0,0,0,0,0,0,0,0,0,0,0,0,0,0,0,0,0,0,0,0,0,520,2026-02-07 01:56:44.884095,,,,,,
BYL,52.94,52.93,52.95,50000000.0,50000000.0,0,0,0,0,0,0,0,0,0,0,0,0,0,0,0,0,0,0,0,0,0,0,0,0,0,0,520,2026-02-07 01:56:44.884095,,,,,,
CLD,86.15,86.14,86.16,50000000.0,50000000.0,0,0,0,0,0,0,0,0,0,0,0,0,0,0,0,0,0,0,0,0,0,0,0,0,0,0,520,2026-02-07 01:56:44.884095,,,,,,
GGD,40.32,40.31,40.33,50000000.0,50000000.0,0,0,0,0,0,0,0,0,0,0,0,0,0,0,0,0,0,0,0,0,0,0,0,0,0,0,520,2026-02-07 01:56:44.884095,,,,,,
PNR,60.73,60.72,60.74,50000000.0,50000000.0,0,0,0,0,0,0,0,0,0,0,0,0,0,0,0,0,0,0,0,0,0,0,0,0,0,0,520,2026-02-07 01:56:44.884095,,,,,,
FSR,38.03,38.02,38.04,50000000.0,50000000.0,0,0,0,0,0,0,0,0,0,0,0,0,0,0,0,0,0,0,0,0,0,0,0,0,0,0,520,2026-02-07 01:56:44.884095,,,,,,
ATB,58.0,57.99,58.01,50000000.0,50000000.0,0,0,0,0,0,0,0,0,0,0,0,0,0,0,0,0,0,0,0,0,0,0,0,0,0,0,520,2026-02-07 01:56:44.884095,,,,,,
SPK,58.63,58.62,58.64,50000000.0,50000000.0,0,0,0,0,0,0,0,0,0,0,0,0,0,0,0,0,0,0,0,0,0,0,0,0,0,0,520,2026-02-07 01:56:44.884095,,,,,,
EEC,55.62,55.61,55.63,50000000.0,50000000.0,0,0,0,0,0,0,0,0,0,0,0,0,0,0,0,0,0,0,0,0,0,0,0,0,0,0,520,2026-02-07 01:56:44.884095,,,,,,
TGX,45.88,45.87,45.89,50000000.0,50000000.0,0,0,0,0,0,0,0,0,0,0,0,0,0,0,0,0,0,0,0,0,0,0,0,0,0,0,521,2026-02-07 01:56:45.935095
PHR,53.47,53.46,53.48,50000000.0,50000000.0,0,0,0,0,0,0,0,0,0,0,0,0,0,0,0,0,0,0,0,0,0,0,0,0,0,0,521,2026-02-07 01:56:45.935095
BYL,53.15,53.14,53.16,50000000.0,50000000.0,0,0,0,0,0,0,0,0,0,0,0,0,0,0,0,0,0,0,0,0,0,0,0,0,0,0,521,2026-02-07 01:56:45.935095
CLD,86.52,86.51,86.53,50000000.0,50000000.0,0,0,0,0,0,0,0,0,0,0,0,0,0,0,0,0,0,0,0,0,0,0,0,0,0,0,521,2026-02-07 01:56:45.935095
GGD,40.27,40.26,40.28,50000000.0,50000000.0,0,0,0,0,0,0,0,0,0,0,0,0,0,0,0,0,0,0,0,0,0,0,0,0,0,0,521,2026-02-07 01:56:45.935095
PNR,60.85,60.84,60.86,50000000.0,50000000.0,0,0,0,0,0,0,0,0,0,0,0,0,0,0,0,0,0,0,0,0,0,0,0,0,0,0,521,2026-02-07 01:56:45.935095
FSR,38.0,37.99,38.01,50000000.0,50000000.0,0,0,0,0,0,0,0,0,0,0,0,0,0,0,0,0,0,0,0,0,0,0,0,0,0,0,521,2026-02-07 01:56:45.935095
ATB,57.88,57.87,57.89,50000000.0,50000000.0,0,0,0,0,0,0,0,0,0,0,0,0,0,0,0,0,0,0,0,0,0,0,0,0,0,0,521,2026-02-07 01:56:45.935095
SPK,58.76,58.75,58.77,50000000.0,50000000.0,0,0,0,0,0,0,0,0,0,0,0,0,0,0,0,0,0,0,0,0,0,0,0,0,0,0,521,2026-02-07 01:56:45.935095
EEC,55.83,55.82,55.84,50000000.0,50000000.0,0,0,0,0,0,0,0,0,0,0,0,0,0,0,0,0,0,0,0,0,0,0,0,0,0,0,521,2026-02-07 01:56:45.935095
TGX,45.91,45.9,45.92,50000000.0,50000000.0,0,0,0,0,0,0,0,0,0,0,0,0,0,0,0,0,0,0,0,0,0,0,0,0,0,0,522,2026-02-07 01:56:46.517033
PHR,53.26,53.25,53.27,50000000.0,50000000.0,0,0,0,0,0,0,0,0,0,0,0,0,0,0,0,0,0,0,0,0,0,0,0,0,0,0,522,2026-02-07 01:56:46.517033
BYL,52.83,52.82,52.84,50000000.0,50000000.0,0,0,0,0,0,0,0,0,0,0,0,0,0,0,0,0,0,0,0,0,0,0,0,0,0,0,522,2026-02-07 01:56:46.517033
CLD,85.95,85.94,85.96,50000000.0,50000000.0,0,0,0,0,0,0,0,0,0,0,0,0,0,0,0,0,0,0,0,0,0,0,0,0,0,0,522,2026-02-07 01:56:46.517033
GGD,40.23,40.22,40.24,50000000.0,50000000.0,0,0,0,0,0,0,0,0,0,0,0,0,0,0,0,0,0,0,0,0,0,0,0,0,0,0,522,2026-02-07 01:56:46.517033
PNR,60.79,60.78,60.8,50000000.0,50000000.0,0,0,0,0,0,0,0,0,0,0,0,0,0,0,0,0,0,0,0,0,0,0,0,0,0,0,522,2026-02-07 01:56:46.517033
FSR,38.04,38.03,38.05,50000000.0,50000000.0,0,0,0,0,0,0,0,0,0,0,0,0,0,0,0,0,0,0,0,0,0,0,0,0,0,0,522,2026-02-07 01:56:46.517033
ATB,57.81,57.8,57.82,50000000.0,50000000.0,0,0,0,0,0,0,0,0,0,0,0,0,0,0,0,0,0,0,0,0,0,0,0,0,0,0,522,2026-02-07 01:56:46.517033
SPK,58.78,58.77,58.79,50000000.0,50000000.0,0,0,0,0,0,0,0,0,0,0,0,0,0,0,0,0,0,0,0,0,0,0,0,0,0,0,522,2026-02-07 01:56:46.517033
EEC,55.85,55.84,55.86,50000000.0,50000000.0,0,0,0,0,0,0,0,0,0,0,0,0,0,0,0,0,0,0,0,0,0,0,0,0,0,0,522,2026-02-07 01:56:46.517033
TGX,45.88,45.87,45.89,50000000.0,50000000.0,0,0,0,0,0,0,0,0,0,0,0,0,0,0,0,0,0,0,0,0,0,0,0,0,0,0,523,2026-02-07 01:56:47.591724
PHR,53.35,53.34,53.36,50000000.0,50000000.0,0,0,0,0,0,0,0,0,0,0,0,0,0,0,0,0,0,0,0,0,0,0,0,0,0,0,523,2026-02-07 01:56:47.591724
BYL,52.92,52.91,52.93,50000000.0,50000000.0,0,0,0,0,0,0,0,0,0,0,0,0,0,0,0,0,0,0,0,0,0,0,0,0,0,0,523,2026-02-07 01:56:47.591724
CLD,86.12,86.11,86.13,50000000.0,50000000.0,0,0,0,0,0,0,0,0,0,0,0,0,0,0,0,0,0,0,0,0,0,0,0,0,0,0,523,2026-02-07 01:56:47.591724
GGD,40.2,40.19,40.21,50000000.0,50000000.0,0,0,0,0,0,0,0,0,0,0,0,0,0,0,0,0,0,0,0,0,0,0,0,0,0,0,523,2026-02-07 01:56:47.591724
PNR,60.49,60.48,60.5,50000000.0,50000000.0,0,0,0,0,0,0,0,0,0,0,0,0,0,0,0,0,0,0,0,0,0,0,0,0,0,0,523,2026-02-07 01:56:47.591724
FSR,38.01,38.0,38.02,50000000.0,50000000.0,0,0,0,0,0,0,0,0,0,0,0,0,0,0,0,0,0,0,0,0,0,0,0,0,0,0,523,2026-02-07 01:56:47.591724
ATB,57.87,57.86,57.88,50000000.0,50000000.0,0,0,0,0,0,0,0,0,0,0,0,0,0,0,0,0,0,0,0,0,0,0,0,0,0,0,523,2026-02-07 01:56:47.591724
SPK,58.88,58.87,58.89,50000000.0,50000000.0,0,0,0,0,0,0,0,0,0,0,0,0,0,0,0,0,0,0,0,0,0,0,0,0,0,0,523,2026-02-07 01:56:47.591724
EEC,55.94,55.93,55.95,50000000.0,50000000.0,0,0,0,0,0,0,0,0,0,0,0,0,0,0,0,0,0,0,0,0,0,0,0,0,0,0,523,2026-02-07 01:56:47.591724
TGX,45.9,45.89,45.91,50000000.0,50000000.0,0,0,0,0,0,0,0,0,0,0,0,0,0,0,0,0,0,0,0,0,0,0,0,0,0,0,524,2026-02-07 01:56:48.641092
PHR,53.56,53.55,53.57,50000000.0,50000000.0,0,0,0,0,0,0,0,0,0,0,0,0,0,0,0,0,0,0,0,0,0,0,0,0,0,0,524,2026-02-07 01:56:48.641092
BYL,53.03,53.02,53.04,50000000.0,50000000.0,0,0,0,0,0,0,0,0,0,0,0,0,0,0,0,0,0,0,0,0,0,0,0,0,0,0,524,2026-02-07 01:56:48.641092
CLD,86.36,86.35,86.37,50000000.0,50000000.0,0,0,0,0,0,0,0,0,0,0,0,0,0,0,0,0,0,0,0,0,0,0,0,0,0,0,524,2026-02-07 01:56:48.641092
GGD,40.17,40.16,40.18,50000000.0,50000000.0,0,0,0,0,0,0,0,0,0,0,0,0,0,0,0,0,0,0,0,0,0,0,0,0,0,0,524,2026-02-07 01:56:48.641092
PNR,60.18,60.17,60.19,50000000.0,50000000.0,0,0,0,0,0,0,0,0,0,0,0,0,0,0,0,0,0,0,0,0,0,0,0,0,0,0,524,2026-02-07 01:56:48.641092
FSR,37.92,37.91,37.93,50000000.0,50000000.0,0,0,0,0,0,0,0,0,0,0,0,0,0,0,0,0,0,0,0,0,0,0,0,0,0,0,524,2026-02-07 01:56:48.641092
ATB,57.6,57.59,57.61,50000000.0,50000000.0,0,0,0,0,0,0,0,0,0,0,0,0,0,0,0,0,0,0,0,0,0,0,0,0,0,0,524,2026-02-07 01:56:48.641092
SPK,59.0,58.99,59.01,50000000.0,50000000.0,0,0,0,0,0,0,0,0,0,0,0,0,0,0,0,0,0,0,0,0,0,0,0,0,0,0,524,2026-02-07 01:56:48.641092
EEC,56.14,56.13,56.15,50000000.0,50000000.0,0,0,0,0,0,0,0,0,0,0,0,0,0,0,0,0,0,0,0,0,0,0,0,0,0,0,524,2026-02-07 01:56:48.641092
TGX,45.87,45.86,45.88,50000000.0,50000000.0,0,0,0,0,0,0,0,0,0,0,0,0,0,0,0,0,0,0,0,0,0,0,0,0,0,0,525,2026-02-07 01:56:49.691400,57.0,1.0,524.0,D2-BYL/CLD,EU Commission Requests Detailed Market Share Data,"European regulators have formally requested comprehensive market share analysis across all European cloud service markets, signaling heightened scrutiny of the proposed combination. The request covers revenue data, customer concentration metrics, and competitive overlap assessments across 12 member states. Industry observers note that such data requests typically precede more detailed Phase II investigations, though they can also lead to expedited clearance if the data alleviates concerns."
PHR,53.44,53.43,53.45,50000000.0,50000000.0,0,0,0,0,0,0,0,0,0,0,0,0,0,0,0,0,0,0,0,0,0,0,0,0,0,0,525,2026-02-07 01:56:49.691400,,,,,,
BYL,52.92,52.91,52.93,50000000.0,50000000.0,0,0,0,0,0,0,0,0,0,0,0,0,0,0,0,0,0,0,0,0,0,0,0,0,0,0,525,2026-02-07 01:56:49.691400,,,,,,
CLD,86.17,86.16,86.18,50000000.0,50000000.0,0,0,0,0,0,0,0,0,0,0,0,0,0,0,0,0,0,0,0,0,0,0,0,0,0,0,525,2026-02-07 01:56:49.691400,,,,,,
GGD,40.16,40.15,40.17,50000000.0,50000000.0,0,0,0,0,0,0,0,0,0,0,0,0,0,0,0,0,0,0,0,0,0,0,0,0,0,0,525,2026-02-07 01:56:49.691400,,,,,,
PNR,59.98,59.97,59.99,50000000.0,50000000.0,0,0,0,0,0,0,0,0,0,0,0,0,0,0,0,0,0,0,0,0,0,0,0,0,0,0,525,2026-02-07 01:56:49.691400,,,,,,
FSR,37.93,37.92,37.94,50000000.0,50000000.0,0,0,0,0,0,0,0,0,0,0,0,0,0,0,0,0,0,0,0,0,0,0,0,0,0,0,525,2026-02-07 01:56:49.691400,,,,,,
ATB,57.49,57.48,57.5,50000000.0,50000000.0,0,0,0,0,0,0,0,0,0,0,0,0,0,0,0,0,0,0,0,0,0,0,0,0,0,0,525,2026-02-07 01:56:49.691400,,,,,,
SPK,58.7,58.69,58.71,50000000.0,50000000.0,0,0,0,0,0,0,0,0,0,0,0,0,0,0,0,0,0,0,0,0,0,0,0,0,0,0,525,2026-02-07 01:56:49.691400,,,,,,
EEC,55.66,55.65,55.67,50000000.0,50000000.0,0,0,0,0,0,0,0,0,0,0,0,0,0,0,0,0,0,0,0,0,0,0,0,0,0,0,525,2026-02-07 01:56:49.691400,,,,,,
TGX,45.91,45.9,45.92,50000000.0,50000000.0,0,0,0,0,0,0,0,0,0,0,0,0,0,0,0,0,0,0,0,0,0,0,0,0,0,0,526,2026-02-07 01:56:50.754333,58.0,1.0,525.0,ALL,Investment Banking Activity Accelerates Across Sectors,"Global M&A advisory revenue has surged to its highest quarterly level in three years, driven by a wave of strategic transactions across technology, energy, and financial services. Bankers report that board confidence in deal execution has improved, with fewer transactions encountering financing difficulties or regulatory challenges than in the prior year. The increase in deal flow is broadly supportive of completion sentiment for pending transactions, as the healthy M&A environment reduces the likelihood of acquirer buyer's remorse and suggests sustained strategic rationale for consolidation."
PHR,53.71,53.7,53.72,50000000.0,50000000.0,0,0,0,0,0,0,0,0,0,0,0,0,0,0,0,0,0,0,0,0,0,0,0,0,0,0,526,2026-02-07 01:56:50.754333,,,,,,
BYL,53.2,53.19,53.21,50000000.0,50000000.0,0,0,0,0,0,0,0,0,0,0,0,0,0,0,0,0,0,0,0,0,0,0,0,0,0,0,526,2026-02-07 01:56:50.754333,,,,,,
CLD,86.72,86.71,86.73,50000000.0,50000000.0,0,0,0,0,0,0,0,0,0,0,0,0,0,0,0,0,0,0,0,0,0,0,0,0,0,0,526,2026-02-07 01:56:50.754333,,,,,,
GGD,40.19,40.18,40.2,50000000.0,50000000.0,0,0,0,0,0,0,0,0,0,0,0,0,0,0,0,0,0,0,0,0,0,0,0,0,0,0,526,2026-02-07 01:56:50.754333,,,,,,
PNR,59.92,59.91,59.93,50000000.0,50000000.0,0,0,0,0,0,0,0,0,0,0,0,0,0,0,0,0,0,0,0,0,0,0,0,0,0,0,526,2026-02-07 01:56:50.754333,,,,,,
FSR,37.99,37.98,38.0,50000000.0,50000000.0,0,0,0,0,0,0,0,0,0,0,0,0,0,0,0,0,0,0,0,0,0,0,0,0,0,0,526,2026-02-07 01:56:50.754333,,,,,,
ATB,57.26,57.25,57.27,50000000.0,50000000.0,0,0,0,0,0,0,0,0,0,0,0,0,0,0,0,0,0,0,0,0,0,0,0,0,0,0,526,2026-02-07 01:56:50.754333,,,,,,
SPK,58.64,58.63,58.65,50000000.0,50000000.0,0,0,0,0,0,0,0,0,0,0,0,0,0,0,0,0,0,0,0,0,0,0,0,0,0,0,526,2026-02-07 01:56:50.754333,,,,,,
EEC,55.59,55.58,55.6,50000000.0,50000000.0,0,0,0,0,0,0,0,0,0,0,0,0,0,0,0,0,0,0,0,0,0,0,0,0,0,0,526,2026-02-07 01:56:50.754333,,,,,,
TGX,45.92,45.91,45.93,50000000.0,50000000.0,0,0,0,0,0,0,0,0,0,0,0,0,0,0,0,0,0,0,0,0,0,0,0,0,0,0,527,2026-02-07 01:56:51.794245,59.0,1.0,526.0,D1-TGX/PHR,DOJ Requests Extended Review,"The DOJ has formally requested an extension of its review period, citing complexity of the transaction and ongoing analysis of competitive effects."
PHR,53.43,53.42,53.44,50000000.0,50000000.0,0,0,0,0,0,0,0,0,0,0,0,0,0,0,0,0,0,0,0,0,0,0,0,0,0,0,527,2026-02-07 01:56:51.794245,,,,,,
BYL,53.08,53.07,53.09,50000000.0,50000000.0,0,0,0,0,0,0,0,0,0,0,0,0,0,0,0,0,0,0,0,0,0,0,0,0,0,0,527,2026-02-07 01:56:51.794245,,,,,,
CLD,86.51,86.5,86.52,50000000.0,50000000.0,0,0,0,0,0,0,0,0,0,0,0,0,0,0,0,0,0,0,0,0,0,0,0,0,0,0,527,2026-02-07 01:56:51.794245,,,,,,
GGD,40.19,40.18,40.2,50000000.0,50000000.0,0,0,0,0,0,0,0,0,0,0,0,0,0,0,0,0,0,0,0,0,0,0,0,0,0,0,527,2026-02-07 01:56:51.794245,,,,,,
PNR,59.78,59.77,59.79,50000000.0,50000000.0,0,0,0,0,0,0,0,0,0,0,0,0,0,0,0,0,0,0,0,0,0,0,0,0,0,0,527,2026-02-07 01:56:51.794245,,,,,,
FSR,37.99,37.98,38.0,50000000.0,50000000.0,0,0,0,0,0,0,0,0,0,0,0,0,0,0,0,0,0,0,0,0,0,0,0,0,0,0,527,2026-02-07 01:56:51.794245,,,,,,
ATB,57.34,57.33,57.35,50000000.0,50000000.0,0,0,0,0,0,0,0,0,0,0,0,0,0,0,0,0,0,0,0,0,0,0,0,0,0,0,527,2026-02-07 01:56:51.794245,,,,,,
SPK,58.49,58.48,58.5,50000000.0,50000000.0,0,0,0,0,0,0,0,0,0,0,0,0,0,0,0,0,0,0,0,0,0,0,0,0,0,0,527,2026-02-07 01:56:51.794245,,,,,,
EEC,55.37,55.36,55.38,50000000.0,50000000.0,0,0,0,0,0,0,0,0,0,0,0,0,0,0,0,0,0,0,0,0,0,0,0,0,0,0,527,2026-02-07 01:56:51.794245,,,,,,
TGX,45.86,45.85,45.87,50000000.0,50000000.0,0,0,0,0,0,0,0,0,0,0,0,0,0,0,0,0,0,0,0,0,0,0,0,0,0,0,528,2026-02-07 01:56:52.846630
PHR,53.14,53.13,53.15,50000000.0,50000000.0,0,0,0,0,0,0,0,0,0,0,0,0,0,0,0,0,0,0,0,0,0,0,0,0,0,0,528,2026-02-07 01:56:52.846630
BYL,53.14,53.13,53.15,50000000.0,50000000.0,0,0,0,0,0,0,0,0,0,0,0,0,0,0,0,0,0,0,0,0,0,0,0,0,0,0,528,2026-02-07 01:56:52.846630
CLD,86.55,86.54,86.56,50000000.0,50000000.0,0,0,0,0,0,0,0,0,0,0,0,0,0,0,0,0,0,0,0,0,0,0,0,0,0,0,528,2026-02-07 01:56:52.846630
GGD,40.15,40.14,40.16,50000000.0,50000000.0,0,0,0,0,0,0,0,0,0,0,0,0,0,0,0,0,0,0,0,0,0,0,0,0,0,0,528,2026-02-07 01:56:52.846630
PNR,59.56,59.55,59.57,50000000.0,50000000.0,0,0,0,0,0,0,0,0,0,0,0,0,0,0,0,0,0,0,0,0,0,0,0,0,0,0,528,2026-02-07 01:56:52.846630
FSR,38.02,38.01,38.03,50000000.0,50000000.0,0,0,0,0,0,0,0,0,0,0,0,0,0,0,0,0,0,0,0,0,0,0,0,0,0,0,528,2026-02-07 01:56:52.846630
ATB,57.34,57.33,57.35,50000000.0,50000000.0,0,0,0,0,0,0,0,0,0,0,0,0,0,0,0,0,0,0,0,0,0,0,0,0,0,0,528,2026-02-07 01:56:52.846630
SPK,58.45,58.44,58.46,50000000.0,50000000.0,0,0,0,0,0,0,0,0,0,0,0,0,0,0,0,0,0,0,0,0,0,0,0,0,0,0,528,2026-02-07 01:56:52.846630
EEC,55.32,55.31,55.33,50000000.0,50000000.0,0,0,0,0,0,0,0,0,0,0,0,0,0,0,0,0,0,0,0,0,0,0,0,0,0,0,528,2026-02-07 01:56:52.846630
TGX,45.89,45.88,45.9,50000000.0,50000000.0,0,0,0,0,0,0,0,0,0,0,0,0,0,0,0,0,0,0,0,0,0,0,0,0,0,0,529,2026-02-07 01:56:53.898520
PHR,53.26,53.25,53.27,50000000.0,50000000.0,0,0,0,0,0,0,0,0,0,0,0,0,0,0,0,0,0,0,0,0,0,0,0,0,0,0,529,2026-02-07 01:56:53.898520
BYL,53.2,53.19,53.21,50000000.0,50000000.0,0,0,0,0,0,0,0,0,0,0,0,0,0,0,0,0,0,0,0,0,0,0,0,0,0,0,529,2026-02-07 01:56:53.898520
CLD,86.62,86.61,86.63,50000000.0,50000000.0,0,0,0,0,0,0,0,0,0,0,0,0,0,0,0,0,0,0,0,0,0,0,0,0,0,0,529,2026-02-07 01:56:53.898520
GGD,40.11,40.1,40.12,50000000.0,50000000.0,0,0,0,0,0,0,0,0,0,0,0,0,0,0,0,0,0,0,0,0,0,0,0,0,0,0,529,2026-02-07 01:56:53.898520
PNR,59.46,59.45,59.47,50000000.0,50000000.0,0,0,0,0,0,0,0,0,0,0,0,0,0,0,0,0,0,0,0,0,0,0,0,0,0,0,529,2026-02-07 01:56:53.898520
FSR,38.05,38.04,38.06,50000000.0,50000000.0,0,0,0,0,0,0,0,0,0,0,0,0,0,0,0,0,0,0,0,0,0,0,0,0,0,0,529,2026-02-07 01:56:53.898520
ATB,57.29,57.28,57.3,50000000.0,50000000.0,0,0,0,0,0,0,0,0,0,0,0,0,0,0,0,0,0,0,0,0,0,0,0,0,0,0,529,2026-02-07 01:56:53.898520
SPK,58.18,58.17,58.19,50000000.0,50000000.0,0,0,0,0,0,0,0,0,0,0,0,0,0,0,0,0,0,0,0,0,0,0,0,0,0,0,529,2026-02-07 01:56:53.898520
EEC,54.98,54.97,54.99,50000000.0,50000000.0,0,0,0,0,0,0,0,0,0,0,0,0,0,0,0,0,0,0,0,0,0,0,0,0,0,0,529,2026-02-07 01:56:53.898520
TGX,45.88,45.87,45.89,50000000.0,50000000.0,0,0,0,0,0,0,0,0,0,0,0,0,0,0,0,0,0,0,0,0,0,0,0,0,0,0,530,2026-02-07 01:56:54.951527
PHR,52.74,52.73,52.75,50000000.0,50000000.0,0,0,0,0,0,0,0,0,0,0,0,0,0,0,0,0,0,0,0,0,0,0,0,0,0,0,530,2026-02-07 01:56:54.951527
BYL,53.06,53.05,53.07,50000000.0,50000000.0,0,0,0,0,0,0,0,0,0,0,0,0,0,0,0,0,0,0,0,0,0,0,0,0,0,0,530,2026-02-07 01:56:54.951527
CLD,86.37,86.36,86.38,50000000.0,50000000.0,0,0,0,0,0,0,0,0,0,0,0,0,0,0,0,0,0,0,0,0,0,0,0,0,0,0,530,2026-02-07 01:56:54.951527
GGD,40.15,40.14,40.16,50000000.0,50000000.0,0,0,0,0,0,0,0,0,0,0,0,0,0,0,0,0,0,0,0,0,0,0,0,0,0,0,530,2026-02-07 01:56:54.951527
PNR,59.64,59.63,59.65,50000000.0,50000000.0,0,0,0,0,0,0,0,0,0,0,0,0,0,0,0,0,0,0,0,0,0,0,0,0,0,0,530,2026-02-07 01:56:54.951527
FSR,38.06,38.05,38.07,50000000.0,50000000.0,0,0,0,0,0,0,0,0,0,0,0,0,0,0,0,0,0,0,0,0,0,0,0,0,0,0,530,2026-02-07 01:56:54.951527
ATB,57.49,57.48,57.5,50000000.0,50000000.0,0,0,0,0,0,0,0,0,0,0,0,0,0,0,0,0,0,0,0,0,0,0,0,0,0,0,530,2026-02-07 01:56:54.951527
SPK,58.28,58.27,58.29,50000000.0,50000000.0,0,0,0,0,0,0,0,0,0,0,0,0,0,0,0,0,0,0,0,0,0,0,0,0,0,0,530,2026-02-07 01:56:54.951527
EEC,55.05,55.04,55.06,50000000.0,50000000.0,0,0,0,0,0,0,0,0,0,0,0,0,0,0,0,0,0,0,0,0,0,0,0,0,0,0,530,2026-02-07 01:56:54.951527
TGX,45.93,45.92,45.94,50000000.0,50000000.0,0,0,0,0,0,0,0,0,0,0,0,0,0,0,0,0,0,0,0,0,0,0,0,0,0,0,531,2026-02-07 01:56:55.993812
PHR,53.0,52.99,53.01,50000000.0,50000000.0,0,0,0,0,0,0,0,0,0,0,0,0,0,0,0,0,0,0,0,0,0,0,0,0,0,0,531,2026-02-07 01:56:55.993812
BYL,52.97,52.96,52.98,50000000.0,50000000.0,0,0,0,0,0,0,0,0,0,0,0,0,0,0,0,0,0,0,0,0,0,0,0,0,0,0,531,2026-02-07 01:56:55.993812
CLD,86.25,86.24,86.26,50000000.0,50000000.0,0,0,0,0,0,0,0,0,0,0,0,0,0,0,0,0,0,0,0,0,0,0,0,0,0,0,531,2026-02-07 01:56:55.993812
GGD,40.77,40.76,40.78,50000000.0,50000000.0,0,0,0,0,0,0,0,0,0,0,0,0,0,0,0,0,0,0,0,0,0,0,0,0,0,0,531,2026-02-07 01:56:55.993812
PNR,59.67,59.66,59.68,50000000.0,50000000.0,0,0,0,0,0,0,0,0,0,0,0,0,0,0,0,0,0,0,0,0,0,0,0,0,0,0,531,2026-02-07 01:56:55.993812
FSR,38.06,38.05,38.07,50000000.0,50000000.0,0,0,0,0,0,0,0,0,0,0,0,0,0,0,0,0,0,0,0,0,0,0,0,0,0,0,531,2026-02-07 01:56:55.993812
ATB,57.53,57.52,57.54,50000000.0,50000000.0,0,0,0,0,0,0,0,0,0,0,0,0,0,0,0,0,0,0,0,0,0,0,0,0,0,0,531,2026-02-07 01:56:55.993812
SPK,58.27,58.26,58.28,50000000.0,50000000.0,0,0,0,0,0,0,0,0,0,0,0,0,0,0,0,0,0,0,0,0,0,0,0,0,0,0,531,2026-02-07 01:56:55.993812
EEC,55.1,55.09,55.11,50000000.0,50000000.0,0,0,0,0,0,0,0,0,0,0,0,0,0,0,0,0,0,0,0,0,0,0,0,0,0,0,531,2026-02-07 01:56:55.993812
TGX,45.88,45.87,45.89,50000000.0,50000000.0,0,0,0,0,0,0,0,0,0,0,0,0,0,0,0,0,0,0,0,0,0,0,0,0,0,0,532,2026-02-07 01:56:56.534139
PHR,52.76,52.75,52.77,50000000.0,50000000.0,0,0,0,0,0,0,0,0,0,0,0,0,0,0,0,0,0,0,0,0,0,0,0,0,0,0,532,2026-02-07 01:56:56.534139
BYL,52.84,52.83,52.85,50000000.0,50000000.0,0,0,0,0,0,0,0,0,0,0,0,0,0,0,0,0,0,0,0,0,0,0,0,0,0,0,532,2026-02-07 01:56:56.534139
CLD,86.0,85.99,86.01,50000000.0,50000000.0,0,0,0,0,0,0,0,0,0,0,0,0,0,0,0,0,0,0,0,0,0,0,0,0,0,0,532,2026-02-07 01:56:56.534139
GGD,40.68,40.67,40.69,50000000.0,50000000.0,0,0,0,0,0,0,0,0,0,0,0,0,0,0,0,0,0,0,0,0,0,0,0,0,0,0,532,2026-02-07 01:56:56.534139
PNR,59.32,59.31,59.33,50000000.0,50000000.0,0,0,0,0,0,0,0,0,0,0,0,0,0,0,0,0,0,0,0,0,0,0,0,0,0,0,532,2026-02-07 01:56:56.534139
FSR,38.07,38.06,38.08,50000000.0,50000000.0,0,0,0,0,0,0,0,0,0,0,0,0,0,0,0,0,0,0,0,0,0,0,0,0,0,0,532,2026-02-07 01:56:56.534139
ATB,57.52,57.51,57.53,50000000.0,50000000.0,0,0,0,0,0,0,0,0,0,0,0,0,0,0,0,0,0,0,0,0,0,0,0,0,0,0,532,2026-02-07 01:56:56.534139
SPK,58.33,58.32,58.34,50000000.0,50000000.0,0,0,0,0,0,0,0,0,0,0,0,0,0,0,0,0,0,0,0,0,0,0,0,0,0,0,532,2026-02-07 01:56:56.534139
EEC,55.14,55.13,55.15,50000000.0,50000000.0,0,0,0,0,0,0,0,0,0,0,0,0,0,0,0,0,0,0,0,0,0,0,0,0,0,0,532,2026-02-07 01:56:56.534139
TGX,45.9,45.89,45.91,50000000.0,50000000.0,0,0,0,0,0,0,0,0,0,0,0,0,0,0,0,0,0,0,0,0,0,0,0,0,0,0,533,2026-02-07 01:56:57.583151
PHR,53.0,52.99,53.01,50000000.0,50000000.0,0,0,0,0,0,0,0,0,0,0,0,0,0,0,0,0,0,0,0,0,0,0,0,0,0,0,533,2026-02-07 01:56:57.583151
BYL,52.65,52.64,52.66,50000000.0,50000000.0,0,0,0,0,0,0,0,0,0,0,0,0,0,0,0,0,0,0,0,0,0,0,0,0,0,0,533,2026-02-07 01:56:57.583151
CLD,85.59,85.58,85.6,50000000.0,50000000.0,0,0,0,0,0,0,0,0,0,0,0,0,0,0,0,0,0,0,0,0,0,0,0,0,0,0,533,2026-02-07 01:56:57.583151
GGD,40.68,40.67,40.69,50000000.0,50000000.0,0,0,0,0,0,0,0,0,0,0,0,0,0,0,0,0,0,0,0,0,0,0,0,0,0,0,533,2026-02-07 01:56:57.583151
PNR,59.49,59.48,59.5,50000000.0,50000000.0,0,0,0,0,0,0,0,0,0,0,0,0,0,0,0,0,0,0,0,0,0,0,0,0,0,0,533,2026-02-07 01:56:57.583151
FSR,38.11,38.1,38.12,50000000.0,50000000.0,0,0,0,0,0,0,0,0,0,0,0,0,0,0,0,0,0,0,0,0,0,0,0,0,0,0,533,2026-02-07 01:56:57.583151
ATB,57.41,57.4,57.42,50000000.0,50000000.0,0,0,0,0,0,0,0,0,0,0,0,0,0,0,0,0,0,0,0,0,0,0,0,0,0,0,533,2026-02-07 01:56:57.583151
SPK,58.48,58.47,58.49,50000000.0,50000000.0,0,0,0,0,0,0,0,0,0,0,0,0,0,0,0,0,0,0,0,0,0,0,0,0,0,0,533,2026-02-07 01:56:57.583151
EEC,55.37,55.36,55.38,50000000.0,50000000.0,0,0,0,0,0,0,0,0,0,0,0,0,0,0,0,0,0,0,0,0,0,0,0,0,0,0,533,2026-02-07 01:56:57.583151
TGX,45.93,45.92,45.94,50000000.0,50000000.0,0,0,0,0,0,0,0,0,0,0,0,0,0,0,0,0,0,0,0,0,0,0,0,0,0,0,534,2026-02-07 01:56:58.643427
PHR,52.93,52.92,52.94,50000000.0,50000000.0,0,0,0,0,0,0,0,0,0,0,0,0,0,0,0,0,0,0,0,0,0,0,0,0,0,0,534,2026-02-07 01:56:58.643427
BYL,52.65,52.64,52.66,50000000.0,50000000.0,0,0,0,0,0,0,0,0,0,0,0,0,0,0,0,0,0,0,0,0,0,0,0,0,0,0,534,2026-02-07 01:56:58.643427
CLD,85.64,85.63,85.65,50000000.0,50000000.0,0,0,0,0,0,0,0,0,0,0,0,0,0,0,0,0,0,0,0,0,0,0,0,0,0,0,534,2026-02-07 01:56:58.643427
GGD,40.74,40.73,40.75,50000000.0,50000000.0,0,0,0,0,0,0,0,0,0,0,0,0,0,0,0,0,0,0,0,0,0,0,0,0,0,0,534,2026-02-07 01:56:58.643427
PNR,59.58,59.57,59.59,50000000.0,50000000.0,0,0,0,0,0,0,0,0,0,0,0,0,0,0,0,0,0,0,0,0,0,0,0,0,0,0,534,2026-02-07 01:56:58.643427
FSR,38.05,38.04,38.06,50000000.0,50000000.0,0,0,0,0,0,0,0,0,0,0,0,0,0,0,0,0,0,0,0,0,0,0,0,0,0,0,534,2026-02-07 01:56:58.643427
ATB,57.35,57.34,57.36,50000000.0,50000000.0,0,0,0,0,0,0,0,0,0,0,0,0,0,0,0,0,0,0,0,0,0,0,0,0,0,0,534,2026-02-07 01:56:58.643427
SPK,58.46,58.45,58.47,50000000.0,50000000.0,0,0,0,0,0,0,0,0,0,0,0,0,0,0,0,0,0,0,0,0,0,0,0,0,0,0,534,2026-02-07 01:56:58.643427
EEC,55.35,55.34,55.36,50000000.0,50000000.0,0,0,0,0,0,0,0,0,0,0,0,0,0,0,0,0,0,0,0,0,0,0,0,0,0,0,534,2026-02-07 01:56:58.643427
TGX,45.9,45.89,45.91,50000000.0,50000000.0,0,0,0,0,0,0,0,0,0,0,0,0,0,0,0,0,0,0,0,0,0,0,0,0,0,0,535,2026-02-07 01:56:59.765007
PHR,52.92,52.91,52.93,50000000.0,50000000.0,0,0,0,0,0,0,0,0,0,0,0,0,0,0,0,0,0,0,0,0,0,0,0,0,0,0,535,2026-02-07 01:56:59.765007
BYL,52.64,52.63,52.65,50000000.0,50000000.0,0,0,0,0,0,0,0,0,0,0,0,0,0,0,0,0,0,0,0,0,0,0,0,0,0,0,535,2026-02-07 01:56:59.765007
CLD,85.67,85.66,85.68,50000000.0,50000000.0,0,0,0,0,0,0,0,0,0,0,0,0,0,0,0,0,0,0,0,0,0,0,0,0,0,0,535,2026-02-07 01:56:59.765007
GGD,40.81,40.8,40.82,50000000.0,50000000.0,0,0,0,0,0,0,0,0,0,0,0,0,0,0,0,0,0,0,0,0,0,0,0,0,0,0,535,2026-02-07 01:56:59.765007
PNR,59.76,59.75,59.77,50000000.0,50000000.0,0,0,0,0,0,0,0,0,0,0,0,0,0,0,0,0,0,0,0,0,0,0,0,0,0,0,535,2026-02-07 01:56:59.765007
FSR,37.99,37.98,38.0,50000000.0,50000000.0,0,0,0,0,0,0,0,0,0,0,0,0,0,0,0,0,0,0,0,0,0,0,0,0,0,0,535,2026-02-07 01:56:59.765007
ATB,57.44,57.43,57.45,50000000.0,50000000.0,0,0,0,0,0,0,0,0,0,0,0,0,0,0,0,0,0,0,0,0,0,0,0,0,0,0,535,2026-02-07 01:56:59.765007
SPK,58.47,58.46,58.48,50000000.0,50000000.0,0,0,0,0,0,0,0,0,0,0,0,0,0,0,0,0,0,0,0,0,0,0,0,0,0,0,535,2026-02-07 01:56:59.765007
EEC,55.34,55.33,55.35,50000000.0,50000000.0,0,0,0,0,0,0,0,0,0,0,0,0,0,0,0,0,0,0,0,0,0,0,0,0,0,0,535,2026-02-07 01:56:59.765007
TGX,45.9,45.89,45.91,50000000.0,50000000.0,0,0,0,0,0,0,0,0,0,0,0,0,0,0,0,0,0,0,0,0,0,0,0,0,0,0,536,2026-02-07 01:57:00.802056
PHR,53.03,53.02,53.04,50000000.0,50000000.0,0,0,0,0,0,0,0,0,0,0,0,0,0,0,0,0,0,0,0,0,0,0,0,0,0,0,536,2026-02-07 01:57:00.802056
BYL,52.66,52.65,52.67,50000000.0,50000000.0,0,0,0,0,0,0,0,0,0,0,0,0,0,0,0,0,0,0,0,0,0,0,0,0,0,0,536,2026-02-07 01:57:00.802056
CLD,85.7,85.69,85.71,50000000.0,50000000.0,0,0,0,0,0,0,0,0,0,0,0,0,0,0,0,0,0,0,0,0,0,0,0,0,0,0,536,2026-02-07 01:57:00.802056
GGD,40.81,40.8,40.82,50000000.0,50000000.0,0,0,0,0,0,0,0,0,0,0,0,0,0,0,0,0,0,0,0,0,0,0,0,0,0,0,536,2026-02-07 01:57:00.802056
PNR,59.69,59.68,59.7,50000000.0,50000000.0,0,0,0,0,0,0,0,0,0,0,0,0,0,0,0,0,0,0,0,0,0,0,0,0,0,0,536,2026-02-07 01:57:00.802056
FSR,38.0,37.99,38.01,50000000.0,50000000.0,0,0,0,0,0,0,0,0,0,0,0,0,0,0,0,0,0,0,0,0,0,0,0,0,0,0,536,2026-02-07 01:57:00.802056
ATB,57.44,57.43,57.45,50000000.0,50000000.0,0,0,0,0,0,0,0,0,0,0,0,0,0,0,0,0,0,0,0,0,0,0,0,0,0,0,536,2026-02-07 01:57:00.802056
SPK,58.4,58.39,58.41,50000000.0,50000000.0,0,0,0,0,0,0,0,0,0,0,0,0,0,0,0,0,0,0,0,0,0,0,0,0,0,0,536,2026-02-07 01:57:00.802056
EEC,55.2,55.19,55.21,50000000.0,50000000.0,0,0,0,0,0,0,0,0,0,0,0,0,0,0,0,0,0,0,0,0,0,0,0,0,0,0,536,2026-02-07 01:57:00.802056
TGX,46.35,46.34,46.36,50000000.0,50000000.0,0,0,0,0,0,0,0,0,0,0,0,0,0,0,0,0,0,0,0,0,0,0,0,0,0,0,537,2026-02-07 01:57:01.845496
PHR,52.86,52.85,52.87,50000000.0,50000000.0,0,0,0,0,0,0,0,0,0,0,0,0,0,0,0,0,0,0,0,0,0,0,0,0,0,0,537,2026-02-07 01:57:01.845496
BYL,52.78,52.77,52.79,50000000.0,50000000.0,0,0,0,0,0,0,0,0,0,0,0,0,0,0,0,0,0,0,0,0,0,0,0,0,0,0,537,2026-02-07 01:57:01.845496
CLD,85.84,85.83,85.85,50000000.0,50000000.0,0,0,0,0,0,0,0,0,0,0,0,0,0,0,0,0,0,0,0,0,0,0,0,0,0,0,537,2026-02-07 01:57:01.845496
GGD,40.72,40.71,40.73,50000000.0,50000000.0,0,0,0,0,0,0,0,0,0,0,0,0,0,0,0,0,0,0,0,0,0,0,0,0,0,0,537,2026-02-07 01:57:01.845496
PNR,59.56,59.55,59.57,50000000.0,50000000.0,0,0,0,0,0,0,0,0,0,0,0,0,0,0,0,0,0,0,0,0,0,0,0,0,0,0,537,2026-02-07 01:57:01.845496
FSR,38.08,38.07,38.09,50000000.0,50000000.0,0,0,0,0,0,0,0,0,0,0,0,0,0,0,0,0,0,0,0,0,0,0,0,0,0,0,537,2026-02-07 01:57:01.845496
ATB,57.49,57.48,57.5,50000000.0,50000000.0,0,0,0,0,0,0,0,0,0,0,0,0,0,0,0,0,0,0,0,0,0,0,0,0,0,0,537,2026-02-07 01:57:01.845496
SPK,58.4,58.39,58.41,50000000.0,50000000.0,0,0,0,0,0,0,0,0,0,0,0,0,0,0,0,0,0,0,0,0,0,0,0,0,0,0,537,2026-02-07 01:57:01.845496
EEC,55.22,55.21,55.23,50000000.0,50000000.0,0,0,0,0,0,0,0,0,0,0,0,0,0,0,0,0,0,0,0,0,0,0,0,0,0,0,537,2026-02-07 01:57:01.845496
TGX,46.83,46.82,46.84,50000000.0,50000000.0,0,0,0,0,0,0,0,0,0,0,0,0,0,0,0,0,0,0,0,0,0,0,0,0,0,0,538,2026-02-07 01:57:02.881487
PHR,52.54,52.53,52.55,50000000.0,50000000.0,0,0,0,0,0,0,0,0,0,0,0,0,0,0,0,0,0,0,0,0,0,0,0,0,0,0,538,2026-02-07 01:57:02.881487
BYL,52.85,52.84,52.86,50000000.0,50000000.0,0,0,0,0,0,0,0,0,0,0,0,0,0,0,0,0,0,0,0,0,0,0,0,0,0,0,538,2026-02-07 01:57:02.881487
CLD,86.04,86.03,86.05,50000000.0,50000000.0,0,0,0,0,0,0,0,0,0,0,0,0,0,0,0,0,0,0,0,0,0,0,0,0,0,0,538,2026-02-07 01:57:02.881487
GGD,40.69,40.68,40.7,50000000.0,50000000.0,0,0,0,0,0,0,0,0,0,0,0,0,0,0,0,0,0,0,0,0,0,0,0,0,0,0,538,2026-02-07 01:57:02.881487
PNR,59.41,59.4,59.42,50000000.0,50000000.0,0,0,0,0,0,0,0,0,0,0,0,0,0,0,0,0,0,0,0,0,0,0,0,0,0,0,538,2026-02-07 01:57:02.881487
FSR,38.09,38.08,38.1,50000000.0,50000000.0,0,0,0,0,0,0,0,0,0,0,0,0,0,0,0,0,0,0,0,0,0,0,0,0,0,0,538,2026-02-07 01:57:02.881487
ATB,57.45,57.44,57.46,50000000.0,50000000.0,0,0,0,0,0,0,0,0,0,0,0,0,0,0,0,0,0,0,0,0,0,0,0,0,0,0,538,2026-02-07 01:57:02.881487
SPK,58.49,58.48,58.5,50000000.0,50000000.0,0,0,0,0,0,0,0,0,0,0,0,0,0,0,0,0,0,0,0,0,0,0,0,0,0,0,538,2026-02-07 01:57:02.881487
EEC,55.36,55.35,55.37,50000000.0,50000000.0,0,0,0,0,0,0,0,0,0,0,0,0,0,0,0,0,0,0,0,0,0,0,0,0,0,0,538,2026-02-07 01:57:02.881487
TGX,46.81,46.8,46.82,50000000.0,50000000.0,0,0,0,0,0,0,0,0,0,0,0,0,0,0,0,0,0,0,0,0,0,0,0,0,0,0,539,2026-02-07 01:57:03.944468
PHR,52.7,52.69,52.71,50000000.0,50000000.0,0,0,0,0,0,0,0,0,0,0,0,0,0,0,0,0,0,0,0,0,0,0,0,0,0,0,539,2026-02-07 01:57:03.944468
BYL,53.17,53.16,53.18,50000000.0,50000000.0,0,0,0,0,0,0,0,0,0,0,0,0,0,0,0,0,0,0,0,0,0,0,0,0,0,0,539,2026-02-07 01:57:03.944468
CLD,86.64,86.63,86.65,50000000.0,50000000.0,0,0,0,0,0,0,0,0,0,0,0,0,0,0,0,0,0,0,0,0,0,0,0,0,0,0,539,2026-02-07 01:57:03.944468
GGD,40.73,40.72,40.74,50000000.0,50000000.0,0,0,0,0,0,0,0,0,0,0,0,0,0,0,0,0,0,0,0,0,0,0,0,0,0,0,539,2026-02-07 01:57:03.944468
PNR,59.4,59.39,59.41,50000000.0,50000000.0,0,0,0,0,0,0,0,0,0,0,0,0,0,0,0,0,0,0,0,0,0,0,0,0,0,0,539,2026-02-07 01:57:03.944468
FSR,38.06,38.05,38.07,50000000.0,50000000.0,0,0,0,0,0,0,0,0,0,0,0,0,0,0,0,0,0,0,0,0,0,0,0,0,0,0,539,2026-02-07 01:57:03.944468
ATB,57.27,57.26,57.28,50000000.0,50000000.0,0,0,0,0,0,0,0,0,0,0,0,0,0,0,0,0,0,0,0,0,0,0,0,0,0,0,539,2026-02-07 01:57:03.944468
SPK,58.19,58.18,58.2,50000000.0,50000000.0,0,0,0,0,0,0,0,0,0,0,0,0,0,0,0,0,0,0,0,0,0,0,0,0,0,0,539,2026-02-07 01:57:03.944468
EEC,54.91,54.9,54.92,50000000.0,50000000.0,0,0,0,0,0,0,0,0,0,0,0,0,0,0,0,0,0,0,0,0,0,0,0,0,0,0,539,2026-02-07 01:57:03.944468
TGX,46.79,46.78,46.8,50000000.0,50000000.0,0,0,0,0,0,0,0,0,0,0,0,0,0,0,0,0,0,0,0,0,0,0,0,0,0,0,540,2026-02-07 01:57:05.015210
PHR,52.32,52.31,52.33,50000000.0,50000000.0,0,0,0,0,0,0,0,0,0,0,0,0,0,0,0,0,0,0,0,0,0,0,0,0,0,0,540,2026-02-07 01:57:05.015210
BYL,53.08,53.07,53.09,50000000.0,50000000.0,0,0,0,0,0,0,0,0,0,0,0,0,0,0,0,0,0,0,0,0,0,0,0,0,0,0,540,2026-02-07 01:57:05.015210
CLD,86.57,86.56,86.58,50000000.0,50000000.0,0,0,0,0,0,0,0,0,0,0,0,0,0,0,0,0,0,0,0,0,0,0,0,0,0,0,540,2026-02-07 01:57:05.015210
GGD,40.74,40.73,40.75,50000000.0,50000000.0,0,0,0,0,0,0,0,0,0,0,0,0,0,0,0,0,0,0,0,0,0,0,0,0,0,0,540,2026-02-07 01:57:05.015210
PNR,59.46,59.45,59.47,50000000.0,50000000.0,0,0,0,0,0,0,0,0,0,0,0,0,0,0,0,0,0,0,0,0,0,0,0,0,0,0,540,2026-02-07 01:57:05.015210
FSR,38.03,38.02,38.04,50000000.0,50000000.0,0,0,0,0,0,0,0,0,0,0,0,0,0,0,0,0,0,0,0,0,0,0,0,0,0,0,540,2026-02-07 01:57:05.015210
ATB,57.14,57.13,57.15,50000000.0,50000000.0,0,0,0,0,0,0,0,0,0,0,0,0,0,0,0,0,0,0,0,0,0,0,0,0,0,0,540,2026-02-07 01:57:05.015210
SPK,58.17,58.16,58.18,50000000.0,50000000.0,0,0,0,0,0,0,0,0,0,0,0,0,0,0,0,0,0,0,0,0,0,0,0,0,0,0,540,2026-02-07 01:57:05.015210
EEC,54.82,54.81,54.83,50000000.0,50000000.0,0,0,0,0,0,0,0,0,0,0,0,0,0,0,0,0,0,0,0,0,0,0,0,0,0,0,540,2026-02-07 01:57:05.015210
TGX,46.86,46.85,46.87,50000000.0,50000000.0,0,0,0,0,0,0,0,0,0,0,0,0,0,0,0,0,0,0,0,0,0,0,0,0,0,0,541,2026-02-07 01:57:05.571152
PHR,52.4,52.39,52.41,50000000.0,50000000.0,0,0,0,0,0,0,0,0,0,0,0,0,0,0,0,0,0,0,0,0,0,0,0,0,0,0,541,2026-02-07 01:57:05.571152
BYL,53.22,53.21,53.23,50000000.0,50000000.0,0,0,0,0,0,0,0,0,0,0,0,0,0,0,0,0,0,0,0,0,0,0,0,0,0,0,541,2026-02-07 01:57:05.571152
CLD,86.68,86.67,86.69,50000000.0,50000000.0,0,0,0,0,0,0,0,0,0,0,0,0,0,0,0,0,0,0,0,0,0,0,0,0,0,0,541,2026-02-07 01:57:05.571152
GGD,40.75,40.74,40.76,50000000.0,50000000.0,0,0,0,0,0,0,0,0,0,0,0,0,0,0,0,0,0,0,0,0,0,0,0,0,0,0,541,2026-02-07 01:57:05.571152
PNR,59.54,59.53,59.55,50000000.0,50000000.0,0,0,0,0,0,0,0,0,0,0,0,0,0,0,0,0,0,0,0,0,0,0,0,0,0,0,541,2026-02-07 01:57:05.571152
FSR,38.06,38.05,38.07,50000000.0,50000000.0,0,0,0,0,0,0,0,0,0,0,0,0,0,0,0,0,0,0,0,0,0,0,0,0,0,0,541,2026-02-07 01:57:05.571152
ATB,57.08,57.07,57.09,50000000.0,50000000.0,0,0,0,0,0,0,0,0,0,0,0,0,0,0,0,0,0,0,0,0,0,0,0,0,0,0,541,2026-02-07 01:57:05.571152
SPK,58.3,58.29,58.31,50000000.0,50000000.0,0,0,0,0,0,0,0,0,0,0,0,0,0,0,0,0,0,0,0,0,0,0,0,0,0,0,541,2026-02-07 01:57:05.571152
EEC,55.09,55.08,55.1,50000000.0,50000000.0,0,0,0,0,0,0,0,0,0,0,0,0,0,0,0,0,0,0,0,0,0,0,0,0,0,0,541,2026-02-07 01:57:05.571152
TGX,46.79,46.78,46.8,50000000.0,50000000.0,0,0,0,0,0,0,0,0,0,0,0,0,0,0,0,0,0,0,0,0,0,0,0,0,0,0,542,2026-02-07 01:57:06.632
PHR,52.48,52.47,52.49,50000000.0,50000000.0,0,0,0,0,0,0,0,0,0,0,0,0,0,0,0,0,0,0,0,0,0,0,0,0,0,0,542,2026-02-07 01:57:06.632
BYL,53.34,53.33,53.35,50000000.0,50000000.0,0,0,0,0,0,0,0,0,0,0,0,0,0,0,0,0,0,0,0,0,0,0,0,0,0,0,542,2026-02-07 01:57:06.632
CLD,86.88,86.87,86.89,50000000.0,50000000.0,0,0,0,0,0,0,0,0,0,0,0,0,0,0,0,0,0,0,0,0,0,0,0,0,0,0,542,2026-02-07 01:57:06.632
GGD,40.75,40.74,40.76,50000000.0,50000000.0,0,0,0,0,0,0,0,0,0,0,0,0,0,0,0,0,0,0,0,0,0,0,0,0,0,0,542,2026-02-07 01:57:06.632
PNR,59.5,59.49,59.51,50000000.0,50000000.0,0,0,0,0,0,0,0,0,0,0,0,0,0,0,0,0,0,0,0,0,0,0,0,0,0,0,542,2026-02-07 01:57:06.632
FSR,37.26,37.25,37.27,50000000.0,50000000.0,0,0,0,0,0,0,0,0,0,0,0,0,0,0,0,0,0,0,0,0,0,0,0,0,0,0,542,2026-02-07 01:57:06.632
ATB,57.11,57.1,57.12,50000000.0,50000000.0,0,0,0,0,0,0,0,0,0,0,0,0,0,0,0,0,0,0,0,0,0,0,0,0,0,0,542,2026-02-07 01:57:06.632
SPK,58.15,58.14,58.16,50000000.0,50000000.0,0,0,0,0,0,0,0,0,0,0,0,0,0,0,0,0,0,0,0,0,0,0,0,0,0,0,542,2026-02-07 01:57:06.632
EEC,54.84,54.83,54.85,50000000.0,50000000.0,0,0,0,0,0,0,0,0,0,0,0,0,0,0,0,0,0,0,0,0,0,0,0,0,0,0,542,2026-02-07 01:57:06.632
TGX,46.81,46.8,46.82,50000000.0,50000000.0,0,0,0,0,0,0,0,0,0,0,0,0,0,0,0,0,0,0,0,0,0,0,0,0,0,0,543,2026-02-07 01:57:07.677439
PHR,52.69,52.68,52.7,50000000.0,50000000.0,0,0,0,0,0,0,0,0,0,0,0,0,0,0,0,0,0,0,0,0,0,0,0,0,0,0,543,2026-02-07 01:57:07.677439
BYL,53.33,53.32,53.34,50000000.0,50000000.0,0,0,0,0,0,0,0,0,0,0,0,0,0,0,0,0,0,0,0,0,0,0,0,0,0,0,543,2026-02-07 01:57:07.677439
CLD,86.93,86.92,86.94,50000000.0,50000000.0,0,0,0,0,0,0,0,0,0,0,0,0,0,0,0,0,0,0,0,0,0,0,0,0,0,0,543,2026-02-07 01:57:07.677439
GGD,40.85,40.84,40.86,50000000.0,50000000.0,0,0,0,0,0,0,0,0,0,0,0,0,0,0,0,0,0,0,0,0,0,0,0,0,0,0,543,2026-02-07 01:57:07.677439
PNR,59.58,59.57,59.59,50000000.0,50000000.0,0,0,0,0,0,0,0,0,0,0,0,0,0,0,0,0,0,0,0,0,0,0,0,0,0,0,543,2026-02-07 01:57:07.677439
FSR,37.28,37.27,37.29,50000000.0,50000000.0,0,0,0,0,0,0,0,0,0,0,0,0,0,0,0,0,0,0,0,0,0,0,0,0,0,0,543,2026-02-07 01:57:07.677439
ATB,57.32,57.31,57.33,50000000.0,50000000.0,0,0,0,0,0,0,0,0,0,0,0,0,0,0,0,0,0,0,0,0,0,0,0,0,0,0,543,2026-02-07 01:57:07.677439
SPK,58.27,58.26,58.28,50000000.0,50000000.0,0,0,0,0,0,0,0,0,0,0,0,0,0,0,0,0,0,0,0,0,0,0,0,0,0,0,543,2026-02-07 01:57:07.677439
EEC,55.02,55.01,55.03,50000000.0,50000000.0,0,0,0,0,0,0,0,0,0,0,0,0,0,0,0,0,0,0,0,0,0,0,0,0,0,0,543,2026-02-07 01:57:07.677439
TGX,47.25,47.24,47.26,50000000.0,50000000.0,0,0,0,0,0,0,0,0,0,0,0,0,0,0,0,0,0,0,0,0,0,0,0,0,0,0,544,2026-02-07 01:57:08.724284
PHR,52.82,52.81,52.83,50000000.0,50000000.0,0,0,0,0,0,0,0,0,0,0,0,0,0,0,0,0,0,0,0,0,0,0,0,0,0,0,544,2026-02-07 01:57:08.724284
BYL,51.63,51.62,51.64,50000000.0,50000000.0,0,0,0,0,0,0,0,0,0,0,0,0,0,0,0,0,0,0,0,0,0,0,0,0,0,0,544,2026-02-07 01:57:08.724284
CLD,87.89,87.88,87.9,50000000.0,50000000.0,0,0,0,0,0,0,0,0,0,0,0,0,0,0,0,0,0,0,0,0,0,0,0,0,0,0,544,2026-02-07 01:57:08.724284
GGD,40.86,40.85,40.87,50000000.0,50000000.0,0,0,0,0,0,0,0,0,0,0,0,0,0,0,0,0,0,0,0,0,0,0,0,0,0,0,544,2026-02-07 01:57:08.724284
PNR,59.65,59.64,59.66,50000000.0,50000000.0,0,0,0,0,0,0,0,0,0,0,0,0,0,0,0,0,0,0,0,0,0,0,0,0,0,0,544,2026-02-07 01:57:08.724284
FSR,36.45,36.44,36.46,50000000.0,50000000.0,0,0,0,0,0,0,0,0,0,0,0,0,0,0,0,0,0,0,0,0,0,0,0,0,0,0,544,2026-02-07 01:57:08.724284
ATB,57.35,57.34,57.36,50000000.0,50000000.0,0,0,0,0,0,0,0,0,0,0,0,0,0,0,0,0,0,0,0,0,0,0,0,0,0,0,544,2026-02-07 01:57:08.724284
SPK,58.18,58.17,58.19,50000000.0,50000000.0,0,0,0,0,0,0,0,0,0,0,0,0,0,0,0,0,0,0,0,0,0,0,0,0,0,0,544,2026-02-07 01:57:08.724284
EEC,54.89,54.88,54.9,50000000.0,50000000.0,0,0,0,0,0,0,0,0,0,0,0,0,0,0,0,0,0,0,0,0,0,0,0,0,0,0,544,2026-02-07 01:57:08.724284
TGX,47.26,47.25,47.27,50000000.0,50000000.0,0,0,0,0,0,0,0,0,0,0,0,0,0,0,0,0,0,0,0,0,0,0,0,0,0,0,545,2026-02-07 01:57:09.779478
PHR,52.82,52.81,52.83,50000000.0,50000000.0,0,0,0,0,0,0,0,0,0,0,0,0,0,0,0,0,0,0,0,0,0,0,0,0,0,0,545,2026-02-07 01:57:09.779478
BYL,51.44,51.43,51.45,50000000.0,50000000.0,0,0,0,0,0,0,0,0,0,0,0,0,0,0,0,0,0,0,0,0,0,0,0,0,0,0,545,2026-02-07 01:57:09.779478
CLD,87.58,87.57,87.59,50000000.0,50000000.0,0,0,0,0,0,0,0,0,0,0,0,0,0,0,0,0,0,0,0,0,0,0,0,0,0,0,545,2026-02-07 01:57:09.779478
GGD,40.8,40.79,40.81,50000000.0,50000000.0,0,0,0,0,0,0,0,0,0,0,0,0,0,0,0,0,0,0,0,0,0,0,0,0,0,0,545,2026-02-07 01:57:09.779478
PNR,59.67,59.66,59.68,50000000.0,50000000.0,0,0,0,0,0,0,0,0,0,0,0,0,0,0,0,0,0,0,0,0,0,0,0,0,0,0,545,2026-02-07 01:57:09.779478
FSR,36.8,36.79,36.81,50000000.0,50000000.0,0,0,0,0,0,0,0,0,0,0,0,0,0,0,0,0,0,0,0,0,0,0,0,0,0,0,545,2026-02-07 01:57:09.779478
ATB,57.42,57.41,57.43,50000000.0,50000000.0,0,0,0,0,0,0,0,0,0,0,0,0,0,0,0,0,0,0,0,0,0,0,0,0,0,0,545,2026-02-07 01:57:09.779478
SPK,58.2,58.19,58.21,50000000.0,50000000.0,0,0,0,0,0,0,0,0,0,0,0,0,0,0,0,0,0,0,0,0,0,0,0,0,0,0,545,2026-02-07 01:57:09.779478
EEC,54.89,54.88,54.9,50000000.0,50000000.0,0,0,0,0,0,0,0,0,0,0,0,0,0,0,0,0,0,0,0,0,0,0,0,0,0,0,545,2026-02-07 01:57:09.779478
TGX,47.26,47.25,47.27,50000000.0,50000000.0,0,0,0,0,0,0,0,0,0,0,0,0,0,0,0,0,0,0,0,0,0,0,0,0,0,0,546,2026-02-07 01:57:10.828160
PHR,53.01,53.0,53.02,50000000.0,50000000.0,0,0,0,0,0,0,0,0,0,0,0,0,0,0,0,0,0,0,0,0,0,0,0,0,0,0,546,2026-02-07 01:57:10.828160
BYL,51.49,51.48,51.5,50000000.0,50000000.0,0,0,0,0,0,0,0,0,0,0,0,0,0,0,0,0,0,0,0,0,0,0,0,0,0,0,546,2026-02-07 01:57:10.828160
CLD,87.57,87.56,87.58,50000000.0,50000000.0,0,0,0,0,0,0,0,0,0,0,0,0,0,0,0,0,0,0,0,0,0,0,0,0,0,0,546,2026-02-07 01:57:10.828160
GGD,40.89,40.88,40.9,50000000.0,50000000.0,0,0,0,0,0,0,0,0,0,0,0,0,0,0,0,0,0,0,0,0,0,0,0,0,0,0,546,2026-02-07 01:57:10.828160
PNR,59.92,59.91,59.93,50000000.0,50000000.0,0,0,0,0,0,0,0,0,0,0,0,0,0,0,0,0,0,0,0,0,0,0,0,0,0,0,546,2026-02-07 01:57:10.828160
FSR,36.72,36.71,36.73,50000000.0,50000000.0,0,0,0,0,0,0,0,0,0,0,0,0,0,0,0,0,0,0,0,0,0,0,0,0,0,0,546,2026-02-07 01:57:10.828160
ATB,57.48,57.47,57.49,50000000.0,50000000.0,0,0,0,0,0,0,0,0,0,0,0,0,0,0,0,0,0,0,0,0,0,0,0,0,0,0,546,2026-02-07 01:57:10.828160
SPK,58.25,58.24,58.26,50000000.0,50000000.0,0,0,0,0,0,0,0,0,0,0,0,0,0,0,0,0,0,0,0,0,0,0,0,0,0,0,546,2026-02-07 01:57:10.828160
EEC,55.01,55.0,55.02,50000000.0,50000000.0,0,0,0,0,0,0,0,0,0,0,0,0,0,0,0,0,0,0,0,0,0,0,0,0,0,0,546,2026-02-07 01:57:10.828160
TGX,47.29,47.28,47.3,50000000.0,50000000.0,0,0,0,0,0,0,0,0,0,0,0,0,0,0,0,0,0,0,0,0,0,0,0,0,0,0,547,2026-02-07 01:57:11.879504
PHR,53.06,53.05,53.07,50000000.0,50000000.0,0,0,0,0,0,0,0,0,0,0,0,0,0,0,0,0,0,0,0,0,0,0,0,0,0,0,547,2026-02-07 01:57:11.879504
BYL,51.26,51.25,51.27,50000000.0,50000000.0,0,0,0,0,0,0,0,0,0,0,0,0,0,0,0,0,0,0,0,0,0,0,0,0,0,0,547,2026-02-07 01:57:11.879504
CLD,87.06,87.05,87.07,50000000.0,50000000.0,0,0,0,0,0,0,0,0,0,0,0,0,0,0,0,0,0,0,0,0,0,0,0,0,0,0,547,2026-02-07 01:57:11.879504
GGD,40.89,40.88,40.9,50000000.0,50000000.0,0,0,0,0,0,0,0,0,0,0,0,0,0,0,0,0,0,0,0,0,0,0,0,0,0,0,547,2026-02-07 01:57:11.879504
PNR,59.96,59.95,59.97,50000000.0,50000000.0,0,0,0,0,0,0,0,0,0,0,0,0,0,0,0,0,0,0,0,0,0,0,0,0,0,0,547,2026-02-07 01:57:11.879504
FSR,36.72,36.71,36.73,50000000.0,50000000.0,0,0,0,0,0,0,0,0,0,0,0,0,0,0,0,0,0,0,0,0,0,0,0,0,0,0,547,2026-02-07 01:57:11.879504
ATB,57.52,57.51,57.53,50000000.0,50000000.0,0,0,0,0,0,0,0,0,0,0,0,0,0,0,0,0,0,0,0,0,0,0,0,0,0,0,547,2026-02-07 01:57:11.879504
SPK,58.13,58.12,58.14,50000000.0,50000000.0,0,0,0,0,0,0,0,0,0,0,0,0,0,0,0,0,0,0,0,0,0,0,0,0,0,0,547,2026-02-07 01:57:11.879504
EEC,54.85,54.84,54.86,50000000.0,50000000.0,0,0,0,0,0,0,0,0,0,0,0,0,0,0,0,0,0,0,0,0,0,0,0,0,0,0,547,2026-02-07 01:57:11.879504
TGX,47.29,47.28,47.3,50000000.0,50000000.0,0,0,0,0,0,0,0,0,0,0,0,0,0,0,0,0,0,0,0,0,0,0,0,0,0,0,548,2026-02-07 01:57:12.984498
PHR,53.14,53.13,53.15,50000000.0,50000000.0,0,0,0,0,0,0,0,0,0,0,0,0,0,0,0,0,0,0,0,0,0,0,0,0,0,0,548,2026-02-07 01:57:12.984498
BYL,50.98,50.97,50.99,50000000.0,50000000.0,0,0,0,0,0,0,0,0,0,0,0,0,0,0,0,0,0,0,0,0,0,0,0,0,0,0,548,2026-02-07 01:57:12.984498
CLD,86.56,86.55,86.57,50000000.0,50000000.0,0,0,0,0,0,0,0,0,0,0,0,0,0,0,0,0,0,0,0,0,0,0,0,0,0,0,548,2026-02-07 01:57:12.984498
GGD,40.99,40.98,41.0,50000000.0,50000000.0,0,0,0,0,0,0,0,0,0,0,0,0,0,0,0,0,0,0,0,0,0,0,0,0,0,0,548,2026-02-07 01:57:12.984498
PNR,60.22,60.21,60.23,50000000.0,50000000.0,0,0,0,0,0,0,0,0,0,0,0,0,0,0,0,0,0,0,0,0,0,0,0,0,0,0,548,2026-02-07 01:57:12.984498
FSR,36.72,36.71,36.73,50000000.0,50000000.0,0,0,0,0,0,0,0,0,0,0,0,0,0,0,0,0,0,0,0,0,0,0,0,0,0,0,548,2026-02-07 01:57:12.984498
ATB,57.59,57.58,57.6,50000000.0,50000000.0,0,0,0,0,0,0,0,0,0,0,0,0,0,0,0,0,0,0,0,0,0,0,0,0,0,0,548,2026-02-07 01:57:12.984498
SPK,58.24,58.23,58.25,50000000.0,50000000.0,0,0,0,0,0,0,0,0,0,0,0,0,0,0,0,0,0,0,0,0,0,0,0,0,0,0,548,2026-02-07 01:57:12.984498
EEC,55.03,55.02,55.04,50000000.0,50000000.0,0,0,0,0,0,0,0,0,0,0,0,0,0,0,0,0,0,0,0,0,0,0,0,0,0,0,548,2026-02-07 01:57:12.984498
TGX,47.26,47.25,47.27,50000000.0,50000000.0,0,0,0,0,0,0,0,0,0,0,0,0,0,0,0,0,0,0,0,0,0,0,0,0,0,0,549,2026-02-07 01:57:13.773826
PHR,53.53,53.52,53.54,50000000.0,50000000.0,0,0,0,0,0,0,0,0,0,0,0,0,0,0,0,0,0,0,0,0,0,0,0,0,0,0,549,2026-02-07 01:57:13.773826
BYL,48.78,48.77,48.79,50000000.0,50000000.0,0,0,0,0,0,0,0,0,0,0,0,0,0,0,0,0,0,0,0,0,0,0,0,0,0,0,549,2026-02-07 01:57:13.773826
CLD,86.56,86.55,86.57,50000000.0,50000000.0,0,0,0,0,0,0,0,0,0,0,0,0,0,0,0,0,0,0,0,0,0,0,0,0,0,0,549,2026-02-07 01:57:13.773826
GGD,40.97,40.96,40.98,50000000.0,50000000.0,0,0,0,0,0,0,0,0,0,0,0,0,0,0,0,0,0,0,0,0,0,0,0,0,0,0,549,2026-02-07 01:57:13.773826
PNR,60.25,60.24,60.26,50000000.0,50000000.0,0,0,0,0,0,0,0,0,0,0,0,0,0,0,0,0,0,0,0,0,0,0,0,0,0,0,549,2026-02-07 01:57:13.773826
FSR,36.73,36.72,36.74,50000000.0,50000000.0,0,0,0,0,0,0,0,0,0,0,0,0,0,0,0,0,0,0,0,0,0,0,0,0,0,0,549,2026-02-07 01:57:13.773826
ATB,57.41,57.4,57.42,50000000.0,50000000.0,0,0,0,0,0,0,0,0,0,0,0,0,0,0,0,0,0,0,0,0,0,0,0,0,0,0,549,2026-02-07 01:57:13.773826
SPK,58.25,58.24,58.26,50000000.0,50000000.0,0,0,0,0,0,0,0,0,0,0,0,0,0,0,0,0,0,0,0,0,0,0,0,0,0,0,549,2026-02-07 01:57:13.773826
EEC,54.98,54.97,54.99,50000000.0,50000000.0,0,0,0,0,0,0,0,0,0,0,0,0,0,0,0,0,0,0,0,0,0,0,0,0,0,0,549,2026-02-07 01:57:13.773826
TGX,47.23,47.22,47.24,50000000.0,50000000.0,0,0,0,0,0,0,0,0,0,0,0,0,0,0,0,0,0,0,0,0,0,0,0,0,0,0,550,2026-02-07 01:57:14.844191
PHR,53.21,53.2,53.22,50000000.0,50000000.0,0,0,0,0,0,0,0,0,0,0,0,0,0,0,0,0,0,0,0,0,0,0,0,0,0,0,550,2026-02-07 01:57:14.844191
BYL,48.84,48.83,48.85,50000000.0,50000000.0,0,0,0,0,0,0,0,0,0,0,0,0,0,0,0,0,0,0,0,0,0,0,0,0,0,0,550,2026-02-07 01:57:14.844191
CLD,86.6,86.59,86.61,50000000.0,50000000.0,0,0,0,0,0,0,0,0,0,0,0,0,0,0,0,0,0,0,0,0,0,0,0,0,0,0,550,2026-02-07 01:57:14.844191
GGD,41.76,41.75,41.77,50000000.0,50000000.0,0,0,0,0,0,0,0,0,0,0,0,0,0,0,0,0,0,0,0,0,0,0,0,0,0,0,550,2026-02-07 01:57:14.844191
PNR,60.43,60.42,60.44,50000000.0,50000000.0,0,0,0,0,0,0,0,0,0,0,0,0,0,0,0,0,0,0,0,0,0,0,0,0,0,0,550,2026-02-07 01:57:14.844191
FSR,36.73,36.72,36.74,50000000.0,50000000.0,0,0,0,0,0,0,0,0,0,0,0,0,0,0,0,0,0,0,0,0,0,0,0,0,0,0,550,2026-02-07 01:57:14.844191
ATB,57.18,57.17,57.19,50000000.0,50000000.0,0,0,0,0,0,0,0,0,0,0,0,0,0,0,0,0,0,0,0,0,0,0,0,0,0,0,550,2026-02-07 01:57:14.844191
SPK,58.15,58.14,58.16,50000000.0,50000000.0,0,0,0,0,0,0,0,0,0,0,0,0,0,0,0,0,0,0,0,0,0,0,0,0,0,0,550,2026-02-07 01:57:14.844191
EEC,54.91,54.9,54.92,50000000.0,50000000.0,0,0,0,0,0,0,0,0,0,0,0,0,0,0,0,0,0,0,0,0,0,0,0,0,0,0,550,2026-02-07 01:57:14.844191
TGX,47.25,47.24,47.26,50000000.0,50000000.0,0,0,0,0,0,0,0,0,0,0,0,0,0,0,0,0,0,0,0,0,0,0,0,0,0,0,551,2026-02-07 01:57:15.896863
PHR,53.54,53.53,53.55,50000000.0,50000000.0,0,0,0,0,0,0,0,0,0,0,0,0,0,0,0,0,0,0,0,0,0,0,0,0,0,0,551,2026-02-07 01:57:15.896863
BYL,49.02,49.01,49.03,50000000.0,50000000.0,0,0,0,0,0,0,0,0,0,0,0,0,0,0,0,0,0,0,0,0,0,0,0,0,0,0,551,2026-02-07 01:57:15.896863
CLD,86.98,86.97,86.99,50000000.0,50000000.0,0,0,0,0,0,0,0,0,0,0,0,0,0,0,0,0,0,0,0,0,0,0,0,0,0,0,551,2026-02-07 01:57:15.896863
GGD,41.86,41.85,41.87,50000000.0,50000000.0,0,0,0,0,0,0,0,0,0,0,0,0,0,0,0,0,0,0,0,0,0,0,0,0,0,0,551,2026-02-07 01:57:15.896863
PNR,60.88,60.87,60.89,50000000.0,50000000.0,0,0,0,0,0,0,0,0,0,0,0,0,0,0,0,0,0,0,0,0,0,0,0,0,0,0,551,2026-02-07 01:57:15.896863
FSR,36.71,36.7,36.72,50000000.0,50000000.0,0,0,0,0,0,0,0,0,0,0,0,0,0,0,0,0,0,0,0,0,0,0,0,0,0,0,551,2026-02-07 01:57:15.896863
ATB,57.13,57.12,57.14,50000000.0,50000000.0,0,0,0,0,0,0,0,0,0,0,0,0,0,0,0,0,0,0,0,0,0,0,0,0,0,0,551,2026-02-07 01:57:15.896863
SPK,58.27,58.26,58.28,50000000.0,50000000.0,0,0,0,0,0,0,0,0,0,0,0,0,0,0,0,0,0,0,0,0,0,0,0,0,0,0,551,2026-02-07 01:57:15.896863
EEC,54.99,54.98,55.0,50000000.0,50000000.0,0,0,0,0,0,0,0,0,0,0,0,0,0,0,0,0,0,0,0,0,0,0,0,0,0,0,551,2026-02-07 01:57:15.896863
TGX,47.25,47.24,47.26,50000000.0,50000000.0,0,0,0,0,0,0,0,0,0,0,0,0,0,0,0,0,0,0,0,0,0,0,0,0,0,0,552,2026-02-07 01:57:16.951749
PHR,53.65,53.64,53.66,50000000.0,50000000.0,0,0,0,0,0,0,0,0,0,0,0,0,0,0,0,0,0,0,0,0,0,0,0,0,0,0,552,2026-02-07 01:57:16.951749
BYL,48.73,48.72,48.74,50000000.0,50000000.0,0,0,0,0,0,0,0,0,0,0,0,0,0,0,0,0,0,0,0,0,0,0,0,0,0,0,552,2026-02-07 01:57:16.951749
CLD,86.23,86.22,86.24,50000000.0,50000000.0,0,0,0,0,0,0,0,0,0,0,0,0,0,0,0,0,0,0,0,0,0,0,0,0,0,0,552,2026-02-07 01:57:16.951749
GGD,41.84,41.83,41.85,50000000.0,50000000.0,0,0,0,0,0,0,0,0,0,0,0,0,0,0,0,0,0,0,0,0,0,0,0,0,0,0,552,2026-02-07 01:57:16.951749
PNR,60.74,60.73,60.75,50000000.0,50000000.0,0,0,0,0,0,0,0,0,0,0,0,0,0,0,0,0,0,0,0,0,0,0,0,0,0,0,552,2026-02-07 01:57:16.951749
FSR,36.71,36.7,36.72,50000000.0,50000000.0,0,0,0,0,0,0,0,0,0,0,0,0,0,0,0,0,0,0,0,0,0,0,0,0,0,0,552,2026-02-07 01:57:16.951749
ATB,57.16,57.15,57.17,50000000.0,50000000.0,0,0,0,0,0,0,0,0,0,0,0,0,0,0,0,0,0,0,0,0,0,0,0,0,0,0,552,2026-02-07 01:57:16.951749
SPK,58.39,58.38,58.4,50000000.0,50000000.0,0,0,0,0,0,0,0,0,0,0,0,0,0,0,0,0,0,0,0,0,0,0,0,0,0,0,552,2026-02-07 01:57:16.951749
EEC,55.27,55.26,55.28,50000000.0,50000000.0,0,0,0,0,0,0,0,0,0,0,0,0,0,0,0,0,0,0,0,0,0,0,0,0,0,0,552,2026-02-07 01:57:16.951749
TGX,47.21,47.2,47.22,50000000.0,50000000.0,0,0,0,0,0,0,0,0,0,0,0,0,0,0,0,0,0,0,0,0,0,0,0,0,0,0,553,2026-02-07 01:57:18.029548
PHR,53.64,53.63,53.65,50000000.0,50000000.0,0,0,0,0,0,0,0,0,0,0,0,0,0,0,0,0,0,0,0,0,0,0,0,0,0,0,553,2026-02-07 01:57:18.029548
BYL,48.68,48.67,48.69,50000000.0,50000000.0,0,0,0,0,0,0,0,0,0,0,0,0,0,0,0,0,0,0,0,0,0,0,0,0,0,0,553,2026-02-07 01:57:18.029548
CLD,86.11,86.1,86.12,50000000.0,50000000.0,0,0,0,0,0,0,0,0,0,0,0,0,0,0,0,0,0,0,0,0,0,0,0,0,0,0,553,2026-02-07 01:57:18.029548
GGD,41.74,41.73,41.75,50000000.0,50000000.0,0,0,0,0,0,0,0,0,0,0,0,0,0,0,0,0,0,0,0,0,0,0,0,0,0,0,553,2026-02-07 01:57:18.029548
PNR,60.74,60.73,60.75,50000000.0,50000000.0,0,0,0,0,0,0,0,0,0,0,0,0,0,0,0,0,0,0,0,0,0,0,0,0,0,0,553,2026-02-07 01:57:18.029548
FSR,36.74,36.73,36.75,50000000.0,50000000.0,0,0,0,0,0,0,0,0,0,0,0,0,0,0,0,0,0,0,0,0,0,0,0,0,0,0,553,2026-02-07 01:57:18.029548
ATB,57.09,57.08,57.1,50000000.0,50000000.0,0,0,0,0,0,0,0,0,0,0,0,0,0,0,0,0,0,0,0,0,0,0,0,0,0,0,553,2026-02-07 01:57:18.029548
SPK,58.35,58.34,58.36,50000000.0,50000000.0,0,0,0,0,0,0,0,0,0,0,0,0,0,0,0,0,0,0,0,0,0,0,0,0,0,0,553,2026-02-07 01:57:18.029548
EEC,55.25,55.24,55.26,50000000.0,50000000.0,0,0,0,0,0,0,0,0,0,0,0,0,0,0,0,0,0,0,0,0,0,0,0,0,0,0,553,2026-02-07 01:57:18.029548
TGX,47.23,47.22,47.24,50000000.0,50000000.0,0,0,0,0,0,0,0,0,0,0,0,0,0,0,0,0,0,0,0,0,0,0,0,0,0,0,554,2026-02-07 01:57:18.640070
PHR,53.43,53.42,53.44,50000000.0,50000000.0,0,0,0,0,0,0,0,0,0,0,0,0,0,0,0,0,0,0,0,0,0,0,0,0,0,0,554,2026-02-07 01:57:18.640070
BYL,48.88,48.87,48.89,50000000.0,50000000.0,0,0,0,0,0,0,0,0,0,0,0,0,0,0,0,0,0,0,0,0,0,0,0,0,0,0,554,2026-02-07 01:57:18.640070
CLD,86.57,86.56,86.58,50000000.0,50000000.0,0,0,0,0,0,0,0,0,0,0,0,0,0,0,0,0,0,0,0,0,0,0,0,0,0,0,554,2026-02-07 01:57:18.640070
GGD,41.73,41.72,41.74,50000000.0,50000000.0,0,0,0,0,0,0,0,0,0,0,0,0,0,0,0,0,0,0,0,0,0,0,0,0,0,0,554,2026-02-07 01:57:18.640070
PNR,60.62,60.61,60.63,50000000.0,50000000.0,0,0,0,0,0,0,0,0,0,0,0,0,0,0,0,0,0,0,0,0,0,0,0,0,0,0,554,2026-02-07 01:57:18.640070
FSR,36.73,36.72,36.74,50000000.0,50000000.0,0,0,0,0,0,0,0,0,0,0,0,0,0,0,0,0,0,0,0,0,0,0,0,0,0,0,554,2026-02-07 01:57:18.640070
ATB,57.19,57.18,57.2,50000000.0,50000000.0,0,0,0,0,0,0,0,0,0,0,0,0,0,0,0,0,0,0,0,0,0,0,0,0,0,0,554,2026-02-07 01:57:18.640070
SPK,58.16,58.15,58.17,50000000.0,50000000.0,0,0,0,0,0,0,0,0,0,0,0,0,0,0,0,0,0,0,0,0,0,0,0,0,0,0,554,2026-02-07 01:57:18.640070
EEC,54.91,54.9,54.92,50000000.0,50000000.0,0,0,0,0,0,0,0,0,0,0,0,0,0,0,0,0,0,0,0,0,0,0,0,0,0,0,554,2026-02-07 01:57:18.640070
TGX,47.18,47.17,47.19,50000000.0,50000000.0,0,0,0,0,0,0,0,0,0,0,0,0,0,0,0,0,0,0,0,0,0,0,0,0,0,0,555,2026-02-07 01:57:19.694306
PHR,54.08,54.07,54.09,50000000.0,50000000.0,0,0,0,0,0,0,0,0,0,0,0,0,0,0,0,0,0,0,0,0,0,0,0,0,0,0,555,2026-02-07 01:57:19.694306
BYL,48.64,48.63,48.65,50000000.0,50000000.0,0,0,0,0,0,0,0,0,0,0,0,0,0,0,0,0,0,0,0,0,0,0,0,0,0,0,555,2026-02-07 01:57:19.694306
CLD,86.1,86.09,86.11,50000000.0,50000000.0,0,0,0,0,0,0,0,0,0,0,0,0,0,0,0,0,0,0,0,0,0,0,0,0,0,0,555,2026-02-07 01:57:19.694306
GGD,41.67,41.66,41.68,50000000.0,50000000.0,0,0,0,0,0,0,0,0,0,0,0,0,0,0,0,0,0,0,0,0,0,0,0,0,0,0,555,2026-02-07 01:57:19.694306
PNR,60.36,60.35,60.37,50000000.0,50000000.0,0,0,0,0,0,0,0,0,0,0,0,0,0,0,0,0,0,0,0,0,0,0,0,0,0,0,555,2026-02-07 01:57:19.694306
FSR,36.76,36.75,36.77,50000000.0,50000000.0,0,0,0,0,0,0,0,0,0,0,0,0,0,0,0,0,0,0,0,0,0,0,0,0,0,0,555,2026-02-07 01:57:19.694306
ATB,57.13,57.12,57.14,50000000.0,50000000.0,0,0,0,0,0,0,0,0,0,0,0,0,0,0,0,0,0,0,0,0,0,0,0,0,0,0,555,2026-02-07 01:57:19.694306
SPK,58.29,58.28,58.3,50000000.0,50000000.0,0,0,0,0,0,0,0,0,0,0,0,0,0,0,0,0,0,0,0,0,0,0,0,0,0,0,555,2026-02-07 01:57:19.694306
EEC,55.1,55.09,55.11,50000000.0,50000000.0,0,0,0,0,0,0,0,0,0,0,0,0,0,0,0,0,0,0,0,0,0,0,0,0,0,0,555,2026-02-07 01:57:19.694306
TGX,47.27,47.26,47.28,50000000.0,50000000.0,0,0,0,0,0,0,0,0,0,0,0,0,0,0,0,0,0,0,0,0,0,0,0,0,0,0,556,2026-02-07 01:57:20.737437
PHR,54.49,54.48,54.5,50000000.0,50000000.0,0,0,0,0,0,0,0,0,0,0,0,0,0,0,0,0,0,0,0,0,0,0,0,0,0,0,556,2026-02-07 01:57:20.737437
BYL,48.51,48.5,48.52,50000000.0,50000000.0,0,0,0,0,0,0,0,0,0,0,0,0,0,0,0,0,0,0,0,0,0,0,0,0,0,0,556,2026-02-07 01:57:20.737437
CLD,85.8,85.79,85.81,50000000.0,50000000.0,0,0,0,0,0,0,0,0,0,0,0,0,0,0,0,0,0,0,0,0,0,0,0,0,0,0,556,2026-02-07 01:57:20.737437
GGD,41.66,41.65,41.67,50000000.0,50000000.0,0,0,0,0,0,0,0,0,0,0,0,0,0,0,0,0,0,0,0,0,0,0,0,0,0,0,556,2026-02-07 01:57:20.737437
PNR,60.39,60.38,60.4,50000000.0,50000000.0,0,0,0,0,0,0,0,0,0,0,0,0,0,0,0,0,0,0,0,0,0,0,0,0,0,0,556,2026-02-07 01:57:20.737437
FSR,36.74,36.73,36.75,50000000.0,50000000.0,0,0,0,0,0,0,0,0,0,0,0,0,0,0,0,0,0,0,0,0,0,0,0,0,0,0,556,2026-02-07 01:57:20.737437
ATB,57.15,57.14,57.16,50000000.0,50000000.0,0,0,0,0,0,0,0,0,0,0,0,0,0,0,0,0,0,0,0,0,0,0,0,0,0,0,556,2026-02-07 01:57:20.737437
SPK,58.25,58.24,58.26,50000000.0,50000000.0,0,0,0,0,0,0,0,0,0,0,0,0,0,0,0,0,0,0,0,0,0,0,0,0,0,0,556,2026-02-07 01:57:20.737437
EEC,55.0,54.99,55.01,50000000.0,50000000.0,0,0,0,0,0,0,0,0,0,0,0,0,0,0,0,0,0,0,0,0,0,0,0,0,0,0,556,2026-02-07 01:57:20.737437
TGX,47.28,47.27,47.29,50000000.0,50000000.0,0,0,0,0,0,0,0,0,0,0,0,0,0,0,0,0,0,0,0,0,0,0,0,0,0,0,557,2026-02-07 01:57:21.796122
PHR,54.4,54.39,54.41,50000000.0,50000000.0,0,0,0,0,0,0,0,0,0,0,0,0,0,0,0,0,0,0,0,0,0,0,0,0,0,0,557,2026-02-07 01:57:21.796122
BYL,48.34,48.33,48.35,50000000.0,50000000.0,0,0,0,0,0,0,0,0,0,0,0,0,0,0,0,0,0,0,0,0,0,0,0,0,0,0,557,2026-02-07 01:57:21.796122
CLD,85.51,85.5,85.52,50000000.0,50000000.0,0,0,0,0,0,0,0,0,0,0,0,0,0,0,0,0,0,0,0,0,0,0,0,0,0,0,557,2026-02-07 01:57:21.796122
GGD,41.73,41.72,41.74,50000000.0,50000000.0,0,0,0,0,0,0,0,0,0,0,0,0,0,0,0,0,0,0,0,0,0,0,0,0,0,0,557,2026-02-07 01:57:21.796122
PNR,60.42,60.41,60.43,50000000.0,50000000.0,0,0,0,0,0,0,0,0,0,0,0,0,0,0,0,0,0,0,0,0,0,0,0,0,0,0,557,2026-02-07 01:57:21.796122
FSR,36.73,36.72,36.74,50000000.0,50000000.0,0,0,0,0,0,0,0,0,0,0,0,0,0,0,0,0,0,0,0,0,0,0,0,0,0,0,557,2026-02-07 01:57:21.796122
ATB,57.07,57.06,57.08,50000000.0,50000000.0,0,0,0,0,0,0,0,0,0,0,0,0,0,0,0,0,0,0,0,0,0,0,0,0,0,0,557,2026-02-07 01:57:21.796122
SPK,58.5,58.49,58.51,50000000.0,50000000.0,0,0,0,0,0,0,0,0,0,0,0,0,0,0,0,0,0,0,0,0,0,0,0,0,0,0,557,2026-02-07 01:57:21.796122
EEC,55.42,55.41,55.43,50000000.0,50000000.0,0,0,0,0,0,0,0,0,0,0,0,0,0,0,0,0,0,0,0,0,0,0,0,0,0,0,557,2026-02-07 01:57:21.796122
TGX,47.21,47.2,47.22,50000000.0,50000000.0,0,0,0,0,0,0,0,0,0,0,0,0,0,0,0,0,0,0,0,0,0,0,0,0,0,0,558,2026-02-07 01:57:22.834576
PHR,54.55,54.54,54.56,50000000.0,50000000.0,0,0,0,0,0,0,0,0,0,0,0,0,0,0,0,0,0,0,0,0,0,0,0,0,0,0,558,2026-02-07 01:57:22.834576
BYL,48.11,48.1,48.12,50000000.0,50000000.0,0,0,0,0,0,0,0,0,0,0,0,0,0,0,0,0,0,0,0,0,0,0,0,0,0,0,558,2026-02-07 01:57:22.834576
CLD,84.92,84.91,84.93,50000000.0,50000000.0,0,0,0,0,0,0,0,0,0,0,0,0,0,0,0,0,0,0,0,0,0,0,0,0,0,0,558,2026-02-07 01:57:22.834576
GGD,41.71,41.7,41.72,50000000.0,50000000.0,0,0,0,0,0,0,0,0,0,0,0,0,0,0,0,0,0,0,0,0,0,0,0,0,0,0,558,2026-02-07 01:57:22.834576
PNR,60.56,60.55,60.57,50000000.0,50000000.0,0,0,0,0,0,0,0,0,0,0,0,0,0,0,0,0,0,0,0,0,0,0,0,0,0,0,558,2026-02-07 01:57:22.834576
FSR,36.76,36.75,36.77,50000000.0,50000000.0,0,0,0,0,0,0,0,0,0,0,0,0,0,0,0,0,0,0,0,0,0,0,0,0,0,0,558,2026-02-07 01:57:22.834576
ATB,56.97,56.96,56.98,50000000.0,50000000.0,0,0,0,0,0,0,0,0,0,0,0,0,0,0,0,0,0,0,0,0,0,0,0,0,0,0,558,2026-02-07 01:57:22.834576
SPK,58.58,58.57,58.59,50000000.0,50000000.0,0,0,0,0,0,0,0,0,0,0,0,0,0,0,0,0,0,0,0,0,0,0,0,0,0,0,558,2026-02-07 01:57:22.834576
EEC,55.59,55.58,55.6,50000000.0,50000000.0,0,0,0,0,0,0,0,0,0,0,0,0,0,0,0,0,0,0,0,0,0,0,0,0,0,0,558,2026-02-07 01:57:22.834576
TGX,47.23,47.22,47.24,50000000.0,50000000.0,0,0,0,0,0,0,0,0,0,0,0,0,0,0,0,0,0,0,0,0,0,0,0,0,0,0,559,2026-02-07 01:57:23.887966
PHR,54.35,54.34,54.36,50000000.0,50000000.0,0,0,0,0,0,0,0,0,0,0,0,0,0,0,0,0,0,0,0,0,0,0,0,0,0,0,559,2026-02-07 01:57:23.887966
BYL,47.96,47.95,47.97,50000000.0,50000000.0,0,0,0,0,0,0,0,0,0,0,0,0,0,0,0,0,0,0,0,0,0,0,0,0,0,0,559,2026-02-07 01:57:23.887966
CLD,84.74,84.73,84.75,50000000.0,50000000.0,0,0,0,0,0,0,0,0,0,0,0,0,0,0,0,0,0,0,0,0,0,0,0,0,0,0,559,2026-02-07 01:57:23.887966
GGD,41.8,41.79,41.81,50000000.0,50000000.0,0,0,0,0,0,0,0,0,0,0,0,0,0,0,0,0,0,0,0,0,0,0,0,0,0,0,559,2026-02-07 01:57:23.887966
PNR,60.67,60.66,60.68,50000000.0,50000000.0,0,0,0,0,0,0,0,0,0,0,0,0,0,0,0,0,0,0,0,0,0,0,0,0,0,0,559,2026-02-07 01:57:23.887966
FSR,36.68,36.67,36.69,50000000.0,50000000.0,0,0,0,0,0,0,0,0,0,0,0,0,0,0,0,0,0,0,0,0,0,0,0,0,0,0,559,2026-02-07 01:57:23.887966
ATB,57.01,57.0,57.02,50000000.0,50000000.0,0,0,0,0,0,0,0,0,0,0,0,0,0,0,0,0,0,0,0,0,0,0,0,0,0,0,559,2026-02-07 01:57:23.887966
SPK,58.58,58.57,58.59,50000000.0,50000000.0,0,0,0,0,0,0,0,0,0,0,0,0,0,0,0,0,0,0,0,0,0,0,0,0,0,0,559,2026-02-07 01:57:23.887966
EEC,55.43,55.42,55.44,50000000.0,50000000.0,0,0,0,0,0,0,0,0,0,0,0,0,0,0,0,0,0,0,0,0,0,0,0,0,0,0,559,2026-02-07 01:57:23.887966
TGX,47.31,47.3,47.32,50000000.0,50000000.0,0,0,0,0,0,0,0,0,0,0,0,0,0,0,0,0,0,0,0,0,0,0,0,0,0,0,560,2026-02-07 01:57:24.945266
PHR,54.73,54.72,54.74,50000000.0,50000000.0,0,0,0,0,0,0,0,0,0,0,0,0,0,0,0,0,0,0,0,0,0,0,0,0,0,0,560,2026-02-07 01:57:24.945266
BYL,48.29,48.28,48.3,50000000.0,50000000.0,0,0,0,0,0,0,0,0,0,0,0,0,0,0,0,0,0,0,0,0,0,0,0,0,0,0,560,2026-02-07 01:57:24.945266
CLD,85.46,85.45,85.47,50000000.0,50000000.0,0,0,0,0,0,0,0,0,0,0,0,0,0,0,0,0,0,0,0,0,0,0,0,0,0,0,560,2026-02-07 01:57:24.945266
GGD,41.86,41.85,41.87,50000000.0,50000000.0,0,0,0,0,0,0,0,0,0,0,0,0,0,0,0,0,0,0,0,0,0,0,0,0,0,0,560,2026-02-07 01:57:24.945266
PNR,61.08,61.07,61.09,50000000.0,50000000.0,0,0,0,0,0,0,0,0,0,0,0,0,0,0,0,0,0,0,0,0,0,0,0,0,0,0,560,2026-02-07 01:57:24.945266
FSR,36.68,36.67,36.69,50000000.0,50000000.0,0,0,0,0,0,0,0,0,0,0,0,0,0,0,0,0,0,0,0,0,0,0,0,0,0,0,560,2026-02-07 01:57:24.945266
ATB,56.98,56.97,56.99,50000000.0,50000000.0,0,0,0,0,0,0,0,0,0,0,0,0,0,0,0,0,0,0,0,0,0,0,0,0,0,0,560,2026-02-07 01:57:24.945266
SPK,58.71,58.7,58.72,50000000.0,50000000.0,0,0,0,0,0,0,0,0,0,0,0,0,0,0,0,0,0,0,0,0,0,0,0,0,0,0,560,2026-02-07 01:57:24.945266
EEC,55.69,55.68,55.7,50000000.0,50000000.0,0,0,0,0,0,0,0,0,0,0,0,0,0,0,0,0,0,0,0,0,0,0,0,0,0,0,560,2026-02-07 01:57:24.945266
TGX,47.27,47.26,47.28,50000000.0,50000000.0,0,0,0,0,0,0,0,0,0,0,0,0,0,0,0,0,0,0,0,0,0,0,0,0,0,0,561,2026-02-07 01:57:25.985611
PHR,54.82,54.81,54.83,50000000.0,50000000.0,0,0,0,0,0,0,0,0,0,0,0,0,0,0,0,0,0,0,0,0,0,0,0,0,0,0,561,2026-02-07 01:57:25.985611
BYL,48.78,48.77,48.79,50000000.0,50000000.0,0,0,0,0,0,0,0,0,0,0,0,0,0,0,0,0,0,0,0,0,0,0,0,0,0,0,561,2026-02-07 01:57:25.985611
CLD,86.39,86.38,86.4,50000000.0,50000000.0,0,0,0,0,0,0,0,0,0,0,0,0,0,0,0,0,0,0,0,0,0,0,0,0,0,0,561,2026-02-07 01:57:25.985611
GGD,41.83,41.82,41.84,50000000.0,50000000.0,0,0,0,0,0,0,0,0,0,0,0,0,0,0,0,0,0,0,0,0,0,0,0,0,0,0,561,2026-02-07 01:57:25.985611
PNR,61.11,61.1,61.12,50000000.0,50000000.0,0,0,0,0,0,0,0,0,0,0,0,0,0,0,0,0,0,0,0,0,0,0,0,0,0,0,561,2026-02-07 01:57:25.985611
FSR,36.72,36.71,36.73,50000000.0,50000000.0,0,0,0,0,0,0,0,0,0,0,0,0,0,0,0,0,0,0,0,0,0,0,0,0,0,0,561,2026-02-07 01:57:25.985611
ATB,57.01,57.0,57.02,50000000.0,50000000.0,0,0,0,0,0,0,0,0,0,0,0,0,0,0,0,0,0,0,0,0,0,0,0,0,0,0,561,2026-02-07 01:57:25.985611
SPK,58.75,58.74,58.76,50000000.0,50000000.0,0,0,0,0,0,0,0,0,0,0,0,0,0,0,0,0,0,0,0,0,0,0,0,0,0,0,561,2026-02-07 01:57:25.985611
EEC,55.76,55.75,55.77,50000000.0,50000000.0,0,0,0,0,0,0,0,0,0,0,0,0,0,0,0,0,0,0,0,0,0,0,0,0,0,0,561,2026-02-07 01:57:25.985611
TGX,47.24,47.23,47.25,50000000.0,50000000.0,0,0,0,0,0,0,0,0,0,0,0,0,0,0,0,0,0,0,0,0,0,0,0,0,0,0,562,2026-02-07 01:57:27.041501
PHR,55.16,55.15,55.17,50000000.0,50000000.0,0,0,0,0,0,0,0,0,0,0,0,0,0,0,0,0,0,0,0,0,0,0,0,0,0,0,562,2026-02-07 01:57:27.041501
BYL,48.89,48.88,48.9,50000000.0,50000000.0,0,0,0,0,0,0,0,0,0,0,0,0,0,0,0,0,0,0,0,0,0,0,0,0,0,0,562,2026-02-07 01:57:27.041501
CLD,86.63,86.62,86.64,50000000.0,50000000.0,0,0,0,0,0,0,0,0,0,0,0,0,0,0,0,0,0,0,0,0,0,0,0,0,0,0,562,2026-02-07 01:57:27.041501
GGD,41.85,41.84,41.86,50000000.0,50000000.0,0,0,0,0,0,0,0,0,0,0,0,0,0,0,0,0,0,0,0,0,0,0,0,0,0,0,562,2026-02-07 01:57:27.041501
PNR,61.13,61.12,61.14,50000000.0,50000000.0,0,0,0,0,0,0,0,0,0,0,0,0,0,0,0,0,0,0,0,0,0,0,0,0,0,0,562,2026-02-07 01:57:27.041501
FSR,36.7,36.69,36.71,50000000.0,50000000.0,0,0,0,0,0,0,0,0,0,0,0,0,0,0,0,0,0,0,0,0,0,0,0,0,0,0,562,2026-02-07 01:57:27.041501
ATB,57.18,57.17,57.19,50000000.0,50000000.0,0,0,0,0,0,0,0,0,0,0,0,0,0,0,0,0,0,0,0,0,0,0,0,0,0,0,562,2026-02-07 01:57:27.041501
SPK,58.69,58.68,58.7,50000000.0,50000000.0,0,0,0,0,0,0,0,0,0,0,0,0,0,0,0,0,0,0,0,0,0,0,0,0,0,0,562,2026-02-07 01:57:27.041501
EEC,55.7,55.69,55.71,50000000.0,50000000.0,0,0,0,0,0,0,0,0,0,0,0,0,0,0,0,0,0,0,0,0,0,0,0,0,0,0,562,2026-02-07 01:57:27.041501
TGX,47.24,47.23,47.25,50000000.0,50000000.0,0,0,0,0,0,0,0,0,0,0,0,0,0,0,0,0,0,0,0,0,0,0,0,0,0,0,563,2026-02-07 01:57:27.673187
PHR,55.14,55.13,55.15,50000000.0,50000000.0,0,0,0,0,0,0,0,0,0,0,0,0,0,0,0,0,0,0,0,0,0,0,0,0,0,0,563,2026-02-07 01:57:27.673187
BYL,48.43,48.42,48.44,50000000.0,50000000.0,0,0,0,0,0,0,0,0,0,0,0,0,0,0,0,0,0,0,0,0,0,0,0,0,0,0,563,2026-02-07 01:57:27.673187
CLD,85.66,85.65,85.67,50000000.0,50000000.0,0,0,0,0,0,0,0,0,0,0,0,0,0,0,0,0,0,0,0,0,0,0,0,0,0,0,563,2026-02-07 01:57:27.673187
GGD,41.84,41.83,41.85,50000000.0,50000000.0,0,0,0,0,0,0,0,0,0,0,0,0,0,0,0,0,0,0,0,0,0,0,0,0,0,0,563,2026-02-07 01:57:27.673187
PNR,61.28,61.27,61.29,50000000.0,50000000.0,0,0,0,0,0,0,0,0,0,0,0,0,0,0,0,0,0,0,0,0,0,0,0,0,0,0,563,2026-02-07 01:57:27.673187
FSR,36.68,36.67,36.69,50000000.0,50000000.0,0,0,0,0,0,0,0,0,0,0,0,0,0,0,0,0,0,0,0,0,0,0,0,0,0,0,563,2026-02-07 01:57:27.673187
ATB,57.3,57.29,57.31,50000000.0,50000000.0,0,0,0,0,0,0,0,0,0,0,0,0,0,0,0,0,0,0,0,0,0,0,0,0,0,0,563,2026-02-07 01:57:27.673187
SPK,58.59,58.58,58.6,50000000.0,50000000.0,0,0,0,0,0,0,0,0,0,0,0,0,0,0,0,0,0,0,0,0,0,0,0,0,0,0,563,2026-02-07 01:57:27.673187
EEC,55.51,55.5,55.52,50000000.0,50000000.0,0,0,0,0,0,0,0,0,0,0,0,0,0,0,0,0,0,0,0,0,0,0,0,0,0,0,563,2026-02-07 01:57:27.673187
TGX,47.24,47.23,47.25,50000000.0,50000000.0,0,0,0,0,0,0,0,0,0,0,0,0,0,0,0,0,0,0,0,0,0,0,0,0,0,0,564,2026-02-07 01:57:28.730430
PHR,55.48,55.47,55.49,50000000.0,50000000.0,0,0,0,0,0,0,0,0,0,0,0,0,0,0,0,0,0,0,0,0,0,0,0,0,0,0,564,2026-02-07 01:57:28.730430
BYL,48.46,48.45,48.47,50000000.0,50000000.0,0,0,0,0,0,0,0,0,0,0,0,0,0,0,0,0,0,0,0,0,0,0,0,0,0,0,564,2026-02-07 01:57:28.730430
CLD,85.68,85.67,85.69,50000000.0,50000000.0,0,0,0,0,0,0,0,0,0,0,0,0,0,0,0,0,0,0,0,0,0,0,0,0,0,0,564,2026-02-07 01:57:28.730430
GGD,41.83,41.82,41.84,50000000.0,50000000.0,0,0,0,0,0,0,0,0,0,0,0,0,0,0,0,0,0,0,0,0,0,0,0,0,0,0,564,2026-02-07 01:57:28.730430
PNR,61.27,61.26,61.28,50000000.0,50000000.0,0,0,0,0,0,0,0,0,0,0,0,0,0,0,0,0,0,0,0,0,0,0,0,0,0,0,564,2026-02-07 01:57:28.730430
FSR,36.72,36.71,36.73,50000000.0,50000000.0,0,0,0,0,0,0,0,0,0,0,0,0,0,0,0,0,0,0,0,0,0,0,0,0,0,0,564,2026-02-07 01:57:28.730430
ATB,57.32,57.31,57.33,50000000.0,50000000.0,0,0,0,0,0,0,0,0,0,0,0,0,0,0,0,0,0,0,0,0,0,0,0,0,0,0,564,2026-02-07 01:57:28.730430
SPK,58.83,58.82,58.84,50000000.0,50000000.0,0,0,0,0,0,0,0,0,0,0,0,0,0,0,0,0,0,0,0,0,0,0,0,0,0,0,564,2026-02-07 01:57:28.730430
EEC,55.83,55.82,55.84,50000000.0,50000000.0,0,0,0,0,0,0,0,0,0,0,0,0,0,0,0,0,0,0,0,0,0,0,0,0,0,0,564,2026-02-07 01:57:28.730430
TGX,47.23,47.22,47.24,50000000.0,50000000.0,0,0,0,0,0,0,0,0,0,0,0,0,0,0,0,0,0,0,0,0,0,0,0,0,0,0,565,2026-02-07 01:57:29.773693
PHR,55.44,55.43,55.45,50000000.0,50000000.0,0,0,0,0,0,0,0,0,0,0,0,0,0,0,0,0,0,0,0,0,0,0,0,0,0,0,565,2026-02-07 01:57:29.773693
BYL,47.84,47.83,47.85,50000000.0,50000000.0,0,0,0,0,0,0,0,0,0,0,0,0,0,0,0,0,0,0,0,0,0,0,0,0,0,0,565,2026-02-07 01:57:29.773693
CLD,84.45,84.44,84.46,50000000.0,50000000.0,0,0,0,0,0,0,0,0,0,0,0,0,0,0,0,0,0,0,0,0,0,0,0,0,0,0,565,2026-02-07 01:57:29.773693
GGD,41.89,41.88,41.9,50000000.0,50000000.0,0,0,0,0,0,0,0,0,0,0,0,0,0,0,0,0,0,0,0,0,0,0,0,0,0,0,565,2026-02-07 01:57:29.773693
PNR,61.27,61.26,61.28,50000000.0,50000000.0,0,0,0,0,0,0,0,0,0,0,0,0,0,0,0,0,0,0,0,0,0,0,0,0,0,0,565,2026-02-07 01:57:29.773693
FSR,36.73,36.72,36.74,50000000.0,50000000.0,0,0,0,0,0,0,0,0,0,0,0,0,0,0,0,0,0,0,0,0,0,0,0,0,0,0,565,2026-02-07 01:57:29.773693
ATB,57.33,57.32,57.34,50000000.0,50000000.0,0,0,0,0,0,0,0,0,0,0,0,0,0,0,0,0,0,0,0,0,0,0,0,0,0,0,565,2026-02-07 01:57:29.773693
SPK,58.92,58.91,58.93,50000000.0,50000000.0,0,0,0,0,0,0,0,0,0,0,0,0,0,0,0,0,0,0,0,0,0,0,0,0,0,0,565,2026-02-07 01:57:29.773693
EEC,56.0,55.99,56.01,50000000.0,50000000.0,0,0,0,0,0,0,0,0,0,0,0,0,0,0,0,0,0,0,0,0,0,0,0,0,0,0,565,2026-02-07 01:57:29.773693
TGX,47.22,47.21,47.23,50000000.0,50000000.0,0,0,0,0,0,0,0,0,0,0,0,0,0,0,0,0,0,0,0,0,0,0,0,0,0,0,566,2026-02-07 01:57:30.824385
PHR,55.26,55.25,55.27,50000000.0,50000000.0,0,0,0,0,0,0,0,0,0,0,0,0,0,0,0,0,0,0,0,0,0,0,0,0,0,0,566,2026-02-07 01:57:30.824385
BYL,48.21,48.2,48.22,50000000.0,50000000.0,0,0,0,0,0,0,0,0,0,0,0,0,0,0,0,0,0,0,0,0,0,0,0,0,0,0,566,2026-02-07 01:57:30.824385
CLD,85.03,85.02,85.04,50000000.0,50000000.0,0,0,0,0,0,0,0,0,0,0,0,0,0,0,0,0,0,0,0,0,0,0,0,0,0,0,566,2026-02-07 01:57:30.824385
GGD,41.92,41.91,41.93,50000000.0,50000000.0,0,0,0,0,0,0,0,0,0,0,0,0,0,0,0,0,0,0,0,0,0,0,0,0,0,0,566,2026-02-07 01:57:30.824385
PNR,61.43,61.42,61.44,50000000.0,50000000.0,0,0,0,0,0,0,0,0,0,0,0,0,0,0,0,0,0,0,0,0,0,0,0,0,0,0,566,2026-02-07 01:57:30.824385
FSR,36.72,36.71,36.73,50000000.0,50000000.0,0,0,0,0,0,0,0,0,0,0,0,0,0,0,0,0,0,0,0,0,0,0,0,0,0,0,566,2026-02-07 01:57:30.824385
ATB,57.34,57.33,57.35,50000000.0,50000000.0,0,0,0,0,0,0,0,0,0,0,0,0,0,0,0,0,0,0,0,0,0,0,0,0,0,0,566,2026-02-07 01:57:30.824385
SPK,58.81,58.8,58.82,50000000.0,50000000.0,0,0,0,0,0,0,0,0,0,0,0,0,0,0,0,0,0,0,0,0,0,0,0,0,0,0,566,2026-02-07 01:57:30.824385
EEC,55.82,55.81,55.83,50000000.0,50000000.0,0,0,0,0,0,0,0,0,0,0,0,0,0,0,0,0,0,0,0,0,0,0,0,0,0,0,566,2026-02-07 01:57:30.824385
TGX,47.23,47.22,47.24,50000000.0,50000000.0,0,0,0,0,0,0,0,0,0,0,0,0,0,0,0,0,0,0,0,0,0,0,0,0,0,0,567,2026-02-07 01:57:31.904499
PHR,55.38,55.37,55.39,50000000.0,50000000.0,0,0,0,0,0,0,0,0,0,0,0,0,0,0,0,0,0,0,0,0,0,0,0,0,0,0,567,2026-02-07 01:57:31.904499
BYL,48.45,48.44,48.46,50000000.0,50000000.0,0,0,0,0,0,0,0,0,0,0,0,0,0,0,0,0,0,0,0,0,0,0,0,0,0,0,567,2026-02-07 01:57:31.904499
CLD,85.58,85.57,85.59,50000000.0,50000000.0,0,0,0,0,0,0,0,0,0,0,0,0,0,0,0,0,0,0,0,0,0,0,0,0,0,0,567,2026-02-07 01:57:31.904499
GGD,41.97,41.96,41.98,50000000.0,50000000.0,0,0,0,0,0,0,0,0,0,0,0,0,0,0,0,0,0,0,0,0,0,0,0,0,0,0,567,2026-02-07 01:57:31.904499
PNR,61.57,61.56,61.58,50000000.0,50000000.0,0,0,0,0,0,0,0,0,0,0,0,0,0,0,0,0,0,0,0,0,0,0,0,0,0,0,567,2026-02-07 01:57:31.904499
FSR,36.7,36.69,36.71,50000000.0,50000000.0,0,0,0,0,0,0,0,0,0,0,0,0,0,0,0,0,0,0,0,0,0,0,0,0,0,0,567,2026-02-07 01:57:31.904499
ATB,57.38,57.37,57.39,50000000.0,50000000.0,0,0,0,0,0,0,0,0,0,0,0,0,0,0,0,0,0,0,0,0,0,0,0,0,0,0,567,2026-02-07 01:57:31.904499
SPK,58.78,58.77,58.79,50000000.0,50000000.0,0,0,0,0,0,0,0,0,0,0,0,0,0,0,0,0,0,0,0,0,0,0,0,0,0,0,567,2026-02-07 01:57:31.904499
EEC,55.82,55.81,55.83,50000000.0,50000000.0,0,0,0,0,0,0,0,0,0,0,0,0,0,0,0,0,0,0,0,0,0,0,0,0,0,0,567,2026-02-07 01:57:31.904499
TGX,47.21,47.2,47.22,50000000.0,50000000.0,0,0,0,0,0,0,0,0,0,0,0,0,0,0,0,0,0,0,0,0,0,0,0,0,0,0,568,2026-02-07 01:57:32.958243
PHR,55.26,55.25,55.27,50000000.0,50000000.0,0,0,0,0,0,0,0,0,0,0,0,0,0,0,0,0,0,0,0,0,0,0,0,0,0,0,568,2026-02-07 01:57:32.958243
BYL,48.48,48.47,48.49,50000000.0,50000000.0,0,0,0,0,0,0,0,0,0,0,0,0,0,0,0,0,0,0,0,0,0,0,0,0,0,0,568,2026-02-07 01:57:32.958243
CLD,85.64,85.63,85.65,50000000.0,50000000.0,0,0,0,0,0,0,0,0,0,0,0,0,0,0,0,0,0,0,0,0,0,0,0,0,0,0,568,2026-02-07 01:57:32.958243
GGD,41.87,41.86,41.88,50000000.0,50000000.0,0,0,0,0,0,0,0,0,0,0,0,0,0,0,0,0,0,0,0,0,0,0,0,0,0,0,568,2026-02-07 01:57:32.958243
PNR,61.36,61.35,61.37,50000000.0,50000000.0,0,0,0,0,0,0,0,0,0,0,0,0,0,0,0,0,0,0,0,0,0,0,0,0,0,0,568,2026-02-07 01:57:32.958243
FSR,36.68,36.67,36.69,50000000.0,50000000.0,0,0,0,0,0,0,0,0,0,0,0,0,0,0,0,0,0,0,0,0,0,0,0,0,0,0,568,2026-02-07 01:57:32.958243
ATB,57.27,57.26,57.28,50000000.0,50000000.0,0,0,0,0,0,0,0,0,0,0,0,0,0,0,0,0,0,0,0,0,0,0,0,0,0,0,568,2026-02-07 01:57:32.958243
SPK,58.74,58.73,58.75,50000000.0,50000000.0,0,0,0,0,0,0,0,0,0,0,0,0,0,0,0,0,0,0,0,0,0,0,0,0,0,0,568,2026-02-07 01:57:32.958243
EEC,55.79,55.78,55.8,50000000.0,50000000.0,0,0,0,0,0,0,0,0,0,0,0,0,0,0,0,0,0,0,0,0,0,0,0,0,0,0,568,2026-02-07 01:57:32.958243
TGX,47.27,47.26,47.28,50000000.0,50000000.0,0,0,0,0,0,0,0,0,0,0,0,0,0,0,0,0,0,0,0,0,0,0,0,0,0,0,569,2026-02-07 01:57:34.010418
PHR,55.2,55.19,55.21,50000000.0,50000000.0,0,0,0,0,0,0,0,0,0,0,0,0,0,0,0,0,0,0,0,0,0,0,0,0,0,0,569,2026-02-07 01:57:34.010418
BYL,48.63,48.62,48.64,50000000.0,50000000.0,0,0,0,0,0,0,0,0,0,0,0,0,0,0,0,0,0,0,0,0,0,0,0,0,0,0,569,2026-02-07 01:57:34.010418
CLD,86.12,86.11,86.13,50000000.0,50000000.0,0,0,0,0,0,0,0,0,0,0,0,0,0,0,0,0,0,0,0,0,0,0,0,0,0,0,569,2026-02-07 01:57:34.010418
GGD,41.85,41.84,41.86,50000000.0,50000000.0,0,0,0,0,0,0,0,0,0,0,0,0,0,0,0,0,0,0,0,0,0,0,0,0,0,0,569,2026-02-07 01:57:34.010418
PNR,61.21,61.2,61.22,50000000.0,50000000.0,0,0,0,0,0,0,0,0,0,0,0,0,0,0,0,0,0,0,0,0,0,0,0,0,0,0,569,2026-02-07 01:57:34.010418
FSR,36.77,36.76,36.78,50000000.0,50000000.0,0,0,0,0,0,0,0,0,0,0,0,0,0,0,0,0,0,0,0,0,0,0,0,0,0,0,569,2026-02-07 01:57:34.010418
ATB,57.49,57.48,57.5,50000000.0,50000000.0,0,0,0,0,0,0,0,0,0,0,0,0,0,0,0,0,0,0,0,0,0,0,0,0,0,0,569,2026-02-07 01:57:34.010418
SPK,58.71,58.7,58.72,50000000.0,50000000.0,0,0,0,0,0,0,0,0,0,0,0,0,0,0,0,0,0,0,0,0,0,0,0,0,0,0,569,2026-02-07 01:57:34.010418
EEC,55.71,55.7,55.72,50000000.0,50000000.0,0,0,0,0,0,0,0,0,0,0,0,0,0,0,0,0,0,0,0,0,0,0,0,0,0,0,569,2026-02-07 01:57:34.010418
TGX,47.26,47.25,47.27,50000000.0,50000000.0,0,0,0,0,0,0,0,0,0,0,0,0,0,0,0,0,0,0,0,0,0,0,0,0,0,0,570,2026-02-07 01:57:35.047761,61.0,1.0,569.0,D5-SPK/EEC,FERC Staff Holds Technical Working Session,"Staff from the FERC convened a technical working session with advisors to both SolarPeak and EastEnergy to discuss outstanding questions regarding the proposed transaction. The agenda and tone of the meeting have not been disclosed. Some regulatory specialists interpret the session as constructive engagement, while others note that such meetings can also precede formal requests for additional information or remedies."
PHR,55.19,55.18,55.2,50000000.0,50000000.0,0,0,0,0,0,0,0,0,0,0,0,0,0,0,0,0,0,0,0,0,0,0,0,0,0,0,570,2026-02-07 01:57:35.047761,60.0,1.0,569.0,D5-SPK/EEC,Timeline Adjustment,Expected closing adjusted from Q2 to Q3 to accommodate state PUC review schedules.
BYL,48.67,48.66,48.68,50000000.0,50000000.0,0,0,0,0,0,0,0,0,0,0,0,0,0,0,0,0,0,0,0,0,0,0,0,0,0,0,570,2026-02-07 01:57:35.047761,,,,,,
CLD,86.24,86.23,86.25,50000000.0,50000000.0,0,0,0,0,0,0,0,0,0,0,0,0,0,0,0,0,0,0,0,0,0,0,0,0,0,0,570,2026-02-07 01:57:35.047761,,,,,,
GGD,41.9,41.89,41.91,50000000.0,50000000.0,0,0,0,0,0,0,0,0,0,0,0,0,0,0,0,0,0,0,0,0,0,0,0,0,0,0,570,2026-02-07 01:57:35.047761,,,,,,
PNR,61.15,61.14,61.16,50000000.0,50000000.0,0,0,0,0,0,0,0,0,0,0,0,0,0,0,0,0,0,0,0,0,0,0,0,0,0,0,570,2026-02-07 01:57:35.047761,,,,,,
FSR,36.73,36.72,36.74,50000000.0,50000000.0,0,0,0,0,0,0,0,0,0,0,0,0,0,0,0,0,0,0,0,0,0,0,0,0,0,0,570,2026-02-07 01:57:35.047761,,,,,,
ATB,57.45,57.44,57.46,50000000.0,50000000.0,0,0,0,0,0,0,0,0,0,0,0,0,0,0,0,0,0,0,0,0,0,0,0,0,0,0,570,2026-02-07 01:57:35.047761,,,,,,
SPK,58.56,58.55,58.57,50000000.0,50000000.0,0,0,0,0,0,0,0,0,0,0,0,0,0,0,0,0,0,0,0,0,0,0,0,0,0,0,570,2026-02-07 01:57:35.047761,,,,,,
EEC,55.46,55.45,55.47,50000000.0,50000000.0,0,0,0,0,0,0,0,0,0,0,0,0,0,0,0,0,0,0,0,0,0,0,0,0,0,0,570,2026-02-07 01:57:35.047761,,,,,,
TGX,47.26,47.25,47.27,50000000.0,50000000.0,0,0,0,0,0,0,0,0,0,0,0,0,0,0,0,0,0,0,0,0,0,0,0,0,0,0,571,2026-02-07 01:57:36.091575
PHR,54.74,54.73,54.75,50000000.0,50000000.0,0,0,0,0,0,0,0,0,0,0,0,0,0,0,0,0,0,0,0,0,0,0,0,0,0,0,571,2026-02-07 01:57:36.091575
BYL,49.12,49.11,49.13,50000000.0,50000000.0,0,0,0,0,0,0,0,0,0,0,0,0,0,0,0,0,0,0,0,0,0,0,0,0,0,0,571,2026-02-07 01:57:36.091575
CLD,87.18,87.17,87.19,50000000.0,50000000.0,0,0,0,0,0,0,0,0,0,0,0,0,0,0,0,0,0,0,0,0,0,0,0,0,0,0,571,2026-02-07 01:57:36.091575
GGD,41.89,41.88,41.9,50000000.0,50000000.0,0,0,0,0,0,0,0,0,0,0,0,0,0,0,0,0,0,0,0,0,0,0,0,0,0,0,571,2026-02-07 01:57:36.091575
PNR,60.97,60.96,60.98,50000000.0,50000000.0,0,0,0,0,0,0,0,0,0,0,0,0,0,0,0,0,0,0,0,0,0,0,0,0,0,0,571,2026-02-07 01:57:36.091575
FSR,36.71,36.7,36.72,50000000.0,50000000.0,0,0,0,0,0,0,0,0,0,0,0,0,0,0,0,0,0,0,0,0,0,0,0,0,0,0,571,2026-02-07 01:57:36.091575
ATB,57.38,57.37,57.39,50000000.0,50000000.0,0,0,0,0,0,0,0,0,0,0,0,0,0,0,0,0,0,0,0,0,0,0,0,0,0,0,571,2026-02-07 01:57:36.091575
SPK,58.37,58.36,58.38,50000000.0,50000000.0,0,0,0,0,0,0,0,0,0,0,0,0,0,0,0,0,0,0,0,0,0,0,0,0,0,0,571,2026-02-07 01:57:36.091575
EEC,55.16,55.15,55.17,50000000.0,50000000.0,0,0,0,0,0,0,0,0,0,0,0,0,0,0,0,0,0,0,0,0,0,0,0,0,0,0,571,2026-02-07 01:57:36.091575
TGX,47.2,47.19,47.21,50000000.0,50000000.0,0,0,0,0,0,0,0,0,0,0,0,0,0,0,0,0,0,0,0,0,0,0,0,0,0,0,572,2026-02-07 01:57:36.736747,62.0,1.0,571.0,D4-FSR/ATB,Third-Party Regulatory Analysis Published,"An independent regulatory research firm has published a detailed analysis of the FinSure/Atlas Bank transaction's competitive implications in the retail and commercial banking market. The report reaches mixed conclusions, identifying potential consumer benefits from operational synergies alongside concerns about reduced competitive alternatives. The analysis has been circulated among regulatory staff, though its influence on the formal review remains uncertain."
PHR,54.6,54.59,54.61,50000000.0,50000000.0,0,0,0,0,0,0,0,0,0,0,0,0,0,0,0,0,0,0,0,0,0,0,0,0,0,0,572,2026-02-07 01:57:36.736747,,,,,,
BYL,49.19,49.18,49.2,50000000.0,50000000.0,0,0,0,0,0,0,0,0,0,0,0,0,0,0,0,0,0,0,0,0,0,0,0,0,0,0,572,2026-02-07 01:57:36.736747,,,,,,
CLD,87.5,87.49,87.51,50000000.0,50000000.0,0,0,0,0,0,0,0,0,0,0,0,0,0,0,0,0,0,0,0,0,0,0,0,0,0,0,572,2026-02-07 01:57:36.736747,,,,,,
GGD,41.82,41.81,41.83,50000000.0,50000000.0,0,0,0,0,0,0,0,0,0,0,0,0,0,0,0,0,0,0,0,0,0,0,0,0,0,0,572,2026-02-07 01:57:36.736747,,,,,,
PNR,60.73,60.72,60.74,50000000.0,50000000.0,0,0,0,0,0,0,0,0,0,0,0,0,0,0,0,0,0,0,0,0,0,0,0,0,0,0,572,2026-02-07 01:57:36.736747,,,,,,
FSR,36.74,36.73,36.75,50000000.0,50000000.0,0,0,0,0,0,0,0,0,0,0,0,0,0,0,0,0,0,0,0,0,0,0,0,0,0,0,572,2026-02-07 01:57:36.736747,,,,,,
ATB,57.28,57.27,57.29,50000000.0,50000000.0,0,0,0,0,0,0,0,0,0,0,0,0,0,0,0,0,0,0,0,0,0,0,0,0,0,0,572,2026-02-07 01:57:36.736747,,,,,,
SPK,58.3,58.29,58.31,50000000.0,50000000.0,0,0,0,0,0,0,0,0,0,0,0,0,0,0,0,0,0,0,0,0,0,0,0,0,0,0,572,2026-02-07 01:57:36.736747,,,,,,
EEC,55.14,55.13,55.15,50000000.0,50000000.0,0,0,0,0,0,0,0,0,0,0,0,0,0,0,0,0,0,0,0,0,0,0,0,0,0,0,572,2026-02-07 01:57:36.736747,,,,,,
TGX,47.19,47.18,47.2,50000000.0,50000000.0,0,0,0,0,0,0,0,0,0,0,0,0,0,0,0,0,0,0,0,0,0,0,0,0,0,0,573,2026-02-07 01:57:37.783386,63.0,1.0,572.0,D1-TGX/PHR,Debt Financing Commitments Secured,"Pharmaco announces it has secured $8 billion in committed debt financing from a syndicate of banks, de-risking the financing component of the all-cash acquisition."
PHR,54.49,54.48,54.5,50000000.0,50000000.0,0,0,0,0,0,0,0,0,0,0,0,0,0,0,0,0,0,0,0,0,0,0,0,0,0,0,573,2026-02-07 01:57:37.783386,,,,,,
BYL,49.41,49.4,49.42,50000000.0,50000000.0,0,0,0,0,0,0,0,0,0,0,0,0,0,0,0,0,0,0,0,0,0,0,0,0,0,0,573,2026-02-07 01:57:37.783386,,,,,,
CLD,87.73,87.72,87.74,50000000.0,50000000.0,0,0,0,0,0,0,0,0,0,0,0,0,0,0,0,0,0,0,0,0,0,0,0,0,0,0,573,2026-02-07 01:57:37.783386,,,,,,
GGD,41.85,41.84,41.86,50000000.0,50000000.0,0,0,0,0,0,0,0,0,0,0,0,0,0,0,0,0,0,0,0,0,0,0,0,0,0,0,573,2026-02-07 01:57:37.783386,,,,,,
PNR,60.79,60.78,60.8,50000000.0,50000000.0,0,0,0,0,0,0,0,0,0,0,0,0,0,0,0,0,0,0,0,0,0,0,0,0,0,0,573,2026-02-07 01:57:37.783386,,,,,,
FSR,36.71,36.7,36.72,50000000.0,50000000.0,0,0,0,0,0,0,0,0,0,0,0,0,0,0,0,0,0,0,0,0,0,0,0,0,0,0,573,2026-02-07 01:57:37.783386,,,,,,
ATB,57.36,57.35,57.37,50000000.0,50000000.0,0,0,0,0,0,0,0,0,0,0,0,0,0,0,0,0,0,0,0,0,0,0,0,0,0,0,573,2026-02-07 01:57:37.783386,,,,,,
SPK,58.25,58.24,58.26,50000000.0,50000000.0,0,0,0,0,0,0,0,0,0,0,0,0,0,0,0,0,0,0,0,0,0,0,0,0,0,0,573,2026-02-07 01:57:37.783386,,,,,,
EEC,55.06,55.05,55.07,50000000.0,50000000.0,0,0,0,0,0,0,0,0,0,0,0,0,0,0,0,0,0,0,0,0,0,0,0,0,0,0,573,2026-02-07 01:57:37.783386,,,,,,
TGX,47.23,47.22,47.24,50000000.0,50000000.0,0,0,0,0,0,0,0,0,0,0,0,0,0,0,0,0,0,0,0,0,0,0,0,0,0,0,574,2026-02-07 01:57:38.837714,64.0,1.0,573.0,D1-TGX/PHR,Third-Party Regulatory Analysis Published,"An independent regulatory research firm has published a detailed analysis of the Targenix/Pharmaco transaction's competitive implications in the oncology therapeutics market. The report reaches mixed conclusions, identifying potential consumer benefits from operational synergies alongside concerns about reduced competitive alternatives. The analysis has been circulated among regulatory staff, though its influence on the formal review remains uncertain."
PHR,54.41,54.4,54.42,50000000.0,50000000.0,0,0,0,0,0,0,0,0,0,0,0,0,0,0,0,0,0,0,0,0,0,0,0,0,0,0,574,2026-02-07 01:57:38.837714,,,,,,
BYL,49.43,49.42,49.44,50000000.0,50000000.0,0,0,0,0,0,0,0,0,0,0,0,0,0,0,0,0,0,0,0,0,0,0,0,0,0,0,574,2026-02-07 01:57:38.837714,,,,,,
CLD,87.82,87.81,87.83,50000000.0,50000000.0,0,0,0,0,0,0,0,0,0,0,0,0,0,0,0,0,0,0,0,0,0,0,0,0,0,0,574,2026-02-07 01:57:38.837714,,,,,,
GGD,41.77,41.76,41.78,50000000.0,50000000.0,0,0,0,0,0,0,0,0,0,0,0,0,0,0,0,0,0,0,0,0,0,0,0,0,0,0,574,2026-02-07 01:57:38.837714,,,,,,
PNR,60.66,60.65,60.67,50000000.0,50000000.0,0,0,0,0,0,0,0,0,0,0,0,0,0,0,0,0,0,0,0,0,0,0,0,0,0,0,574,2026-02-07 01:57:38.837714,,,,,,
FSR,36.75,36.74,36.76,50000000.0,50000000.0,0,0,0,0,0,0,0,0,0,0,0,0,0,0,0,0,0,0,0,0,0,0,0,0,0,0,574,2026-02-07 01:57:38.837714,,,,,,
ATB,57.38,57.37,57.39,50000000.0,50000000.0,0,0,0,0,0,0,0,0,0,0,0,0,0,0,0,0,0,0,0,0,0,0,0,0,0,0,574,2026-02-07 01:57:38.837714,,,,,,
SPK,58.09,58.08,58.1,50000000.0,50000000.0,0,0,0,0,0,0,0,0,0,0,0,0,0,0,0,0,0,0,0,0,0,0,0,0,0,0,574,2026-02-07 01:57:38.837714,,,,,,
EEC,54.86,54.85,54.87,50000000.0,50000000.0,0,0,0,0,0,0,0,0,0,0,0,0,0,0,0,0,0,0,0,0,0,0,0,0,0,0,574,2026-02-07 01:57:38.837714,,,,,,
TGX,47.2,47.19,47.21,50000000.0,50000000.0,0,0,0,0,0,0,0,0,0,0,0,0,0,0,0,0,0,0,0,0,0,0,0,0,0,0,575,2026-02-07 01:57:39.885956,66.0,1.0,574.0,D5-SPK/EEC,EastEnergy Waives MAC,"EEC confirms project delays do not constitute material adverse change, reaffirms commitment."
PHR,54.82,54.81,54.83,50000000.0,50000000.0,0,0,0,0,0,0,0,0,0,0,0,0,0,0,0,0,0,0,0,0,0,0,0,0,0,0,575,2026-02-07 01:57:39.885956,65.0,1.0,574.0,D2-BYL/CLD,Hart-Scott-Rodino Filing Submitted,Companies file HSR notification initiating mandatory waiting period for antitrust review.
BYL,49.3,49.29,49.31,50000000.0,50000000.0,0,0,0,0,0,0,0,0,0,0,0,0,0,0,0,0,0,0,0,0,0,0,0,0,0,0,575,2026-02-07 01:57:39.885956,,,,,,
CLD,87.5,87.49,87.51,50000000.0,50000000.0,0,0,0,0,0,0,0,0,0,0,0,0,0,0,0,0,0,0,0,0,0,0,0,0,0,0,575,2026-02-07 01:57:39.885956,,,,,,
GGD,41.71,41.7,41.72,50000000.0,50000000.0,0,0,0,0,0,0,0,0,0,0,0,0,0,0,0,0,0,0,0,0,0,0,0,0,0,0,575,2026-02-07 01:57:39.885956,,,,,,
PNR,60.55,60.54,60.56,50000000.0,50000000.0,0,0,0,0,0,0,0,0,0,0,0,0,0,0,0,0,0,0,0,0,0,0,0,0,0,0,575,2026-02-07 01:57:39.885956,,,,,,
FSR,36.74,36.73,36.75,50000000.0,50000000.0,0,0,0,0,0,0,0,0,0,0,0,0,0,0,0,0,0,0,0,0,0,0,0,0,0,0,575,2026-02-07 01:57:39.885956,,,,,,
ATB,57.27,57.26,57.28,50000000.0,50000000.0,0,0,0,0,0,0,0,0,0,0,0,0,0,0,0,0,0,0,0,0,0,0,0,0,0,0,575,2026-02-07 01:57:39.885956,,,,,,
SPK,58.11,58.1,58.12,50000000.0,50000000.0,0,0,0,0,0,0,0,0,0,0,0,0,0,0,0,0,0,0,0,0,0,0,0,0,0,0,575,2026-02-07 01:57:39.885956,,,,,,
EEC,54.87,54.86,54.88,50000000.0,50000000.0,0,0,0,0,0,0,0,0,0,0,0,0,0,0,0,0,0,0,0,0,0,0,0,0,0,0,575,2026-02-07 01:57:39.885956,,,,,,
TGX,47.22,47.21,47.23,50000000.0,50000000.0,0,0,0,0,0,0,0,0,0,0,0,0,0,0,0,0,0,0,0,0,0,0,0,0,0,0,576,2026-02-07 01:57:40.940718
PHR,54.68,54.67,54.69,50000000.0,50000000.0,0,0,0,0,0,0,0,0,0,0,0,0,0,0,0,0,0,0,0,0,0,0,0,0,0,0,576,2026-02-07 01:57:40.940718
BYL,49.55,49.54,49.56,50000000.0,50000000.0,0,0,0,0,0,0,0,0,0,0,0,0,0,0,0,0,0,0,0,0,0,0,0,0,0,0,576,2026-02-07 01:57:40.940718
CLD,88.04,88.03,88.05,50000000.0,50000000.0,0,0,0,0,0,0,0,0,0,0,0,0,0,0,0,0,0,0,0,0,0,0,0,0,0,0,576,2026-02-07 01:57:40.940718
GGD,41.77,41.76,41.78,50000000.0,50000000.0,0,0,0,0,0,0,0,0,0,0,0,0,0,0,0,0,0,0,0,0,0,0,0,0,0,0,576,2026-02-07 01:57:40.940718
PNR,60.55,60.54,60.56,50000000.0,50000000.0,0,0,0,0,0,0,0,0,0,0,0,0,0,0,0,0,0,0,0,0,0,0,0,0,0,0,576,2026-02-07 01:57:40.940718
FSR,36.8,36.79,36.81,50000000.0,50000000.0,0,0,0,0,0,0,0,0,0,0,0,0,0,0,0,0,0,0,0,0,0,0,0,0,0,0,576,2026-02-07 01:57:40.940718
ATB,57.24,57.23,57.25,50000000.0,50000000.0,0,0,0,0,0,0,0,0,0,0,0,0,0,0,0,0,0,0,0,0,0,0,0,0,0,0,576,2026-02-07 01:57:40.940718
SPK,58.37,58.36,58.38,50000000.0,50000000.0,0,0,0,0,0,0,0,0,0,0,0,0,0,0,0,0,0,0,0,0,0,0,0,0,0,0,576,2026-02-07 01:57:40.940718
EEC,55.23,55.22,55.24,50000000.0,50000000.0,0,0,0,0,0,0,0,0,0,0,0,0,0,0,0,0,0,0,0,0,0,0,0,0,0,0,576,2026-02-07 01:57:40.940718
TGX,47.27,47.26,47.28,50000000.0,50000000.0,0,0,0,0,0,0,0,0,0,0,0,0,0,0,0,0,0,0,0,0,0,0,0,0,0,0,577,2026-02-07 01:57:41.991349,67.0,1.0,576.0,D2-BYL/CLD,Index Rebalancing Implications,"Analysts note combined entity will qualify for S&P 500 inclusion, providing technical buying support."
PHR,55.1,55.09,55.11,50000000.0,50000000.0,0,0,0,0,0,0,0,0,0,0,0,0,0,0,0,0,0,0,0,0,0,0,0,0,0,0,577,2026-02-07 01:57:41.991349,,,,,,
BYL,49.58,49.57,49.59,50000000.0,50000000.0,0,0,0,0,0,0,0,0,0,0,0,0,0,0,0,0,0,0,0,0,0,0,0,0,0,0,577,2026-02-07 01:57:41.991349,,,,,,
CLD,88.13,88.12,88.14,50000000.0,50000000.0,0,0,0,0,0,0,0,0,0,0,0,0,0,0,0,0,0,0,0,0,0,0,0,0,0,0,577,2026-02-07 01:57:41.991349,,,,,,
GGD,41.78,41.77,41.79,50000000.0,50000000.0,0,0,0,0,0,0,0,0,0,0,0,0,0,0,0,0,0,0,0,0,0,0,0,0,0,0,577,2026-02-07 01:57:41.991349,,,,,,
PNR,60.72,60.71,60.73,50000000.0,50000000.0,0,0,0,0,0,0,0,0,0,0,0,0,0,0,0,0,0,0,0,0,0,0,0,0,0,0,577,2026-02-07 01:57:41.991349,,,,,,
FSR,36.79,36.78,36.8,50000000.0,50000000.0,0,0,0,0,0,0,0,0,0,0,0,0,0,0,0,0,0,0,0,0,0,0,0,0,0,0,577,2026-02-07 01:57:41.991349,,,,,,
ATB,57.13,57.12,57.14,50000000.0,50000000.0,0,0,0,0,0,0,0,0,0,0,0,0,0,0,0,0,0,0,0,0,0,0,0,0,0,0,577,2026-02-07 01:57:41.991349,,,,,,
SPK,58.41,58.4,58.42,50000000.0,50000000.0,0,0,0,0,0,0,0,0,0,0,0,0,0,0,0,0,0,0,0,0,0,0,0,0,0,0,577,2026-02-07 01:57:41.991349,,,,,,
EEC,55.25,55.24,55.26,50000000.0,50000000.0,0,0,0,0,0,0,0,0,0,0,0,0,0,0,0,0,0,0,0,0,0,0,0,0,0,0,577,2026-02-07 01:57:41.991349,,,,,,
TGX,47.21,47.2,47.22,50000000.0,50000000.0,0,0,0,0,0,0,0,0,0,0,0,0,0,0,0,0,0,0,0,0,0,0,0,0,0,0,578,2026-02-07 01:57:43.037843
PHR,55.29,55.28,55.3,50000000.0,50000000.0,0,0,0,0,0,0,0,0,0,0,0,0,0,0,0,0,0,0,0,0,0,0,0,0,0,0,578,2026-02-07 01:57:43.037843
BYL,49.52,49.51,49.53,50000000.0,50000000.0,0,0,0,0,0,0,0,0,0,0,0,0,0,0,0,0,0,0,0,0,0,0,0,0,0,0,578,2026-02-07 01:57:43.037843
CLD,88.09,88.08,88.1,50000000.0,50000000.0,0,0,0,0,0,0,0,0,0,0,0,0,0,0,0,0,0,0,0,0,0,0,0,0,0,0,578,2026-02-07 01:57:43.037843
GGD,41.89,41.88,41.9,50000000.0,50000000.0,0,0,0,0,0,0,0,0,0,0,0,0,0,0,0,0,0,0,0,0,0,0,0,0,0,0,578,2026-02-07 01:57:43.037843
PNR,61.17,61.16,61.18,50000000.0,50000000.0,0,0,0,0,0,0,0,0,0,0,0,0,0,0,0,0,0,0,0,0,0,0,0,0,0,0,578,2026-02-07 01:57:43.037843
FSR,36.72,36.71,36.73,50000000.0,50000000.0,0,0,0,0,0,0,0,0,0,0,0,0,0,0,0,0,0,0,0,0,0,0,0,0,0,0,578,2026-02-07 01:57:43.037843
ATB,57.04,57.03,57.05,50000000.0,50000000.0,0,0,0,0,0,0,0,0,0,0,0,0,0,0,0,0,0,0,0,0,0,0,0,0,0,0,578,2026-02-07 01:57:43.037843
SPK,58.54,58.53,58.55,50000000.0,50000000.0,0,0,0,0,0,0,0,0,0,0,0,0,0,0,0,0,0,0,0,0,0,0,0,0,0,0,578,2026-02-07 01:57:43.037843
EEC,55.45,55.44,55.46,50000000.0,50000000.0,0,0,0,0,0,0,0,0,0,0,0,0,0,0,0,0,0,0,0,0,0,0,0,0,0,0,578,2026-02-07 01:57:43.037843
TGX,47.27,47.26,47.28,50000000.0,50000000.0,0,0,0,0,0,0,0,0,0,0,0,0,0,0,0,0,0,0,0,0,0,0,0,0,0,0,579,2026-02-07 01:57:44.097384
PHR,55.49,55.48,55.5,50000000.0,50000000.0,0,0,0,0,0,0,0,0,0,0,0,0,0,0,0,0,0,0,0,0,0,0,0,0,0,0,579,2026-02-07 01:57:44.097384
BYL,49.63,49.62,49.64,50000000.0,50000000.0,0,0,0,0,0,0,0,0,0,0,0,0,0,0,0,0,0,0,0,0,0,0,0,0,0,0,579,2026-02-07 01:57:44.097384
CLD,88.22,88.21,88.23,50000000.0,50000000.0,0,0,0,0,0,0,0,0,0,0,0,0,0,0,0,0,0,0,0,0,0,0,0,0,0,0,579,2026-02-07 01:57:44.097384
GGD,41.85,41.84,41.86,50000000.0,50000000.0,0,0,0,0,0,0,0,0,0,0,0,0,0,0,0,0,0,0,0,0,0,0,0,0,0,0,579,2026-02-07 01:57:44.097384
PNR,60.87,60.86,60.88,50000000.0,50000000.0,0,0,0,0,0,0,0,0,0,0,0,0,0,0,0,0,0,0,0,0,0,0,0,0,0,0,579,2026-02-07 01:57:44.097384
FSR,36.74,36.73,36.75,50000000.0,50000000.0,0,0,0,0,0,0,0,0,0,0,0,0,0,0,0,0,0,0,0,0,0,0,0,0,0,0,579,2026-02-07 01:57:44.097384
ATB,56.87,56.86,56.88,50000000.0,50000000.0,0,0,0,0,0,0,0,0,0,0,0,0,0,0,0,0,0,0,0,0,0,0,0,0,0,0,579,2026-02-07 01:57:44.097384
SPK,58.43,58.42,58.44,50000000.0,50000000.0,0,0,0,0,0,0,0,0,0,0,0,0,0,0,0,0,0,0,0,0,0,0,0,0,0,0,579,2026-02-07 01:57:44.097384
EEC,55.3,55.29,55.31,50000000.0,50000000.0,0,0,0,0,0,0,0,0,0,0,0,0,0,0,0,0,0,0,0,0,0,0,0,0,0,0,579,2026-02-07 01:57:44.097384
TGX,47.27,47.26,47.28,50000000.0,50000000.0,0,0,0,0,0,0,0,0,0,0,0,0,0,0,0,0,0,0,0,0,0,0,0,0,0,0,580,2026-02-07 01:57:45.147204
PHR,56.0,55.99,56.01,50000000.0,50000000.0,0,0,0,0,0,0,0,0,0,0,0,0,0,0,0,0,0,0,0,0,0,0,0,0,0,0,580,2026-02-07 01:57:45.147204
BYL,49.45,49.44,49.46,50000000.0,50000000.0,0,0,0,0,0,0,0,0,0,0,0,0,0,0,0,0,0,0,0,0,0,0,0,0,0,0,580,2026-02-07 01:57:45.147204
CLD,87.94,87.93,87.95,50000000.0,50000000.0,0,0,0,0,0,0,0,0,0,0,0,0,0,0,0,0,0,0,0,0,0,0,0,0,0,0,580,2026-02-07 01:57:45.147204
GGD,41.81,41.8,41.82,50000000.0,50000000.0,0,0,0,0,0,0,0,0,0,0,0,0,0,0,0,0,0,0,0,0,0,0,0,0,0,0,580,2026-02-07 01:57:45.147204
PNR,60.88,60.87,60.89,50000000.0,50000000.0,0,0,0,0,0,0,0,0,0,0,0,0,0,0,0,0,0,0,0,0,0,0,0,0,0,0,580,2026-02-07 01:57:45.147204
FSR,36.75,36.74,36.76,50000000.0,50000000.0,0,0,0,0,0,0,0,0,0,0,0,0,0,0,0,0,0,0,0,0,0,0,0,0,0,0,580,2026-02-07 01:57:45.147204
ATB,56.84,56.83,56.85,50000000.0,50000000.0,0,0,0,0,0,0,0,0,0,0,0,0,0,0,0,0,0,0,0,0,0,0,0,0,0,0,580,2026-02-07 01:57:45.147204
SPK,58.63,58.62,58.64,50000000.0,50000000.0,0,0,0,0,0,0,0,0,0,0,0,0,0,0,0,0,0,0,0,0,0,0,0,0,0,0,580,2026-02-07 01:57:45.147204
EEC,55.61,55.6,55.62,50000000.0,50000000.0,0,0,0,0,0,0,0,0,0,0,0,0,0,0,0,0,0,0,0,0,0,0,0,0,0,0,580,2026-02-07 01:57:45.147204
TGX,47.26,47.25,47.27,50000000.0,50000000.0,0,0,0,0,0,0,0,0,0,0,0,0,0,0,0,0,0,0,0,0,0,0,0,0,0,0,581,2026-02-07 01:57:46.248604
PHR,55.82,55.81,55.83,50000000.0,50000000.0,0,0,0,0,0,0,0,0,0,0,0,0,0,0,0,0,0,0,0,0,0,0,0,0,0,0,581,2026-02-07 01:57:46.248604
BYL,49.65,49.64,49.66,50000000.0,50000000.0,0,0,0,0,0,0,0,0,0,0,0,0,0,0,0,0,0,0,0,0,0,0,0,0,0,0,581,2026-02-07 01:57:46.248604
CLD,88.29,88.28,88.3,50000000.0,50000000.0,0,0,0,0,0,0,0,0,0,0,0,0,0,0,0,0,0,0,0,0,0,0,0,0,0,0,581,2026-02-07 01:57:46.248604
GGD,41.77,41.76,41.78,50000000.0,50000000.0,0,0,0,0,0,0,0,0,0,0,0,0,0,0,0,0,0,0,0,0,0,0,0,0,0,0,581,2026-02-07 01:57:46.248604
PNR,60.71,60.7,60.72,50000000.0,50000000.0,0,0,0,0,0,0,0,0,0,0,0,0,0,0,0,0,0,0,0,0,0,0,0,0,0,0,581,2026-02-07 01:57:46.248604
FSR,36.72,36.71,36.73,50000000.0,50000000.0,0,0,0,0,0,0,0,0,0,0,0,0,0,0,0,0,0,0,0,0,0,0,0,0,0,0,581,2026-02-07 01:57:46.248604
ATB,56.8,56.79,56.81,50000000.0,50000000.0,0,0,0,0,0,0,0,0,0,0,0,0,0,0,0,0,0,0,0,0,0,0,0,0,0,0,581,2026-02-07 01:57:46.248604
SPK,58.41,58.4,58.42,50000000.0,50000000.0,0,0,0,0,0,0,0,0,0,0,0,0,0,0,0,0,0,0,0,0,0,0,0,0,0,0,581,2026-02-07 01:57:46.248604
EEC,55.38,55.37,55.39,50000000.0,50000000.0,0,0,0,0,0,0,0,0,0,0,0,0,0,0,0,0,0,0,0,0,0,0,0,0,0,0,581,2026-02-07 01:57:46.248604
TGX,47.2,47.19,47.21,50000000.0,50000000.0,0,0,0,0,0,0,0,0,0,0,0,0,0,0,0,0,0,0,0,0,0,0,0,0,0,0,582,2026-02-07 01:57:46.819566,68.0,1.0,581.0,D2-BYL/CLD,UK CMA Phase I Review Completed,The Competition and Markets Authority completes Phase I review without escalating to in-depth investigation.
PHR,56.24,56.23,56.25,50000000.0,50000000.0,0,0,0,0,0,0,0,0,0,0,0,0,0,0,0,0,0,0,0,0,0,0,0,0,0,0,582,2026-02-07 01:57:46.819566,,,,,,
BYL,49.87,49.86,49.88,50000000.0,50000000.0,0,0,0,0,0,0,0,0,0,0,0,0,0,0,0,0,0,0,0,0,0,0,0,0,0,0,582,2026-02-07 01:57:46.819566,,,,,,
CLD,88.78,88.77,88.79,50000000.0,50000000.0,0,0,0,0,0,0,0,0,0,0,0,0,0,0,0,0,0,0,0,0,0,0,0,0,0,0,582,2026-02-07 01:57:46.819566,,,,,,
GGD,41.78,41.77,41.79,50000000.0,50000000.0,0,0,0,0,0,0,0,0,0,0,0,0,0,0,0,0,0,0,0,0,0,0,0,0,0,0,582,2026-02-07 01:57:46.819566,,,,,,
PNR,60.73,60.72,60.74,50000000.0,50000000.0,0,0,0,0,0,0,0,0,0,0,0,0,0,0,0,0,0,0,0,0,0,0,0,0,0,0,582,2026-02-07 01:57:46.819566,,,,,,
FSR,36.73,36.72,36.74,50000000.0,50000000.0,0,0,0,0,0,0,0,0,0,0,0,0,0,0,0,0,0,0,0,0,0,0,0,0,0,0,582,2026-02-07 01:57:46.819566,,,,,,
ATB,56.7,56.69,56.71,50000000.0,50000000.0,0,0,0,0,0,0,0,0,0,0,0,0,0,0,0,0,0,0,0,0,0,0,0,0,0,0,582,2026-02-07 01:57:46.819566,,,,,,
SPK,58.68,58.67,58.69,50000000.0,50000000.0,0,0,0,0,0,0,0,0,0,0,0,0,0,0,0,0,0,0,0,0,0,0,0,0,0,0,582,2026-02-07 01:57:46.819566,,,,,,
EEC,55.67,55.66,55.68,50000000.0,50000000.0,0,0,0,0,0,0,0,0,0,0,0,0,0,0,0,0,0,0,0,0,0,0,0,0,0,0,582,2026-02-07 01:57:46.819566,,,,,,
TGX,47.26,47.25,47.27,50000000.0,50000000.0,0,0,0,0,0,0,0,0,0,0,0,0,0,0,0,0,0,0,0,0,0,0,0,0,0,0,583,2026-02-07 01:57:47.876127
PHR,55.99,55.98,56.0,50000000.0,50000000.0,0,0,0,0,0,0,0,0,0,0,0,0,0,0,0,0,0,0,0,0,0,0,0,0,0,0,583,2026-02-07 01:57:47.876127
BYL,50.07,50.06,50.08,50000000.0,50000000.0,0,0,0,0,0,0,0,0,0,0,0,0,0,0,0,0,0,0,0,0,0,0,0,0,0,0,583,2026-02-07 01:57:47.876127
CLD,89.22,89.21,89.23,50000000.0,50000000.0,0,0,0,0,0,0,0,0,0,0,0,0,0,0,0,0,0,0,0,0,0,0,0,0,0,0,583,2026-02-07 01:57:47.876127
GGD,41.86,41.85,41.87,50000000.0,50000000.0,0,0,0,0,0,0,0,0,0,0,0,0,0,0,0,0,0,0,0,0,0,0,0,0,0,0,583,2026-02-07 01:57:47.876127
PNR,60.93,60.92,60.94,50000000.0,50000000.0,0,0,0,0,0,0,0,0,0,0,0,0,0,0,0,0,0,0,0,0,0,0,0,0,0,0,583,2026-02-07 01:57:47.876127
FSR,36.77,36.76,36.78,50000000.0,50000000.0,0,0,0,0,0,0,0,0,0,0,0,0,0,0,0,0,0,0,0,0,0,0,0,0,0,0,583,2026-02-07 01:57:47.876127
ATB,56.74,56.73,56.75,50000000.0,50000000.0,0,0,0,0,0,0,0,0,0,0,0,0,0,0,0,0,0,0,0,0,0,0,0,0,0,0,583,2026-02-07 01:57:47.876127
SPK,58.59,58.58,58.6,50000000.0,50000000.0,0,0,0,0,0,0,0,0,0,0,0,0,0,0,0,0,0,0,0,0,0,0,0,0,0,0,583,2026-02-07 01:57:47.876127
EEC,55.61,55.6,55.62,50000000.0,50000000.0,0,0,0,0,0,0,0,0,0,0,0,0,0,0,0,0,0,0,0,0,0,0,0,0,0,0,583,2026-02-07 01:57:47.876127
TGX,47.24,47.23,47.25,50000000.0,50000000.0,0,0,0,0,0,0,0,0,0,0,0,0,0,0,0,0,0,0,0,0,0,0,0,0,0,0,584,2026-02-07 01:57:48.934837,70.0,1.0,583.0,D5-SPK/EEC,Project Delays Raise MAC Concerns,SolarPeak announces delays in two major solar projects raising material adverse change questions.
PHR,55.83,55.82,55.84,50000000.0,50000000.0,0,0,0,0,0,0,0,0,0,0,0,0,0,0,0,0,0,0,0,0,0,0,0,0,0,0,584,2026-02-07 01:57:48.934837,69.0,1.0,583.0,D3-GGD/PNR,Independent Fairness Review Generates Board Discussion,"An independent financial advisor retained by the GreenGrid board has presented a supplemental fairness analysis that reaches nuanced conclusions regarding the adequacy of the $33 + 0.20 PNR shares offer. While the analysis does not formally contradict the original fairness opinion, it highlights sensitivity to key assumptions around standalone growth rates and comparable transaction multiples. Board members are reportedly weighing whether additional disclosure to shareholders is warranted."
BYL,49.83,49.82,49.84,50000000.0,50000000.0,0,0,0,0,0,0,0,0,0,0,0,0,0,0,0,0,0,0,0,0,0,0,0,0,0,0,584,2026-02-07 01:57:48.934837,,,,,,
CLD,88.61,88.6,88.62,50000000.0,50000000.0,0,0,0,0,0,0,0,0,0,0,0,0,0,0,0,0,0,0,0,0,0,0,0,0,0,0,584,2026-02-07 01:57:48.934837,,,,,,
GGD,41.9,41.89,41.91,50000000.0,50000000.0,0,0,0,0,0,0,0,0,0,0,0,0,0,0,0,0,0,0,0,0,0,0,0,0,0,0,584,2026-02-07 01:57:48.934837,,,,,,
PNR,61.31,61.3,61.32,50000000.0,50000000.0,0,0,0,0,0,0,0,0,0,0,0,0,0,0,0,0,0,0,0,0,0,0,0,0,0,0,584,2026-02-07 01:57:48.934837,,,,,,
FSR,36.76,36.75,36.77,50000000.0,50000000.0,0,0,0,0,0,0,0,0,0,0,0,0,0,0,0,0,0,0,0,0,0,0,0,0,0,0,584,2026-02-07 01:57:48.934837,,,,,,
ATB,56.79,56.78,56.8,50000000.0,50000000.0,0,0,0,0,0,0,0,0,0,0,0,0,0,0,0,0,0,0,0,0,0,0,0,0,0,0,584,2026-02-07 01:57:48.934837,,,,,,
SPK,58.66,58.65,58.67,50000000.0,50000000.0,0,0,0,0,0,0,0,0,0,0,0,0,0,0,0,0,0,0,0,0,0,0,0,0,0,0,584,2026-02-07 01:57:48.934837,,,,,,
EEC,55.72,55.71,55.73,50000000.0,50000000.0,0,0,0,0,0,0,0,0,0,0,0,0,0,0,0,0,0,0,0,0,0,0,0,0,0,0,584,2026-02-07 01:57:48.934837,,,,,,
TGX,47.23,47.22,47.24,50000000.0,50000000.0,0,0,0,0,0,0,0,0,0,0,0,0,0,0,0,0,0,0,0,0,0,0,0,0,0,0,585,2026-02-07 01:57:50.018361
PHR,56.07,56.06,56.08,50000000.0,50000000.0,0,0,0,0,0,0,0,0,0,0,0,0,0,0,0,0,0,0,0,0,0,0,0,0,0,0,585,2026-02-07 01:57:50.018361
BYL,49.81,49.8,49.82,50000000.0,50000000.0,0,0,0,0,0,0,0,0,0,0,0,0,0,0,0,0,0,0,0,0,0,0,0,0,0,0,585,2026-02-07 01:57:50.018361
CLD,88.58,88.57,88.59,50000000.0,50000000.0,0,0,0,0,0,0,0,0,0,0,0,0,0,0,0,0,0,0,0,0,0,0,0,0,0,0,585,2026-02-07 01:57:50.018361
GGD,41.82,41.81,41.83,50000000.0,50000000.0,0,0,0,0,0,0,0,0,0,0,0,0,0,0,0,0,0,0,0,0,0,0,0,0,0,0,585,2026-02-07 01:57:50.018361
PNR,60.94,60.93,60.95,50000000.0,50000000.0,0,0,0,0,0,0,0,0,0,0,0,0,0,0,0,0,0,0,0,0,0,0,0,0,0,0,585,2026-02-07 01:57:50.018361
FSR,36.77,36.76,36.78,50000000.0,50000000.0,0,0,0,0,0,0,0,0,0,0,0,0,0,0,0,0,0,0,0,0,0,0,0,0,0,0,585,2026-02-07 01:57:50.018361
ATB,56.84,56.83,56.85,50000000.0,50000000.0,0,0,0,0,0,0,0,0,0,0,0,0,0,0,0,0,0,0,0,0,0,0,0,0,0,0,585,2026-02-07 01:57:50.018361
SPK,58.53,58.52,58.54,50000000.0,50000000.0,0,0,0,0,0,0,0,0,0,0,0,0,0,0,0,0,0,0,0,0,0,0,0,0,0,0,585,2026-02-07 01:57:50.018361
EEC,55.48,55.47,55.49,50000000.0,50000000.0,0,0,0,0,0,0,0,0,0,0,0,0,0,0,0,0,0,0,0,0,0,0,0,0,0,0,585,2026-02-07 01:57:50.018361
TGX,47.25,47.24,47.26,50000000.0,50000000.0,0,0,0,0,0,0,0,0,0,0,0,0,0,0,0,0,0,0,0,0,0,0,0,0,0,0,586,2026-02-07 01:57:51.068518
PHR,56.21,56.2,56.22,50000000.0,50000000.0,0,0,0,0,0,0,0,0,0,0,0,0,0,0,0,0,0,0,0,0,0,0,0,0,0,0,586,2026-02-07 01:57:51.068518
BYL,50.05,50.04,50.06,50000000.0,50000000.0,0,0,0,0,0,0,0,0,0,0,0,0,0,0,0,0,0,0,0,0,0,0,0,0,0,0,586,2026-02-07 01:57:51.068518
CLD,89.16,89.15,89.17,50000000.0,50000000.0,0,0,0,0,0,0,0,0,0,0,0,0,0,0,0,0,0,0,0,0,0,0,0,0,0,0,586,2026-02-07 01:57:51.068518
GGD,41.81,41.8,41.82,50000000.0,50000000.0,0,0,0,0,0,0,0,0,0,0,0,0,0,0,0,0,0,0,0,0,0,0,0,0,0,0,586,2026-02-07 01:57:51.068518
PNR,61.12,61.11,61.13,50000000.0,50000000.0,0,0,0,0,0,0,0,0,0,0,0,0,0,0,0,0,0,0,0,0,0,0,0,0,0,0,586,2026-02-07 01:57:51.068518
FSR,36.74,36.73,36.75,50000000.0,50000000.0,0,0,0,0,0,0,0,0,0,0,0,0,0,0,0,0,0,0,0,0,0,0,0,0,0,0,586,2026-02-07 01:57:51.068518
ATB,56.6,56.59,56.61,50000000.0,50000000.0,0,0,0,0,0,0,0,0,0,0,0,0,0,0,0,0,0,0,0,0,0,0,0,0,0,0,586,2026-02-07 01:57:51.068518
SPK,58.72,58.71,58.73,50000000.0,50000000.0,0,0,0,0,0,0,0,0,0,0,0,0,0,0,0,0,0,0,0,0,0,0,0,0,0,0,586,2026-02-07 01:57:51.068518
EEC,55.72,55.71,55.73,50000000.0,50000000.0,0,0,0,0,0,0,0,0,0,0,0,0,0,0,0,0,0,0,0,0,0,0,0,0,0,0,586,2026-02-07 01:57:51.068518
TGX,47.19,47.18,47.2,50000000.0,50000000.0,0,0,0,0,0,0,0,0,0,0,0,0,0,0,0,0,0,0,0,0,0,0,0,0,0,0,587,2026-02-07 01:57:52.138504
PHR,56.26,56.25,56.27,50000000.0,50000000.0,0,0,0,0,0,0,0,0,0,0,0,0,0,0,0,0,0,0,0,0,0,0,0,0,0,0,587,2026-02-07 01:57:52.138504
BYL,50.4,50.39,50.41,50000000.0,50000000.0,0,0,0,0,0,0,0,0,0,0,0,0,0,0,0,0,0,0,0,0,0,0,0,0,0,0,587,2026-02-07 01:57:52.138504
CLD,89.9,89.89,89.91,50000000.0,50000000.0,0,0,0,0,0,0,0,0,0,0,0,0,0,0,0,0,0,0,0,0,0,0,0,0,0,0,587,2026-02-07 01:57:52.138504
GGD,41.78,41.77,41.79,50000000.0,50000000.0,0,0,0,0,0,0,0,0,0,0,0,0,0,0,0,0,0,0,0,0,0,0,0,0,0,0,587,2026-02-07 01:57:52.138504
PNR,61.0,60.99,61.01,50000000.0,50000000.0,0,0,0,0,0,0,0,0,0,0,0,0,0,0,0,0,0,0,0,0,0,0,0,0,0,0,587,2026-02-07 01:57:52.138504
FSR,36.69,36.68,36.7,50000000.0,50000000.0,0,0,0,0,0,0,0,0,0,0,0,0,0,0,0,0,0,0,0,0,0,0,0,0,0,0,587,2026-02-07 01:57:52.138504
ATB,56.66,56.65,56.67,50000000.0,50000000.0,0,0,0,0,0,0,0,0,0,0,0,0,0,0,0,0,0,0,0,0,0,0,0,0,0,0,587,2026-02-07 01:57:52.138504
SPK,58.53,58.52,58.54,50000000.0,50000000.0,0,0,0,0,0,0,0,0,0,0,0,0,0,0,0,0,0,0,0,0,0,0,0,0,0,0,587,2026-02-07 01:57:52.138504
EEC,55.4,55.39,55.41,50000000.0,50000000.0,0,0,0,0,0,0,0,0,0,0,0,0,0,0,0,0,0,0,0,0,0,0,0,0,0,0,587,2026-02-07 01:57:52.138504
TGX,47.24,47.23,47.25,50000000.0,50000000.0,0,0,0,0,0,0,0,0,0,0,0,0,0,0,0,0,0,0,0,0,0,0,0,0,0,0,588,2026-02-07 01:57:53.185436
PHR,56.21,56.2,56.22,50000000.0,50000000.0,0,0,0,0,0,0,0,0,0,0,0,0,0,0,0,0,0,0,0,0,0,0,0,0,0,0,588,2026-02-07 01:57:53.185436
BYL,50.44,50.43,50.45,50000000.0,50000000.0,0,0,0,0,0,0,0,0,0,0,0,0,0,0,0,0,0,0,0,0,0,0,0,0,0,0,588,2026-02-07 01:57:53.185436
CLD,90.14,90.13,90.15,50000000.0,50000000.0,0,0,0,0,0,0,0,0,0,0,0,0,0,0,0,0,0,0,0,0,0,0,0,0,0,0,588,2026-02-07 01:57:53.185436
GGD,41.88,41.87,41.89,50000000.0,50000000.0,0,0,0,0,0,0,0,0,0,0,0,0,0,0,0,0,0,0,0,0,0,0,0,0,0,0,588,2026-02-07 01:57:53.185436
PNR,61.18,61.17,61.19,50000000.0,50000000.0,0,0,0,0,0,0,0,0,0,0,0,0,0,0,0,0,0,0,0,0,0,0,0,0,0,0,588,2026-02-07 01:57:53.185436
FSR,36.79,36.78,36.8,50000000.0,50000000.0,0,0,0,0,0,0,0,0,0,0,0,0,0,0,0,0,0,0,0,0,0,0,0,0,0,0,588,2026-02-07 01:57:53.185436
ATB,56.79,56.78,56.8,50000000.0,50000000.0,0,0,0,0,0,0,0,0,0,0,0,0,0,0,0,0,0,0,0,0,0,0,0,0,0,0,588,2026-02-07 01:57:53.185436
SPK,58.62,58.61,58.63,50000000.0,50000000.0,0,0,0,0,0,0,0,0,0,0,0,0,0,0,0,0,0,0,0,0,0,0,0,0,0,0,588,2026-02-07 01:57:53.185436
EEC,55.52,55.51,55.53,50000000.0,50000000.0,0,0,0,0,0,0,0,0,0,0,0,0,0,0,0,0,0,0,0,0,0,0,0,0,0,0,588,2026-02-07 01:57:53.185436
TGX,47.22,47.21,47.23,50000000.0,50000000.0,0,0,0,0,0,0,0,0,0,0,0,0,0,0,0,0,0,0,0,0,0,0,0,0,0,0,589,2026-02-07 01:57:53.814966
PHR,56.0,55.99,56.01,50000000.0,50000000.0,0,0,0,0,0,0,0,0,0,0,0,0,0,0,0,0,0,0,0,0,0,0,0,0,0,0,589,2026-02-07 01:57:53.814966
BYL,50.52,50.51,50.53,50000000.0,50000000.0,0,0,0,0,0,0,0,0,0,0,0,0,0,0,0,0,0,0,0,0,0,0,0,0,0,0,589,2026-02-07 01:57:53.814966
CLD,90.22,90.21,90.23,50000000.0,50000000.0,0,0,0,0,0,0,0,0,0,0,0,0,0,0,0,0,0,0,0,0,0,0,0,0,0,0,589,2026-02-07 01:57:53.814966
GGD,41.81,41.8,41.82,50000000.0,50000000.0,0,0,0,0,0,0,0,0,0,0,0,0,0,0,0,0,0,0,0,0,0,0,0,0,0,0,589,2026-02-07 01:57:53.814966
PNR,61.03,61.02,61.04,50000000.0,50000000.0,0,0,0,0,0,0,0,0,0,0,0,0,0,0,0,0,0,0,0,0,0,0,0,0,0,0,589,2026-02-07 01:57:53.814966
FSR,36.69,36.68,36.7,50000000.0,50000000.0,0,0,0,0,0,0,0,0,0,0,0,0,0,0,0,0,0,0,0,0,0,0,0,0,0,0,589,2026-02-07 01:57:53.814966
ATB,56.55,56.54,56.56,50000000.0,50000000.0,0,0,0,0,0,0,0,0,0,0,0,0,0,0,0,0,0,0,0,0,0,0,0,0,0,0,589,2026-02-07 01:57:53.814966
SPK,58.69,58.68,58.7,50000000.0,50000000.0,0,0,0,0,0,0,0,0,0,0,0,0,0,0,0,0,0,0,0,0,0,0,0,0,0,0,589,2026-02-07 01:57:53.814966
EEC,55.61,55.6,55.62,50000000.0,50000000.0,0,0,0,0,0,0,0,0,0,0,0,0,0,0,0,0,0,0,0,0,0,0,0,0,0,0,589,2026-02-07 01:57:53.814966
TGX,47.21,47.2,47.22,50000000.0,50000000.0,0,0,0,0,0,0,0,0,0,0,0,0,0,0,0,0,0,0,0,0,0,0,0,0,0,0,590,2026-02-07 01:57:54.875528
PHR,56.03,56.02,56.04,50000000.0,50000000.0,0,0,0,0,0,0,0,0,0,0,0,0,0,0,0,0,0,0,0,0,0,0,0,0,0,0,590,2026-02-07 01:57:54.875528
BYL,50.67,50.66,50.68,50000000.0,50000000.0,0,0,0,0,0,0,0,0,0,0,0,0,0,0,0,0,0,0,0,0,0,0,0,0,0,0,590,2026-02-07 01:57:54.875528
CLD,90.48,90.47,90.49,50000000.0,50000000.0,0,0,0,0,0,0,0,0,0,0,0,0,0,0,0,0,0,0,0,0,0,0,0,0,0,0,590,2026-02-07 01:57:54.875528
GGD,41.8,41.79,41.81,50000000.0,50000000.0,0,0,0,0,0,0,0,0,0,0,0,0,0,0,0,0,0,0,0,0,0,0,0,0,0,0,590,2026-02-07 01:57:54.875528
PNR,60.75,60.74,60.76,50000000.0,50000000.0,0,0,0,0,0,0,0,0,0,0,0,0,0,0,0,0,0,0,0,0,0,0,0,0,0,0,590,2026-02-07 01:57:54.875528
FSR,36.75,36.74,36.76,50000000.0,50000000.0,0,0,0,0,0,0,0,0,0,0,0,0,0,0,0,0,0,0,0,0,0,0,0,0,0,0,590,2026-02-07 01:57:54.875528
ATB,56.59,56.58,56.6,50000000.0,50000000.0,0,0,0,0,0,0,0,0,0,0,0,0,0,0,0,0,0,0,0,0,0,0,0,0,0,0,590,2026-02-07 01:57:54.875528
SPK,58.51,58.5,58.52,50000000.0,50000000.0,0,0,0,0,0,0,0,0,0,0,0,0,0,0,0,0,0,0,0,0,0,0,0,0,0,0,590,2026-02-07 01:57:54.875528
EEC,55.39,55.38,55.4,50000000.0,50000000.0,0,0,0,0,0,0,0,0,0,0,0,0,0,0,0,0,0,0,0,0,0,0,0,0,0,0,590,2026-02-07 01:57:54.875528
TGX,47.26,47.25,47.27,50000000.0,50000000.0,0,0,0,0,0,0,0,0,0,0,0,0,0,0,0,0,0,0,0,0,0,0,0,0,0,0,591,2026-02-07 01:57:55.937539
PHR,55.79,55.78,55.8,50000000.0,50000000.0,0,0,0,0,0,0,0,0,0,0,0,0,0,0,0,0,0,0,0,0,0,0,0,0,0,0,591,2026-02-07 01:57:55.937539
BYL,50.26,50.25,50.27,50000000.0,50000000.0,0,0,0,0,0,0,0,0,0,0,0,0,0,0,0,0,0,0,0,0,0,0,0,0,0,0,591,2026-02-07 01:57:55.937539
CLD,89.64,89.63,89.65,50000000.0,50000000.0,0,0,0,0,0,0,0,0,0,0,0,0,0,0,0,0,0,0,0,0,0,0,0,0,0,0,591,2026-02-07 01:57:55.937539
GGD,41.94,41.93,41.95,50000000.0,50000000.0,0,0,0,0,0,0,0,0,0,0,0,0,0,0,0,0,0,0,0,0,0,0,0,0,0,0,591,2026-02-07 01:57:55.937539
PNR,61.08,61.07,61.09,50000000.0,50000000.0,0,0,0,0,0,0,0,0,0,0,0,0,0,0,0,0,0,0,0,0,0,0,0,0,0,0,591,2026-02-07 01:57:55.937539
FSR,36.72,36.71,36.73,50000000.0,50000000.0,0,0,0,0,0,0,0,0,0,0,0,0,0,0,0,0,0,0,0,0,0,0,0,0,0,0,591,2026-02-07 01:57:55.937539
ATB,56.44,56.43,56.45,50000000.0,50000000.0,0,0,0,0,0,0,0,0,0,0,0,0,0,0,0,0,0,0,0,0,0,0,0,0,0,0,591,2026-02-07 01:57:55.937539
SPK,58.97,58.96,58.98,50000000.0,50000000.0,0,0,0,0,0,0,0,0,0,0,0,0,0,0,0,0,0,0,0,0,0,0,0,0,0,0,591,2026-02-07 01:57:55.937539
EEC,55.46,55.45,55.47,50000000.0,50000000.0,0,0,0,0,0,0,0,0,0,0,0,0,0,0,0,0,0,0,0,0,0,0,0,0,0,0,591,2026-02-07 01:57:55.937539
TGX,46.7,46.69,46.71,50000000.0,50000000.0,0,0,0,0,0,0,0,0,0,0,0,0,0,0,0,0,0,0,0,0,0,0,0,0,0,0,592,2026-02-07 01:57:56.981814
PHR,56.09,56.08,56.1,50000000.0,50000000.0,0,0,0,0,0,0,0,0,0,0,0,0,0,0,0,0,0,0,0,0,0,0,0,0,0,0,592,2026-02-07 01:57:56.981814
BYL,50.18,50.17,50.19,50000000.0,50000000.0,0,0,0,0,0,0,0,0,0,0,0,0,0,0,0,0,0,0,0,0,0,0,0,0,0,0,592,2026-02-07 01:57:56.981814
CLD,89.54,89.53,89.55,50000000.0,50000000.0,0,0,0,0,0,0,0,0,0,0,0,0,0,0,0,0,0,0,0,0,0,0,0,0,0,0,592,2026-02-07 01:57:56.981814
GGD,41.87,41.86,41.88,50000000.0,50000000.0,0,0,0,0,0,0,0,0,0,0,0,0,0,0,0,0,0,0,0,0,0,0,0,0,0,0,592,2026-02-07 01:57:56.981814
PNR,61.17,61.16,61.18,50000000.0,50000000.0,0,0,0,0,0,0,0,0,0,0,0,0,0,0,0,0,0,0,0,0,0,0,0,0,0,0,592,2026-02-07 01:57:56.981814
FSR,36.78,36.77,36.79,50000000.0,50000000.0,0,0,0,0,0,0,0,0,0,0,0,0,0,0,0,0,0,0,0,0,0,0,0,0,0,0,592,2026-02-07 01:57:56.981814
ATB,56.53,56.52,56.54,50000000.0,50000000.0,0,0,0,0,0,0,0,0,0,0,0,0,0,0,0,0,0,0,0,0,0,0,0,0,0,0,592,2026-02-07 01:57:56.981814
SPK,59.34,59.33,59.35,50000000.0,50000000.0,0,0,0,0,0,0,0,0,0,0,0,0,0,0,0,0,0,0,0,0,0,0,0,0,0,0,592,2026-02-07 01:57:56.981814
EEC,55.43,55.42,55.44,50000000.0,50000000.0,0,0,0,0,0,0,0,0,0,0,0,0,0,0,0,0,0,0,0,0,0,0,0,0,0,0,592,2026-02-07 01:57:56.981814
TGX,46.69,46.68,46.7,50000000.0,50000000.0,0,0,0,0,0,0,0,0,0,0,0,0,0,0,0,0,0,0,0,0,0,0,0,0,0,0,593,2026-02-07 01:57:58.043530
PHR,56.3,56.29,56.31,50000000.0,50000000.0,0,0,0,0,0,0,0,0,0,0,0,0,0,0,0,0,0,0,0,0,0,0,0,0,0,0,593,2026-02-07 01:57:58.043530
BYL,50.36,50.35,50.37,50000000.0,50000000.0,0,0,0,0,0,0,0,0,0,0,0,0,0,0,0,0,0,0,0,0,0,0,0,0,0,0,593,2026-02-07 01:57:58.043530
CLD,89.78,89.77,89.79,50000000.0,50000000.0,0,0,0,0,0,0,0,0,0,0,0,0,0,0,0,0,0,0,0,0,0,0,0,0,0,0,593,2026-02-07 01:57:58.043530
GGD,41.9,41.89,41.91,50000000.0,50000000.0,0,0,0,0,0,0,0,0,0,0,0,0,0,0,0,0,0,0,0,0,0,0,0,0,0,0,593,2026-02-07 01:57:58.043530
PNR,61.27,61.26,61.28,50000000.0,50000000.0,0,0,0,0,0,0,0,0,0,0,0,0,0,0,0,0,0,0,0,0,0,0,0,0,0,0,593,2026-02-07 01:57:58.043530
FSR,36.71,36.7,36.72,50000000.0,50000000.0,0,0,0,0,0,0,0,0,0,0,0,0,0,0,0,0,0,0,0,0,0,0,0,0,0,0,593,2026-02-07 01:57:58.043530
ATB,56.47,56.46,56.48,50000000.0,50000000.0,0,0,0,0,0,0,0,0,0,0,0,0,0,0,0,0,0,0,0,0,0,0,0,0,0,0,593,2026-02-07 01:57:58.043530
SPK,59.15,59.14,59.16,50000000.0,50000000.0,0,0,0,0,0,0,0,0,0,0,0,0,0,0,0,0,0,0,0,0,0,0,0,0,0,0,593,2026-02-07 01:57:58.043530
EEC,55.15,55.14,55.16,50000000.0,50000000.0,0,0,0,0,0,0,0,0,0,0,0,0,0,0,0,0,0,0,0,0,0,0,0,0,0,0,593,2026-02-07 01:57:58.043530
TGX,46.7,46.69,46.71,50000000.0,50000000.0,0,0,0,0,0,0,0,0,0,0,0,0,0,0,0,0,0,0,0,0,0,0,0,0,0,0,594,2026-02-07 01:57:59.094360
PHR,56.42,56.41,56.43,50000000.0,50000000.0,0,0,0,0,0,0,0,0,0,0,0,0,0,0,0,0,0,0,0,0,0,0,0,0,0,0,594,2026-02-07 01:57:59.094360
BYL,50.3,50.29,50.31,50000000.0,50000000.0,0,0,0,0,0,0,0,0,0,0,0,0,0,0,0,0,0,0,0,0,0,0,0,0,0,0,594,2026-02-07 01:57:59.094360
CLD,89.7,89.69,89.71,50000000.0,50000000.0,0,0,0,0,0,0,0,0,0,0,0,0,0,0,0,0,0,0,0,0,0,0,0,0,0,0,594,2026-02-07 01:57:59.094360
GGD,41.82,41.81,41.83,50000000.0,50000000.0,0,0,0,0,0,0,0,0,0,0,0,0,0,0,0,0,0,0,0,0,0,0,0,0,0,0,594,2026-02-07 01:57:59.094360
PNR,61.33,61.32,61.34,50000000.0,50000000.0,0,0,0,0,0,0,0,0,0,0,0,0,0,0,0,0,0,0,0,0,0,0,0,0,0,0,594,2026-02-07 01:57:59.094360
FSR,36.72,36.71,36.73,50000000.0,50000000.0,0,0,0,0,0,0,0,0,0,0,0,0,0,0,0,0,0,0,0,0,0,0,0,0,0,0,594,2026-02-07 01:57:59.094360
ATB,56.57,56.56,56.58,50000000.0,50000000.0,0,0,0,0,0,0,0,0,0,0,0,0,0,0,0,0,0,0,0,0,0,0,0,0,0,0,594,2026-02-07 01:57:59.094360
SPK,59.54,59.53,59.55,50000000.0,50000000.0,0,0,0,0,0,0,0,0,0,0,0,0,0,0,0,0,0,0,0,0,0,0,0,0,0,0,594,2026-02-07 01:57:59.094360
EEC,55.61,55.6,55.62,50000000.0,50000000.0,0,0,0,0,0,0,0,0,0,0,0,0,0,0,0,0,0,0,0,0,0,0,0,0,0,0,594,2026-02-07 01:57:59.094360
TGX,46.71,46.7,46.72,50000000.0,50000000.0,0,0,0,0,0,0,0,0,0,0,0,0,0,0,0,0,0,0,0,0,0,0,0,0,0,0,595,2026-02-07 01:58:00.149527
PHR,56.61,56.6,56.62,50000000.0,50000000.0,0,0,0,0,0,0,0,0,0,0,0,0,0,0,0,0,0,0,0,0,0,0,0,0,0,0,595,2026-02-07 01:58:00.149527
BYL,50.4,50.39,50.41,50000000.0,50000000.0,0,0,0,0,0,0,0,0,0,0,0,0,0,0,0,0,0,0,0,0,0,0,0,0,0,0,595,2026-02-07 01:58:00.149527
CLD,90.04,90.03,90.05,50000000.0,50000000.0,0,0,0,0,0,0,0,0,0,0,0,0,0,0,0,0,0,0,0,0,0,0,0,0,0,0,595,2026-02-07 01:58:00.149527
GGD,41.9,41.89,41.91,50000000.0,50000000.0,0,0,0,0,0,0,0,0,0,0,0,0,0,0,0,0,0,0,0,0,0,0,0,0,0,0,595,2026-02-07 01:58:00.149527
PNR,61.4,61.39,61.41,50000000.0,50000000.0,0,0,0,0,0,0,0,0,0,0,0,0,0,0,0,0,0,0,0,0,0,0,0,0,0,0,595,2026-02-07 01:58:00.149527
FSR,36.72,36.71,36.73,50000000.0,50000000.0,0,0,0,0,0,0,0,0,0,0,0,0,0,0,0,0,0,0,0,0,0,0,0,0,0,0,595,2026-02-07 01:58:00.149527
ATB,56.53,56.52,56.54,50000000.0,50000000.0,0,0,0,0,0,0,0,0,0,0,0,0,0,0,0,0,0,0,0,0,0,0,0,0,0,0,595,2026-02-07 01:58:00.149527
SPK,59.32,59.31,59.33,50000000.0,50000000.0,0,0,0,0,0,0,0,0,0,0,0,0,0,0,0,0,0,0,0,0,0,0,0,0,0,0,595,2026-02-07 01:58:00.149527
EEC,55.35,55.34,55.36,50000000.0,50000000.0,0,0,0,0,0,0,0,0,0,0,0,0,0,0,0,0,0,0,0,0,0,0,0,0,0,0,595,2026-02-07 01:58:00.149527
TGX,46.69,46.68,46.7,50000000.0,50000000.0,0,0,0,0,0,0,0,0,0,0,0,0,0,0,0,0,0,0,0,0,0,0,0,0,0,0,596,2026-02-07 01:58:01.196804
PHR,56.01,56.0,56.02,50000000.0,50000000.0,0,0,0,0,0,0,0,0,0,0,0,0,0,0,0,0,0,0,0,0,0,0,0,0,0,0,596,2026-02-07 01:58:01.196804
BYL,50.24,50.23,50.25,50000000.0,50000000.0,0,0,0,0,0,0,0,0,0,0,0,0,0,0,0,0,0,0,0,0,0,0,0,0,0,0,596,2026-02-07 01:58:01.196804
CLD,89.64,89.63,89.65,50000000.0,50000000.0,0,0,0,0,0,0,0,0,0,0,0,0,0,0,0,0,0,0,0,0,0,0,0,0,0,0,596,2026-02-07 01:58:01.196804
GGD,41.91,41.9,41.92,50000000.0,50000000.0,0,0,0,0,0,0,0,0,0,0,0,0,0,0,0,0,0,0,0,0,0,0,0,0,0,0,596,2026-02-07 01:58:01.196804
PNR,61.33,61.32,61.34,50000000.0,50000000.0,0,0,0,0,0,0,0,0,0,0,0,0,0,0,0,0,0,0,0,0,0,0,0,0,0,0,596,2026-02-07 01:58:01.196804
FSR,36.72,36.71,36.73,50000000.0,50000000.0,0,0,0,0,0,0,0,0,0,0,0,0,0,0,0,0,0,0,0,0,0,0,0,0,0,0,596,2026-02-07 01:58:01.196804
ATB,56.37,56.36,56.38,50000000.0,50000000.0,0,0,0,0,0,0,0,0,0,0,0,0,0,0,0,0,0,0,0,0,0,0,0,0,0,0,596,2026-02-07 01:58:01.196804
SPK,59.29,59.28,59.3,50000000.0,50000000.0,0,0,0,0,0,0,0,0,0,0,0,0,0,0,0,0,0,0,0,0,0,0,0,0,0,0,596,2026-02-07 01:58:01.196804
EEC,55.34,55.33,55.35,50000000.0,50000000.0,0,0,0,0,0,0,0,0,0,0,0,0,0,0,0,0,0,0,0,0,0,0,0,0,0,0,596,2026-02-07 01:58:01.196804
TGX,46.77,46.76,46.78,50000000.0,50000000.0,0,0,0,0,0,0,0,0,0,0,0,0,0,0,0,0,0,0,0,0,0,0,0,0,0,0,597,2026-02-07 01:58:02.305513
PHR,55.88,55.87,55.89,50000000.0,50000000.0,0,0,0,0,0,0,0,0,0,0,0,0,0,0,0,0,0,0,0,0,0,0,0,0,0,0,597,2026-02-07 01:58:02.305513
BYL,50.26,50.25,50.27,50000000.0,50000000.0,0,0,0,0,0,0,0,0,0,0,0,0,0,0,0,0,0,0,0,0,0,0,0,0,0,0,597,2026-02-07 01:58:02.305513
CLD,89.44,89.43,89.45,50000000.0,50000000.0,0,0,0,0,0,0,0,0,0,0,0,0,0,0,0,0,0,0,0,0,0,0,0,0,0,0,597,2026-02-07 01:58:02.305513
GGD,41.98,41.97,41.99,50000000.0,50000000.0,0,0,0,0,0,0,0,0,0,0,0,0,0,0,0,0,0,0,0,0,0,0,0,0,0,0,597,2026-02-07 01:58:02.305513
PNR,61.56,61.55,61.57,50000000.0,50000000.0,0,0,0,0,0,0,0,0,0,0,0,0,0,0,0,0,0,0,0,0,0,0,0,0,0,0,597,2026-02-07 01:58:02.305513
FSR,36.7,36.69,36.71,50000000.0,50000000.0,0,0,0,0,0,0,0,0,0,0,0,0,0,0,0,0,0,0,0,0,0,0,0,0,0,0,597,2026-02-07 01:58:02.305513
ATB,56.38,56.37,56.39,50000000.0,50000000.0,0,0,0,0,0,0,0,0,0,0,0,0,0,0,0,0,0,0,0,0,0,0,0,0,0,0,597,2026-02-07 01:58:02.305513
SPK,59.28,59.27,59.29,50000000.0,50000000.0,0,0,0,0,0,0,0,0,0,0,0,0,0,0,0,0,0,0,0,0,0,0,0,0,0,0,597,2026-02-07 01:58:02.305513
EEC,55.26,55.25,55.27,50000000.0,50000000.0,0,0,0,0,0,0,0,0,0,0,0,0,0,0,0,0,0,0,0,0,0,0,0,0,0,0,597,2026-02-07 01:58:02.305513
TGX,46.71,46.7,46.72,50000000.0,50000000.0,0,0,0,0,0,0,0,0,0,0,0,0,0,0,0,0,0,0,0,0,0,0,0,0,0,0,598,2026-02-07 01:58:02.883872
PHR,55.46,55.45,55.47,50000000.0,50000000.0,0,0,0,0,0,0,0,0,0,0,0,0,0,0,0,0,0,0,0,0,0,0,0,0,0,0,598,2026-02-07 01:58:02.883872
BYL,50.3,50.29,50.31,50000000.0,50000000.0,0,0,0,0,0,0,0,0,0,0,0,0,0,0,0,0,0,0,0,0,0,0,0,0,0,0,598,2026-02-07 01:58:02.883872
CLD,89.68,89.67,89.69,50000000.0,50000000.0,0,0,0,0,0,0,0,0,0,0,0,0,0,0,0,0,0,0,0,0,0,0,0,0,0,0,598,2026-02-07 01:58:02.883872
GGD,41.93,41.92,41.94,50000000.0,50000000.0,0,0,0,0,0,0,0,0,0,0,0,0,0,0,0,0,0,0,0,0,0,0,0,0,0,0,598,2026-02-07 01:58:02.883872
PNR,61.79,61.78,61.8,50000000.0,50000000.0,0,0,0,0,0,0,0,0,0,0,0,0,0,0,0,0,0,0,0,0,0,0,0,0,0,0,598,2026-02-07 01:58:02.883872
FSR,36.7,36.69,36.71,50000000.0,50000000.0,0,0,0,0,0,0,0,0,0,0,0,0,0,0,0,0,0,0,0,0,0,0,0,0,0,0,598,2026-02-07 01:58:02.883872
ATB,56.51,56.5,56.52,50000000.0,50000000.0,0,0,0,0,0,0,0,0,0,0,0,0,0,0,0,0,0,0,0,0,0,0,0,0,0,0,598,2026-02-07 01:58:02.883872
SPK,59.25,59.24,59.26,50000000.0,50000000.0,0,0,0,0,0,0,0,0,0,0,0,0,0,0,0,0,0,0,0,0,0,0,0,0,0,0,598,2026-02-07 01:58:02.883872
EEC,55.24,55.23,55.25,50000000.0,50000000.0,0,0,0,0,0,0,0,0,0,0,0,0,0,0,0,0,0,0,0,0,0,0,0,0,0,0,598,2026-02-07 01:58:02.883872
TGX,46.71,46.7,46.72,50000000.0,50000000.0,0,0,0,0,0,0,0,0,0,0,0,0,0,0,0,0,0,0,0,0,0,0,0,0,0,0,599,2026-02-07 01:58:03.941140
PHR,55.57,55.56,55.58,50000000.0,50000000.0,0,0,0,0,0,0,0,0,0,0,0,0,0,0,0,0,0,0,0,0,0,0,0,0,0,0,599,2026-02-07 01:58:03.941140
BYL,50.39,50.38,50.4,50000000.0,50000000.0,0,0,0,0,0,0,0,0,0,0,0,0,0,0,0,0,0,0,0,0,0,0,0,0,0,0,599,2026-02-07 01:58:03.941140
CLD,89.95,89.94,89.96,50000000.0,50000000.0,0,0,0,0,0,0,0,0,0,0,0,0,0,0,0,0,0,0,0,0,0,0,0,0,0,0,599,2026-02-07 01:58:03.941140
GGD,42.0,41.99,42.01,50000000.0,50000000.0,0,0,0,0,0,0,0,0,0,0,0,0,0,0,0,0,0,0,0,0,0,0,0,0,0,0,599,2026-02-07 01:58:03.941140
PNR,61.74,61.73,61.75,50000000.0,50000000.0,0,0,0,0,0,0,0,0,0,0,0,0,0,0,0,0,0,0,0,0,0,0,0,0,0,0,599,2026-02-07 01:58:03.941140
FSR,36.71,36.7,36.72,50000000.0,50000000.0,0,0,0,0,0,0,0,0,0,0,0,0,0,0,0,0,0,0,0,0,0,0,0,0,0,0,599,2026-02-07 01:58:03.941140
ATB,56.49,56.48,56.5,50000000.0,50000000.0,0,0,0,0,0,0,0,0,0,0,0,0,0,0,0,0,0,0,0,0,0,0,0,0,0,0,599,2026-02-07 01:58:03.941140
SPK,59.29,59.28,59.3,50000000.0,50000000.0,0,0,0,0,0,0,0,0,0,0,0,0,0,0,0,0,0,0,0,0,0,0,0,0,0,0,599,2026-02-07 01:58:03.941140
EEC,55.33,55.32,55.34,50000000.0,50000000.0,0,0,0,0,0,0,0,0,0,0,0,0,0,0,0,0,0,0,0,0,0,0,0,0,0,0,599,2026-02-07 01:58:03.941140
